30.015714645385746,0.6,0.005945019,0.42222222200000004,0.4,0.006990741,0
130.30999755859378,0.6,0.005945019,0.42222222200000004,0.4,0.018429452,0
298.6128234863281,0.6,0.005945019,0.42222222200000004,0.2,0.013546925,0
23.81017303466797,0.6,0.005945019,0.42222222200000004,0.6,0.004878907,0
129.47999572753906,0.6,0.005945019,0.42222222200000004,0.2,0.008508470405965548,0
24.690000534057607,0.6,0.005945019,0.42222222200000004,0.4,0.0063385559999999995,1
20.950000762939453,0.6,0.005945019,0.42222222200000004,0.4,0.006074868000000001,1
13.68000030517578,0.6,0.005945019,0.42222222200000004,0.8,0.017910855,0
30.270000457763672,0.6,0.005945019,0.42222222200000004,0.4,0.007295268000000001,0
29.674285888671875,0.4,0.008803819000000001,0.355555556,0.2,0.008919968,0
127.3499984741211,0.4,0.008803819000000001,0.355555556,0.2,0.021792466,0
293.3321533203125,0.4,0.008803819000000001,0.355555556,0.2,0.016202984,0
23.60127067565918,0.4,0.008803819000000001,0.355555556,0.4,0.005794748000000001,0
130.50999450683594,0.4,0.008803819000000001,0.355555556,0.4,0.007683455603554672,1
24.559999465942386,0.4,0.008803819000000001,0.355555556,0.4,0.0071501690000000005,0
20.61000061035156,0.4,0.008803819000000001,0.355555556,0.4,0.009224923000000001,0
14.149999618530273,0.4,0.008803819000000001,0.355555556,0.8,0.018320651,1
30.06999969482422,0.4,0.008803819000000001,0.355555556,0.2,0.008552104,0
30.092857360839844,0.6,0.010611991999999999,0.46666666700000003,0.4,0.008559808,1
129.11000061035156,0.6,0.010611991999999999,0.46666666700000003,0.4,0.020933366999999998,1
291.6481018066406,0.6,0.010611991999999999,0.46666666700000003,0.2,0.012309457,0
23.714805603027344,0.6,0.010611991999999999,0.46666666700000003,0.6,0.004896218,1
130.22999572753906,0.6,0.010611991999999999,0.46666666700000003,0.4,0.006813332821873469,0
24.79999923706055,0.6,0.010611991999999999,0.46666666700000003,0.6,0.006203673000000001,1
20.959999084472656,0.6,0.010611991999999999,0.46666666700000003,0.6,0.011950483000000001,1
14.149999618530273,0.6,0.010611991999999999,0.46666666700000003,0.6,0.01146521,0
30.35000038146973,0.6,0.010611991999999999,0.46666666700000003,0.4,0.009187049000000001,1
29.91857147216797,0.8,0.009242817,0.577777778,0.4,0.009348412,0
127.3499984741211,0.8,0.009242817,0.577777778,0.4,0.020257081,0
293.0191955566406,0.8,0.009242817,0.577777778,0.4,0.008593797,1
23.84650230407715,0.8,0.009242817,0.577777778,0.6,0.00593023,1
132.30999755859378,0.8,0.009242817,0.577777778,0.6,0.009315381201823278,1
25.34000015258789,0.8,0.009242817,0.577777778,0.8,0.009904391,1
21.479999542236328,0.8,0.009242817,0.577777778,0.8,0.014989253999999999,1
15.079999923706055,0.8,0.009242817,0.577777778,0.6,0.024177819,1
30.959999084472656,0.8,0.009242817,0.577777778,0.6,0.011126863999999998,1
29.41857147216797,0.6,0.008033814,0.4,0.2,0.011361152,0
127.13999938964844,0.6,0.008033814,0.4,0.2,0.015171488,0
288.1260070800781,0.6,0.008033814,0.4,0.2,0.009267416,0
23.828338623046875,0.6,0.008033814,0.4,0.4,0.004588324,0
131.77999877929688,0.6,0.008033814,0.4,0.4,0.008109576399855479,0
25.239999771118164,0.6,0.008033814,0.4,0.6,0.008232616,0
20.799999237060547,0.6,0.008033814,0.4,0.6,0.019087721999999998,0
15.199999809265135,0.6,0.008033814,0.4,0.6,0.025337988999999998,1
30.86000061035156,0.6,0.008033814,0.4,0.4,0.010393544000000001,0
30.71999931335449,0.4,0.007837113,0.533333333,0.4,0.018444494,1
127.61000061035156,0.4,0.007837113,0.533333333,0.4,0.011102553999999999,1
291.9114074707031,0.4,0.007837113,0.533333333,0.4,0.011592703000000001,1
23.955495834350586,0.4,0.007837113,0.533333333,0.6,0.005047127,1
134.13999938964844,0.4,0.007837113,0.533333333,0.6,0.009597287954408515,1
25.32999992370605,0.4,0.007837113,0.533333333,0.6,0.008864732,1
21.049999237060547,0.4,0.007837113,0.533333333,0.6,0.020339376,1
14.75,0.4,0.007837113,0.533333333,0.6,0.027528776,0
31.10000038146973,0.4,0.007837113,0.533333333,0.6,0.009404926999999999,1
30.24714279174805,0.4,0.006372506,0.5111111110000001,0.4,0.019247987,0
125.77999877929688,0.4,0.006372506,0.5111111110000001,0.4,0.00942766,0
288.3296813964844,0.4,0.006372506,0.5111111110000001,0.4,0.010509883999999999,0
23.710264205932607,0.4,0.006372506,0.5111111110000001,0.6,0.005339788000000001,0
130.25,0.4,0.006372506,0.5111111110000001,0.4,0.013806220143229329,0
25.059999465942386,0.4,0.006372506,0.5111111110000001,0.6,0.009943529,0
21.07999992370605,0.4,0.006372506,0.5111111110000001,0.8,0.017378594,1
14.350000381469727,0.4,0.006372506,0.5111111110000001,0.4,0.026081165,0
30.59000015258789,0.4,0.006372506,0.5111111110000001,0.6,0.011363226,0
29.724285125732425,0.2,0.014099555,0.42222222200000004,0.2,0.019884118,0
126.62000274658205,0.2,0.014099555,0.42222222200000004,0.4,0.007999292,1
289.60638427734375,0.2,0.014099555,0.42222222200000004,0.6,0.010247248,1
23.292461395263672,0.2,0.014099555,0.42222222200000004,0.4,0.007901916,0
129.0,0.2,0.014099555,0.42222222200000004,0.4,0.01529652189857909,0
24.82999992370605,0.2,0.014099555,0.42222222200000004,0.4,0.009824724,0
20.84000015258789,0.2,0.014099555,0.42222222200000004,0.6,0.016259237,0
13.59000015258789,0.2,0.014099555,0.42222222200000004,0.4,0.036673502999999996,0
30.01000022888184,0.2,0.014099555,0.42222222200000004,0.4,0.013292988,0
28.25,0.0,0.019449375,0.288888889,0.2,0.028645532,0
121.43000030517578,0.0,0.019449375,0.288888889,0.4,0.013470692,0
273.2279052734375,0.0,0.019449375,0.288888889,0.4,0.020617864,0
22.38419532775879,0.0,0.019449375,0.288888889,0.2,0.014590043,0
125.5,0.0,0.019449375,0.288888889,0.2,0.017528527110480856,0
24.149999618530273,0.0,0.019449375,0.288888889,0.2,0.010947126000000001,0
19.90999984741211,0.0,0.019449375,0.288888889,0.4,0.020222547,0
14.050000190734865,0.0,0.019449375,0.288888889,0.4,0.030298306,1
28.959999084472656,0.0,0.019449375,0.288888889,0.2,0.016270903,0
29.01000022888184,0.2,0.018669538,0.4,0.4,0.030683659,1
120.30999755859376,0.2,0.018669538,0.4,0.4,0.014985581999999999,0
268.2552490234375,0.2,0.018669538,0.4,0.4,0.020917956,0
22.73387908935547,0.2,0.018669538,0.4,0.4,0.017562086,1
126.12000274658205,0.2,0.018669538,0.4,0.4,0.01771543230953097,1
24.03000068664551,0.2,0.018669538,0.4,0.2,0.011151636999999999,0
20.31999969482422,0.2,0.018669538,0.4,0.6,0.018009605,1
14.149999618530273,0.2,0.018669538,0.4,0.4,0.030130275,1
29.31999969482422,0.2,0.018669538,0.4,0.4,0.01811111,1
29.420000076293945,0.2,0.021096708,0.288888889,0.4,0.024662608,1
119.4800033569336,0.2,0.021096708,0.288888889,0.2,0.015625997,0
269.45742797851557,0.2,0.021096708,0.288888889,0.4,0.01918665,1
22.58855628967285,0.2,0.021096708,0.288888889,0.2,0.017773278,0
125.75,0.2,0.021096708,0.288888889,0.2,0.014720451356452184,0
23.8799991607666,0.2,0.021096708,0.288888889,0.0,0.011686934,0
20.0,0.2,0.021096708,0.288888889,0.4,0.018755362,0
13.449999809265135,0.2,0.021096708,0.288888889,0.4,0.034103215,0
29.5,0.2,0.021096708,0.288888889,0.4,0.017783533,1
29.6971435546875,0.4,0.021872066000000003,0.37777777799999995,0.6,0.023468162999999997,1
122.75,0.4,0.021872066000000003,0.37777777799999995,0.4,0.018231594,1
269.2984619140625,0.4,0.021872066000000003,0.37777777799999995,0.4,0.016850658,0
22.456857681274414,0.4,0.021872066000000003,0.37777777799999995,0.2,0.016891949,0
126.33000183105469,0.4,0.021872066000000003,0.37777777799999995,0.4,0.00984300981981982,1
23.86000061035156,0.4,0.021872066000000003,0.37777777799999995,0.0,0.009722563,0
20.239999771118164,0.4,0.021872066000000003,0.37777777799999995,0.4,0.020870317,1
13.15999984741211,0.4,0.021872066000000003,0.37777777799999995,0.4,0.032991759,0
29.670000076293945,0.4,0.021872066000000003,0.37777777799999995,0.6,0.015656331000000002,1
28.46999931335449,0.4,0.013437255,0.355555556,0.6,0.028275317999999997,0
126.02999877929688,0.4,0.013437255,0.355555556,0.4,0.022240116,1
265.418701171875,0.4,0.013437255,0.355555556,0.2,0.018846456,0
21.7029972076416,0.4,0.013437255,0.355555556,0.2,0.020081569,0
123.75,0.4,0.013437255,0.355555556,0.4,0.012008167352111215,0
23.46999931335449,0.4,0.013437255,0.355555556,0.0,0.011156052,0
19.920000076293945,0.4,0.013437255,0.355555556,0.4,0.021755332000000002,0
13.06999969482422,0.4,0.013437255,0.355555556,0.4,0.023767205,0
29.15999984741211,0.4,0.013437255,0.355555556,0.6,0.01530206,0
27.437143325805664,0.4,0.009536425,0.355555556,0.6,0.025611334,0
125.41000366210938,0.4,0.009536425,0.355555556,0.4,0.01502624,0
263.2577514648437,0.4,0.009536425,0.355555556,0.2,0.009163934,0
21.376022338867188,0.4,0.009536425,0.355555556,0.2,0.015295946999999999,0
122.38999938964844,0.4,0.009536425,0.355555556,0.4,0.008779791547370495,0
23.059999465942386,0.4,0.009536425,0.355555556,0.0,0.009172625,0
19.399999618530273,0.4,0.009536425,0.355555556,0.4,0.018051073,0
13.699999809265135,0.4,0.009536425,0.355555556,0.4,0.02663792,1
28.18000030517578,0.4,0.009536425,0.355555556,0.6,0.015025918999999999,0
27.81857109069824,0.4,0.014207808,0.4,0.6,0.023011176,1
118.87000274658205,0.4,0.014207808,0.4,0.4,0.023611342999999996,0
264.78781127929693,0.4,0.014207808,0.4,0.4,0.006686405,1
21.721162796020508,0.4,0.014207808,0.4,0.2,0.015400796000000001,1
124.66999816894531,0.4,0.014207808,0.4,0.4,0.01151753197644812,1
23.21999931335449,0.4,0.014207808,0.4,0.2,0.009566528000000001,1
19.61000061035156,0.4,0.014207808,0.4,0.4,0.0160975,1
13.84000015258789,0.4,0.014207808,0.4,0.4,0.027258242000000002,1
28.40999984741211,0.4,0.014207808,0.4,0.6,0.014172087,1
27.979999542236328,0.6,0.013220253000000001,0.488888889,0.6,0.021345146000000002,1
118.12000274658205,0.6,0.013220253000000001,0.488888889,0.4,0.023493466,0
263.84396362304693,0.6,0.013220253000000001,0.488888889,0.2,0.0065030190000000005,0
22.066303253173828,0.6,0.013220253000000001,0.488888889,0.4,0.017300246000000002,1
125.52999877929688,0.6,0.013220253000000001,0.488888889,0.6,0.012310428104035766,1
23.76000022888184,0.6,0.013220253000000001,0.488888889,0.4,0.012969247,1
19.90999984741211,0.6,0.013220253000000001,0.488888889,0.6,0.016007551999999998,1
13.960000038146973,0.6,0.013220253000000001,0.488888889,0.6,0.019098353999999998,1
28.459999084472656,0.6,0.013220253000000001,0.488888889,0.6,0.013296236999999999,1
28.461427688598643,0.6,0.015624663,0.533333333,0.6,0.022902329,1
119.0999984741211,0.6,0.015624663,0.533333333,0.4,0.019679075,1
268.66259765625,0.6,0.015624663,0.533333333,0.4,0.010037668000000001,1
22.1298828125,0.6,0.015624663,0.533333333,0.6,0.01671044,1
125.66000366210938,0.6,0.015624663,0.533333333,0.6,0.01159508956815604,1
23.75,0.6,0.015624663,0.533333333,0.4,0.012885932,0
19.68000030517578,0.6,0.015624663,0.533333333,0.4,0.015917946999999998,0
14.449999809265135,0.6,0.015624663,0.533333333,0.8,0.02180614,1
28.6299991607666,0.6,0.015624663,0.533333333,0.6,0.013338353999999998,1
27.43571472167969,0.6,0.021770961000000002,0.5111111110000001,0.6,0.021845677,0
115.94000244140624,0.6,0.021770961000000002,0.5111111110000001,0.2,0.01964134,0
261.68795776367193,0.6,0.021770961000000002,0.5111111110000001,0.4,0.012348403,0
21.35785675048828,0.6,0.021770961000000002,0.5111111110000001,0.6,0.016973811999999998,0
123.0,0.6,0.021770961000000002,0.5111111110000001,0.6,0.011744198291824536,0
23.11000061035156,0.6,0.021770961000000002,0.5111111110000001,0.4,0.01500632,0
19.020000457763672,0.6,0.021770961000000002,0.5111111110000001,0.4,0.01946321,0
14.149999618530273,0.6,0.021770961000000002,0.5111111110000001,0.8,0.024590609,0
27.84000015258789,0.6,0.021770961000000002,0.5111111110000001,0.6,0.015419216000000001,0
27.9228572845459,0.8,0.023822746000000002,0.666666667,0.8,0.018141083,1
117.38999938964844,0.8,0.023822746000000002,0.666666667,0.4,0.021158742999999997,1
263.92840576171875,0.8,0.023822746000000002,0.666666667,0.6,0.012432376,1
21.48955535888672,0.8,0.023822746000000002,0.666666667,0.8,0.015193891999999999,1
123.5199966430664,0.8,0.023822746000000002,0.666666667,0.8,0.010391740504273916,1
23.54999923706055,0.8,0.023822746000000002,0.666666667,0.6,0.015320363,1
19.46999931335449,0.8,0.023822746000000002,0.666666667,0.6,0.018974171,1
13.020000457763672,0.8,0.023822746000000002,0.666666667,0.6,0.030921929,0
28.020000457763672,0.8,0.023822746000000002,0.666666667,0.8,0.009990789,1
27.731428146362305,0.6,0.027021032,0.5555555560000001,0.6,0.016731837,0
116.83000183105469,0.6,0.027021032,0.5555555560000001,0.4,0.011683032,0
265.0113525390625,0.6,0.027021032,0.5555555560000001,0.6,0.012090608000000001,1
21.612171173095703,0.6,0.027021032,0.5555555560000001,0.8,0.013105828,1
121.87999725341795,0.6,0.027021032,0.5555555560000001,0.6,0.009321387387819966,0
23.1200008392334,0.6,0.027021032,0.5555555560000001,0.4,0.017584471,0
19.350000381469727,0.6,0.027021032,0.5555555560000001,0.4,0.018041867,0
13.390000343322756,0.6,0.027021032,0.5555555560000001,0.6,0.03456169,1
27.71999931335449,0.6,0.027021032,0.5555555560000001,0.6,0.010499763999999998,0
28.027143478393555,0.6,0.026945859,0.577777778,0.6,0.017703965,1
118.02999877929688,0.6,0.026945859,0.577777778,0.6,0.012475411,1
266.4867553710937,0.6,0.026945859,0.577777778,0.8,0.012491163000000001,1
21.852861404418945,0.6,0.026945859,0.577777778,0.8,0.012155268,1
123.20999908447266,0.6,0.026945859,0.577777778,0.6,0.010124221751867654,1
23.51000022888184,0.6,0.026945859,0.577777778,0.4,0.016306997,1
19.649999618530273,0.6,0.026945859,0.577777778,0.4,0.018082979,1
13.369999885559082,0.6,0.026945859,0.577777778,0.4,0.033126325,0
28.01000022888184,0.6,0.026945859,0.577777778,0.6,0.01224014,1
27.874286651611328,0.4,0.022987815,0.444444444,0.4,0.015353512,0
117.36000061035156,0.4,0.022987815,0.444444444,0.4,0.011951391,0
265.49819946289057,0.4,0.022987815,0.444444444,0.6,0.009580441,0
21.80744743347168,0.4,0.022987815,0.444444444,0.6,0.011994642,0
122.80999755859376,0.4,0.022987815,0.444444444,0.4,0.010566392595080682,0
23.11000061035156,0.4,0.022987815,0.444444444,0.4,0.019625623999999998,0
19.690000534057614,0.4,0.022987815,0.444444444,0.6,0.01617972,1
13.050000190734865,0.4,0.022987815,0.444444444,0.2,0.030893102999999998,0
27.989999771118164,0.4,0.022987815,0.444444444,0.4,0.011188288999999999,0
28.381427764892567,0.6,0.016305946,0.644444444,0.6,0.011784545,1
120.08999633789062,0.6,0.016305946,0.644444444,0.6,0.011297277,1
266.46688842773443,0.6,0.016305946,0.644444444,0.8,0.005118037,1
22.079927444458008,0.6,0.016305946,0.644444444,0.8,0.007516379,1
123.7300033569336,0.6,0.016305946,0.644444444,0.6,0.007830999343372232,1
23.35000038146973,0.6,0.016305946,0.644444444,0.6,0.016313176999999998,1
20.059999465942386,0.6,0.016305946,0.644444444,0.8,0.013230647,1
13.100000381469727,0.6,0.016305946,0.644444444,0.4,0.027507137,1
28.1200008392334,0.6,0.016305946,0.644444444,0.6,0.00659852,1
28.625713348388672,0.6,0.013055646,0.577777778,0.6,0.009954835,1
119.66000366210938,0.6,0.013055646,0.577777778,0.4,0.009512105,0
264.83749389648443,0.6,0.013055646,0.577777778,0.6,0.004628694,0
22.007266998291016,0.6,0.013055646,0.577777778,0.6,0.00694128,0
124.0,0.6,0.013055646,0.577777778,0.6,0.00742190507963048,1
23.40999984741211,0.6,0.013055646,0.577777778,0.6,0.013019227,1
20.43000030517578,0.6,0.013055646,0.577777778,0.8,0.01218774,1
13.130000114440918,0.6,0.013055646,0.577777778,0.6,0.011993428,1
27.93000030517578,0.6,0.013055646,0.577777778,0.4,0.00665677,0
29.05714225769043,0.8,0.007919988000000001,0.688888889,0.8,0.011597982,1
117.52999877929688,0.8,0.007919988000000001,0.688888889,0.4,0.01211812,0
268.90106201171875,0.8,0.007919988000000001,0.688888889,0.6,0.006876783000000001,1
22.452316284179688,0.8,0.007919988000000001,0.688888889,0.6,0.00984468,1
125.2300033569336,0.8,0.007919988000000001,0.688888889,0.8,0.006750341963369646,1
23.809999465942386,0.8,0.007919988000000001,0.688888889,0.8,0.012784776000000001,1
20.71999931335449,0.8,0.007919988000000001,0.688888889,1.0,0.013794037,1
13.350000381469727,0.8,0.007919988000000001,0.688888889,0.6,0.009660975,1
28.35000038146973,0.8,0.007919988000000001,0.688888889,0.6,0.007522953000000001,1
28.93571472167969,0.8,0.006473559,0.6,0.6,0.010301056999999999,0
116.30999755859376,0.8,0.006473559,0.6,0.2,0.012139926,0
267.36602783203125,0.8,0.006473559,0.6,0.4,0.006905029,0
22.761125564575195,0.8,0.006473559,0.6,0.6,0.010368123,1
126.33000183105469,0.8,0.006473559,0.6,0.8,0.006324629408054526,1
24.18000030517578,0.8,0.006473559,0.6,0.8,0.012519023999999998,1
20.65999984741211,0.8,0.006473559,0.6,0.8,0.011272416,0
13.350000381469727,0.8,0.006473559,0.6,0.6,0.009362238,0
28.59000015258789,0.8,0.006473559,0.6,0.6,0.007123715,1
28.989999771118164,1.0,0.005695574,0.7777777779999999,0.8,0.009585492,1
118.08000183105469,1.0,0.005695574,0.7777777779999999,0.4,0.014048221999999999,1
269.8548583984375,1.0,0.005695574,0.7777777779999999,0.6,0.008024851999999999,1
23.074478149414066,1.0,0.005695574,0.7777777779999999,0.8,0.01270589,1
127.80999755859376,1.0,0.005695574,0.7777777779999999,1.0,0.008018391919817588,1
24.520000457763672,1.0,0.005695574,0.7777777779999999,1.0,0.011928461999999999,1
20.84000015258789,1.0,0.005695574,0.7777777779999999,0.8,0.012607782,1
13.789999961853027,1.0,0.005695574,0.7777777779999999,0.8,0.01116716,1
28.96999931335449,1.0,0.005695574,0.7777777779999999,0.8,0.009639172,1
28.809999465942386,1.0,0.005247152,0.577777778,0.6,0.0071885280000000005,0
117.5199966430664,1.0,0.005247152,0.577777778,0.2,0.010344396,0
268.6328125,1.0,0.005247152,0.577777778,0.4,0.008200843000000001,0
23.06539535522461,1.0,0.005247152,0.577777778,0.6,0.010285653,0
127.19000244140624,1.0,0.005247152,0.577777778,0.8,0.007490315622785341,0
24.31999969482422,1.0,0.005247152,0.577777778,0.8,0.011482768999999999,0
20.81999969482422,1.0,0.005247152,0.577777778,0.6,0.009041483000000001,0
13.779999732971193,1.0,0.005247152,0.577777778,0.6,0.010545909,0
28.770000457763672,1.0,0.005247152,0.577777778,0.6,0.010090992,0
28.631427764892567,0.8,0.004777959,0.5555555560000001,0.4,0.006706731999999999,0
118.01000213623048,0.8,0.004777959,0.5555555560000001,0.4,0.010462189,1
269.64620971679693,0.8,0.004777959,0.5555555560000001,0.6,0.007732366,1
22.96094512939453,0.8,0.004777959,0.5555555560000001,0.6,0.010533183,0
126.8499984741211,0.8,0.004777959,0.5555555560000001,0.6,0.007588526343651464,0
24.809999465942386,0.8,0.004777959,0.5555555560000001,0.8,0.014998458000000001,1
20.8700008392334,0.8,0.004777959,0.5555555560000001,0.6,0.00583286,1
13.760000228881836,0.8,0.004777959,0.5555555560000001,0.4,0.010378166999999999,0
28.729999542236328,0.8,0.004777959,0.5555555560000001,0.6,0.00901771,0
28.15142822265625,0.6,0.0029062940000000002,0.4,0.2,0.007045411999999999,0
117.23999786376952,0.6,0.0029062940000000002,0.4,0.4,0.008207075,0
265.80618286132807,0.6,0.0029062940000000002,0.4,0.4,0.0075118369999999995,0
22.761125564575195,0.6,0.0029062940000000002,0.4,0.4,0.008229133000000001,0
126.45999908447266,0.6,0.0029062940000000002,0.4,0.4,0.006219548494160721,0
24.479999542236328,0.6,0.0029062940000000002,0.4,0.6,0.014241336,0
20.38999938964844,0.6,0.0029062940000000002,0.4,0.4,0.007593825,0
13.8100004196167,0.6,0.0029062940000000002,0.4,0.4,0.007753805,1
28.32999992370605,0.6,0.0029062940000000002,0.4,0.4,0.008794734,0
28.665714263916016,0.6,0.004426011,0.46666666700000003,0.4,0.009863339,1
119.72000122070312,0.6,0.004426011,0.46666666700000003,0.6,0.010361651,1
264.017822265625,0.6,0.004426011,0.46666666700000003,0.4,0.00771574,0
23.06539535522461,0.6,0.004426011,0.46666666700000003,0.4,0.008151924,1
127.58999633789062,0.6,0.004426011,0.46666666700000003,0.4,0.006249905463673053,1
24.770000457763672,0.6,0.004426011,0.46666666700000003,0.6,0.013502678999999998,1
20.700000762939453,0.6,0.004426011,0.46666666700000003,0.6,0.0100554,1
13.65999984741211,0.6,0.004426011,0.46666666700000003,0.4,0.009926151999999999,0
28.6299991607666,0.6,0.004426011,0.46666666700000003,0.4,0.009219505,1
28.85714340209961,0.6,0.004747884,0.333333333,0.4,0.010823725,1
118.1999969482422,0.6,0.004747884,0.333333333,0.4,0.009857319,0
261.5140991210937,0.6,0.004747884,0.333333333,0.2,0.0077506319999999995,0
23.124431610107425,0.6,0.004747884,0.333333333,0.4,0.005910426,1
127.06999969482422,0.6,0.004747884,0.333333333,0.2,0.004721948187054784,0
24.8700008392334,0.6,0.004747884,0.333333333,0.6,0.011497868,1
20.6299991607666,0.6,0.004747884,0.333333333,0.4,0.008989243000000001,0
13.300000190734865,0.6,0.004747884,0.333333333,0.2,0.008605257,0
28.60000038146973,0.6,0.004747884,0.333333333,0.2,0.0067707999999999996,0
29.231428146362305,0.4,0.0049614659999999994,0.444444444,0.6,0.012175968,1
118.4000015258789,0.4,0.0049614659999999994,0.444444444,0.6,0.009247218,1
261.69790649414057,0.4,0.0049614659999999994,0.444444444,0.4,0.006985498000000001,1
23.06539535522461,0.4,0.0049614659999999994,0.444444444,0.4,0.006342296,0
127.16000366210938,0.4,0.0049614659999999994,0.444444444,0.4,0.003893426134225106,1
24.649999618530273,0.4,0.0049614659999999994,0.444444444,0.6,0.01163575,0
20.530000686645508,0.4,0.0049614659999999994,0.444444444,0.4,0.009766747,0
13.0,0.4,0.0049614659999999994,0.444444444,0.2,0.012971502,0
28.670000076293945,0.4,0.0049614659999999994,0.444444444,0.4,0.005879578000000001,1
29.855714797973643,0.6,0.005712959,0.5555555560000001,0.8,0.015207655,1
124.54000091552734,0.6,0.005712959,0.5555555560000001,0.6,0.018784928,1
264.62387084960943,0.6,0.005712959,0.5555555560000001,0.4,0.008467151,1
23.405994415283203,0.6,0.005712959,0.5555555560000001,0.6,0.008389942,1
128.57000732421878,0.6,0.005712959,0.5555555560000001,0.6,0.0055764708914785,1
24.739999771118164,0.6,0.005712959,0.5555555560000001,0.6,0.008336371,1
20.8700008392334,0.6,0.005712959,0.5555555560000001,0.4,0.012598656000000001,1
13.550000190734865,0.6,0.005712959,0.5555555560000001,0.4,0.021142775,1
29.020000457763672,0.6,0.005712959,0.5555555560000001,0.6,0.008043083000000001,1
29.83571434020996,0.8,0.009528802,0.577777778,0.8,0.01198868,0
125.52999877929688,0.8,0.009528802,0.577777778,0.8,0.019069793999999998,1
268.78182983398443,0.8,0.009528802,0.577777778,0.6,0.008761498000000001,1
23.215259552001953,0.8,0.009528802,0.577777778,0.6,0.00827922,0
127.41999816894531,0.8,0.009528802,0.577777778,0.6,0.006750495264256806,0
24.57999992370605,0.8,0.009528802,0.577777778,0.6,0.006969605,0
20.700000762939453,0.8,0.009528802,0.577777778,0.4,0.009627871999999999,0
13.380000114440918,0.8,0.009528802,0.577777778,0.2,0.022925255,0
28.459999084472656,0.8,0.009528802,0.577777778,0.6,0.009117957,0
29.904285430908203,0.8,0.009767478000000001,0.488888889,0.8,0.008794626,1
125.88999938964844,0.8,0.009767478000000001,0.488888889,0.8,0.015412718999999998,1
270.8980712890625,0.8,0.009767478000000001,0.488888889,0.8,0.008990576,1
23.2061767578125,0.8,0.009767478000000001,0.488888889,0.4,0.0056838769999999995,0
126.87999725341795,0.8,0.009767478000000001,0.488888889,0.4,0.005810965325360436,0
24.5,0.8,0.009767478000000001,0.488888889,0.4,0.005251251,0
20.520000457763672,0.8,0.009767478000000001,0.488888889,0.2,0.008326285,0
13.119999885559082,0.8,0.009767478000000001,0.488888889,0.2,0.024639308,0
28.459999084472656,0.8,0.009767478000000001,0.488888889,0.4,0.007000066,0
30.101428985595703,0.8,0.012204088,0.577777778,0.8,0.008777527,1
128.52999877929688,0.8,0.012204088,0.577777778,1.0,0.017067591,1
275.50311279296875,0.8,0.012204088,0.577777778,1.0,0.010493777,1
23.392370223999023,0.8,0.012204088,0.577777778,0.4,0.0067766630000000005,1
126.72000122070312,0.8,0.012204088,0.577777778,0.4,0.005248060223361779,0
24.76000022888184,0.8,0.012204088,0.577777778,0.4,0.006566270999999999,1
20.530000686645508,0.8,0.012204088,0.577777778,0.4,0.007747409,1
13.020000457763672,0.8,0.012204088,0.577777778,0.2,0.020892831,0
28.6299991607666,0.8,0.012204088,0.577777778,0.6,0.007985164,1
31.27857208251953,1.0,0.014611033,0.644444444,0.8,0.014004652,1
128.91000366210938,1.0,0.014611033,0.644444444,1.0,0.017320483,1
280.28204345703125,1.0,0.014611033,0.644444444,1.0,0.013822445,1
23.62851905822754,1.0,0.014611033,0.644444444,0.6,0.008285091,1
127.25,1.0,0.014611033,0.644444444,0.4,0.005942887736744324,1
24.95000076293945,1.0,0.014611033,0.644444444,0.6,0.006331799,1
20.790000915527344,1.0,0.014611033,0.644444444,0.6,0.009310843000000001,1
13.34000015258789,1.0,0.014611033,0.644444444,0.4,0.02129706,1
28.59000015258789,1.0,0.014611033,0.644444444,0.4,0.007775076,0
31.297142028808594,1.0,0.01318541,0.533333333,0.8,0.009852052,1
130.11000061035156,1.0,0.01318541,0.533333333,1.0,0.008810621999999999,1
279.42263793945307,1.0,0.01318541,0.533333333,0.8,0.012199548999999999,0
23.49227905273437,1.0,0.01318541,0.533333333,0.4,0.00648494,0
126.41000366210938,1.0,0.01318541,0.533333333,0.2,0.005045433526124562,0
24.70000076293945,1.0,0.01318541,0.533333333,0.4,0.007605582,0
20.770000457763672,1.0,0.01318541,0.533333333,0.4,0.00619102,0
13.770000457763672,1.0,0.01318541,0.533333333,0.4,0.0192823,1
28.6299991607666,1.0,0.01318541,0.533333333,0.4,0.005613308000000001,1
31.86000061035156,1.0,0.009195376,0.6,1.0,0.01331494,1
128.82000732421878,1.0,0.009195376,0.6,0.8,0.009203702,0
278.2850341796875,1.0,0.009195376,0.6,0.6,0.00987126,0
23.560400009155273,1.0,0.009195376,0.6,0.6,0.005435088,1
125.5500030517578,1.0,0.009195376,0.6,0.2,0.004617163394101564,0
24.8799991607666,1.0,0.009195376,0.6,0.6,0.007769609,1
20.940000534057614,1.0,0.009195376,0.6,0.6,0.006198864,1
13.68000030517578,1.0,0.009195376,0.6,0.4,0.018080265,0
28.79999923706055,1.0,0.009195376,0.6,0.6,0.002941457,1
32.11999893188477,1.0,0.007916131,0.688888889,1.0,0.014487413000000001,1
130.50999450683594,1.0,0.007916131,0.688888889,0.8,0.011253929,1
286.36248779296875,1.0,0.007916131,0.688888889,0.6,0.014101734,1
23.51498603820801,1.0,0.007916131,0.688888889,0.6,0.00574235,0
125.62000274658205,1.0,0.007916131,0.688888889,0.4,0.0038810801697563564,1
24.8700008392334,1.0,0.007916131,0.688888889,0.6,0.007199046,0
21.190000534057614,1.0,0.007916131,0.688888889,0.8,0.006847505,1
13.760000228881836,1.0,0.007916131,0.688888889,0.6,0.015363453999999999,1
28.96999931335449,1.0,0.007916131,0.688888889,0.8,0.004122013,1
32.21428680419922,1.0,0.004924665,0.7333333329999999,1.0,0.013756013000000001,1
133.58000183105472,1.0,0.004924665,0.7333333329999999,0.8,0.011764423999999999,1
288.69232177734375,1.0,0.004924665,0.7333333329999999,0.6,0.012329093000000001,1
23.62397766113281,1.0,0.004924665,0.7333333329999999,0.6,0.005064659,1
127.5999984741211,1.0,0.004924665,0.7333333329999999,0.6,0.006781237010397669,1
25.13999938964844,1.0,0.004924665,0.7333333329999999,0.6,0.0072478740000000005,1
21.25,1.0,0.004924665,0.7333333329999999,0.8,0.007316336999999999,1
14.050000190734865,1.0,0.004924665,0.7333333329999999,0.8,0.018054188,1
29.18000030517578,1.0,0.004924665,0.7333333329999999,0.8,0.004377135999999999,1
32.37142944335937,1.0,0.002682095,0.666666667,1.0,0.006910444,1
131.82000732421878,1.0,0.002682095,0.666666667,0.6,0.013808231,0
287.8974914550781,1.0,0.002682095,0.666666667,0.4,0.009410495999999999,0
23.778383255004893,1.0,0.002682095,0.666666667,0.6,0.0043528279999999996,1
127.94000244140624,1.0,0.002682095,0.666666667,0.6,0.006477670631270175,1
25.04999923706055,1.0,0.002682095,0.666666667,0.4,0.006429128,0
21.270000457763672,1.0,0.002682095,0.666666667,0.8,0.004971695999999999,1
13.880000114440918,1.0,0.002682095,0.666666667,0.6,0.015558608,0
29.270000457763672,1.0,0.002682095,0.666666667,1.0,0.004714578,1
31.97714233398437,0.8,0.002479734,0.644444444,0.8,0.009227724,0
131.1300048828125,0.8,0.002479734,0.644444444,0.4,0.012993358,0
279.77035522460943,0.8,0.002479734,0.644444444,0.4,0.014443107,0
23.80563163757324,0.8,0.002479734,0.644444444,0.8,0.003428832,1
127.83000183105469,0.8,0.002479734,0.644444444,0.6,0.005329397185685879,0
25.28000068664551,0.8,0.002479734,0.644444444,0.6,0.0062614590000000005,1
21.170000076293945,0.8,0.002479734,0.644444444,0.8,0.005719586,0
13.579999923706055,0.8,0.002479734,0.644444444,0.4,0.013434596000000002,0
29.290000915527344,0.8,0.002479734,0.644444444,1.0,0.004571428,1
32.064285278320305,0.6,0.001978389,0.688888889,0.8,0.006175888,1
131.78999328613278,0.6,0.001978389,0.688888889,0.6,0.012017047,1
280.77383422851557,0.6,0.001978389,0.688888889,0.6,0.014346213,1
23.77384185791016,0.6,0.001978389,0.688888889,0.6,0.003115966,0
128.66999816894528,0.6,0.001978389,0.688888889,0.8,0.005282984146070517,1
25.209999084472656,0.6,0.001978389,0.688888889,0.4,0.005357791999999999,0
22.01000022888184,0.6,0.001978389,0.688888889,0.8,0.012018369,1
13.609999656677244,0.6,0.001978389,0.688888889,0.6,0.012569226999999999,1
29.3700008392334,0.6,0.001978389,0.688888889,1.0,0.003930123,1
32.01714324951172,0.6,0.003851507,0.644444444,0.6,0.004837805,0
131.33999633789062,0.6,0.003851507,0.644444444,0.4,0.010076151,0
280.95266723632807,0.6,0.003851507,0.644444444,0.6,0.008668433,1
23.71934700012207,0.6,0.003851507,0.644444444,0.6,0.0031888990000000002,0
127.76000213623048,0.6,0.003851507,0.644444444,0.6,0.006585940257316882,0
25.46999931335449,0.6,0.003851507,0.644444444,0.6,0.007340095,1
22.239999771118164,0.6,0.003851507,0.644444444,0.8,0.011720548999999999,1
13.81999969482422,0.6,0.003851507,0.644444444,0.6,0.014485604,1
29.6299991607666,0.6,0.003851507,0.644444444,1.0,0.00452007,1
32.092857360839844,0.6,0.0057989669999999995,0.577777778,0.6,0.004723667,1
132.75999450683594,0.6,0.0057989669999999995,0.577777778,0.4,0.0075338440000000005,1
281.36996459960943,0.6,0.0057989669999999995,0.577777778,0.6,0.0073383,1
23.94641304016113,0.6,0.0057989669999999995,0.577777778,0.6,0.004176508,1
128.3800048828125,0.6,0.0057989669999999995,0.577777778,0.6,0.0044041569570114295,1
25.3799991607666,0.6,0.0057989669999999995,0.577777778,0.4,0.005875531,0
22.200000762939453,0.6,0.0057989669999999995,0.577777778,0.6,0.011513952,0
13.850000381469727,0.6,0.0057989669999999995,0.577777778,0.6,0.010704652,1
29.61000061035156,0.6,0.0057989669999999995,0.577777778,0.8,0.003205276,0
31.75,0.6,0.008100454,0.488888889,0.4,0.005884716999999999,0
130.35000610351562,0.6,0.008100454,0.488888889,0.4,0.008529321,0
278.19064331054693,0.6,0.008100454,0.488888889,0.6,0.009047545,0
23.837421417236328,0.6,0.008100454,0.488888889,0.4,0.00377961,0
127.70999908447266,0.6,0.008100454,0.488888889,0.4,0.004915020654353001,0
25.190000534057607,0.6,0.008100454,0.488888889,0.4,0.006656771,0
21.989999771118164,0.6,0.008100454,0.488888889,0.4,0.013217613999999999,0
13.869999885559082,0.6,0.008100454,0.488888889,0.8,0.008573523000000001,1
29.59000015258789,0.6,0.008100454,0.488888889,0.6,0.002723507,0
32.10714340209961,0.6,0.010090789000000001,0.577777778,0.6,0.00569842,1
130.47000122070312,0.6,0.010090789000000001,0.577777778,0.6,0.007666546999999999,1
276.94873046875,0.6,0.010090789000000001,0.577777778,0.6,0.004294541,0
24.046321868896484,0.6,0.010090789000000001,0.577777778,0.4,0.005303134,1
127.9800033569336,0.6,0.010090789000000001,0.577777778,0.6,0.005165903774206354,1
25.559999465942386,0.6,0.010090789000000001,0.577777778,0.4,0.007758096999999999,1
22.239999771118164,0.6,0.010090789000000001,0.577777778,0.6,0.014551079,1
13.65999984741211,0.6,0.010090789000000001,0.577777778,0.8,0.007278873000000001,0
29.60000038146973,0.6,0.010090789000000001,0.577777778,0.6,0.002654437,1
32.62285614013672,0.8,0.01114109,0.5555555560000001,0.6,0.008365836,1
129.25999450683594,0.8,0.01114109,0.5555555560000001,0.4,0.008514773,0
272.72616577148443,0.8,0.01114109,0.5555555560000001,0.4,0.006626529,0
24.137147903442386,0.8,0.01114109,0.5555555560000001,0.6,0.005791482,1
129.3699951171875,0.8,0.01114109,0.5555555560000001,0.6,0.006023865515315125,1
25.989999771118164,0.8,0.01114109,0.5555555560000001,0.6,0.010568921,1
22.670000076293945,0.8,0.01114109,0.5555555560000001,0.6,0.010482229000000001,1
13.300000190734865,0.8,0.01114109,0.5555555560000001,0.6,0.012107908999999998,0
29.8799991607666,0.8,0.01114109,0.5555555560000001,0.6,0.004000059,1
32.76714324951172,0.8,0.009050734,0.488888889,0.8,0.008956366,1
128.03999328613278,0.8,0.009050734,0.488888889,0.4,0.009719544,0
276.8642578125,0.8,0.009050734,0.488888889,0.4,0.009533757,1
24.096275329589844,0.8,0.009050734,0.488888889,0.6,0.005671707,0
128.52999877929688,0.8,0.009050734,0.488888889,0.6,0.005907995833774963,0
25.76000022888184,0.8,0.009050734,0.488888889,0.4,0.010276154000000001,0
22.43000030517578,0.8,0.009050734,0.488888889,0.4,0.010509608,0
13.18000030517578,0.8,0.009050734,0.488888889,0.4,0.010826452,0
29.649999618530273,0.8,0.009050734,0.488888889,0.4,0.003769045,0
32.378570556640625,0.6,0.007096018000000001,0.5111111110000001,0.6,0.010855127,0
134.72999572753906,0.6,0.007096018000000001,0.5111111110000001,0.4,0.018007083,1
279.621337890625,0.6,0.007096018000000001,0.5111111110000001,0.4,0.011228345,1
24.29609489440918,0.6,0.007096018000000001,0.5111111110000001,0.6,0.005415611,1
129.24000549316406,0.6,0.007096018000000001,0.5111111110000001,0.6,0.006042232625346439,1
26.040000915527344,0.6,0.007096018000000001,0.5111111110000001,0.6,0.011743357,1
22.350000381469727,0.6,0.007096018000000001,0.5111111110000001,0.4,0.010863234,0
13.600000381469727,0.6,0.007096018000000001,0.5111111110000001,0.4,0.016765583,1
30.01000022888184,0.6,0.007096018000000001,0.5111111110000001,0.6,0.0060623909999999994,1
32.985713958740234,0.6,0.004964644,0.5555555560000001,0.8,0.012468748,1
135.05999755859378,0.6,0.004964644,0.5555555560000001,0.6,0.01486636,1
279.52694702148443,0.6,0.004964644,0.5555555560000001,0.4,0.009035972,0
24.25976371765137,0.6,0.004964644,0.5555555560000001,0.6,0.004804385,0
129.25999450683594,0.6,0.004964644,0.5555555560000001,0.8,0.00502938051029008,1
25.690000534057607,0.6,0.004964644,0.5555555560000001,0.6,0.012934301,0
22.239999771118164,0.6,0.004964644,0.5555555560000001,0.4,0.009955679,0
13.600000381469727,0.6,0.004964644,0.5555555560000001,0.2,0.016476781,0
29.65999984741211,0.6,0.004964644,0.5555555560000001,0.6,0.008259856999999999,0
33.198570251464844,0.8,0.003822416,0.488888889,0.8,0.011509623,1
135.1199951171875,0.8,0.003822416,0.488888889,0.6,0.014771093999999999,1
279.40771484375,0.8,0.003822416,0.488888889,0.4,0.008228431999999999,0
24.055404663085927,0.8,0.003822416,0.488888889,0.4,0.0047364320000000005,0
128.58999633789062,0.8,0.003822416,0.488888889,0.6,0.005643208323289227,0
25.56999969482422,0.8,0.003822416,0.488888889,0.4,0.010930858,0
22.32999992370605,0.8,0.003822416,0.488888889,0.4,0.008491272,1
13.630000114440918,0.8,0.003822416,0.488888889,0.4,0.013889835,1
29.59000015258789,0.8,0.003822416,0.488888889,0.4,0.008664279,0
33.692855834960945,0.6,0.0034214329999999998,0.5111111110000001,0.8,0.011274926999999999,1
136.58000183105472,0.6,0.0034214329999999998,0.5111111110000001,0.8,0.015077303,1
281.5239562988281,0.6,0.0034214329999999998,0.5111111110000001,0.6,0.006693889000000001,1
24.18710327148437,0.6,0.0034214329999999998,0.5111111110000001,0.4,0.005075967,1
128.77000427246094,0.6,0.0034214329999999998,0.5111111110000001,0.6,0.0037509787586326475,1
25.540000915527344,0.6,0.0034214329999999998,0.5111111110000001,0.2,0.007800864,0
22.34000015258789,0.6,0.0034214329999999998,0.5111111110000001,0.4,0.00471393,1
13.550000190734865,0.6,0.0034214329999999998,0.5111111110000001,0.4,0.009792855999999999,0
29.770000457763672,0.6,0.0034214329999999998,0.5111111110000001,0.4,0.007989025,1
33.57143020629883,0.6,0.0035136990000000003,0.533333333,0.6,0.011111128999999999,0
135.77000427246094,0.6,0.0035136990000000003,0.533333333,0.8,0.014375747,0
281.7276306152344,0.6,0.0035136990000000003,0.533333333,0.6,0.00380397,1
24.137147903442386,0.6,0.0035136990000000003,0.533333333,0.4,0.005150372,0
128.25,0.6,0.0035136990000000003,0.533333333,0.6,0.00326003159937525,0
25.709999084472656,0.6,0.0035136990000000003,0.533333333,0.4,0.007362186999999999,1
22.290000915527344,0.6,0.0035136990000000003,0.533333333,0.4,0.003044217,0
13.800000190734865,0.6,0.0035136990000000003,0.533333333,0.6,0.011678383,1
29.290000915527344,0.6,0.0035136990000000003,0.533333333,0.4,0.009674256,0
33.709999084472656,0.8,0.0036072070000000003,0.488888889,0.8,0.009564925,1
131.80999755859378,0.8,0.0036072070000000003,0.488888889,0.6,0.009759288,0
282.56219482421875,0.8,0.0036072070000000003,0.488888889,0.6,0.002404785,1
24.178020477294922,0.8,0.0036072070000000003,0.488888889,0.4,0.003830532,1
128.25,0.8,0.0036072070000000003,0.488888889,0.4,0.0021552207060267434,0
25.459999084472656,0.8,0.0036072070000000003,0.488888889,0.2,0.007133036999999999,0
22.38999938964844,0.8,0.0036072070000000003,0.488888889,0.6,0.0032281370000000003,1
14.029999732971193,0.8,0.0036072070000000003,0.488888889,0.6,0.008638416,1
29.15999984741211,0.8,0.0036072070000000003,0.488888889,0.2,0.008133604000000001,0
34.06999969482422,0.8,0.007194104000000001,0.6,0.8,0.007950514,1
131.49000549316406,0.8,0.007194104000000001,0.6,0.4,0.009754951999999999,0
283.6600646972656,0.8,0.007194104000000001,0.6,0.8,0.003114353,1
24.4641227722168,0.8,0.007194104000000001,0.6,0.6,0.005898093,1
129.35000610351562,0.8,0.007194104000000001,0.6,0.4,0.0038396966668413327,1
25.57999992370605,0.8,0.007194104000000001,0.6,0.4,0.005387524,1
22.59000015258789,0.8,0.007194104000000001,0.6,0.8,0.004030311,1
14.149999618530273,0.8,0.007194104000000001,0.6,0.8,0.010349035,1
29.270000457763672,0.8,0.007194104000000001,0.6,0.4,0.006555508000000001,1
34.220001220703125,0.8,0.006889365,0.622222222,0.8,0.007540466,1
135.55999755859378,0.8,0.006889365,0.622222222,0.4,0.015856679,1
282.2740783691406,0.8,0.006889365,0.622222222,0.8,0.004006259,0
24.45958137512207,0.8,0.006889365,0.622222222,0.6,0.0042504629999999995,0
128.92999267578122,0.8,0.006889365,0.622222222,0.4,0.0034524507605836552,0
25.82999992370605,0.8,0.006889365,0.622222222,0.6,0.006407954,1
22.399999618530273,0.8,0.006889365,0.622222222,0.6,0.004903122,0
14.170000076293945,0.8,0.006889365,0.622222222,0.8,0.010190554000000001,1
29.31999969482422,0.8,0.006889365,0.622222222,0.6,0.006425135,1
34.37142944335937,0.8,0.008433811999999999,0.577777778,0.8,0.005447741,1
134.8699951171875,0.8,0.008433811999999999,0.577777778,0.2,0.01471363,0
279.94918823242193,0.8,0.008433811999999999,0.577777778,0.6,0.004138711,0
24.200727462768555,0.8,0.008433811999999999,0.577777778,0.4,0.005272087,0
128.47999572753906,0.8,0.008433811999999999,0.577777778,0.2,0.003870527363176193,0
25.90999984741211,0.8,0.008433811999999999,0.577777778,0.8,0.006792746999999999,1
22.450000762939453,0.8,0.008433811999999999,0.577777778,0.6,0.005259993,1
14.390000343322756,0.8,0.008433811999999999,0.577777778,1.0,0.012121828999999999,1
29.35000038146973,0.8,0.008433811999999999,0.577777778,0.6,0.005413149,1
34.27857208251953,0.8,0.010571738999999998,0.622222222,0.8,0.005267279000000001,0
140.9600067138672,0.8,0.010571738999999998,0.622222222,0.4,0.022558451,1
281.91143798828125,0.8,0.010571738999999998,0.622222222,0.6,0.005395879,1
24.35513114929199,0.8,0.010571738999999998,0.622222222,0.6,0.006135038000000001,1
127.61000061035156,0.8,0.010571738999999998,0.622222222,0.2,0.004417168055445999,0
25.82999992370605,0.8,0.010571738999999998,0.622222222,0.6,0.006079038,0
22.309999465942386,0.8,0.010571738999999998,0.622222222,0.6,0.0060596,0
14.609999656677244,0.8,0.010571738999999998,0.622222222,1.0,0.011489461999999999,1
29.920000076293945,0.8,0.010571738999999998,0.622222222,0.8,0.006072584000000001,1
34.541427612304695,0.8,0.012130136000000001,0.644444444,0.8,0.005975406,1
140.05999755859378,0.8,0.012130136000000001,0.644444444,0.4,0.018002018,0
281.28054809570307,0.8,0.012130136000000001,0.644444444,0.4,0.0052509969999999994,0
24.4641227722168,0.8,0.012130136000000001,0.644444444,0.6,0.006691388,1
128.75999450683594,0.8,0.012130136000000001,0.644444444,0.4,0.0062195250666269705,1
26.1299991607666,0.8,0.012130136000000001,0.644444444,0.8,0.006457144000000001,1
22.54999923706055,0.8,0.012130136000000001,0.644444444,0.6,0.00731385,1
14.579999923706055,0.8,0.012130136000000001,0.644444444,0.8,0.008566809,0
30.34000015258789,0.8,0.012130136000000001,0.644444444,1.0,0.007992389,1
34.61285781860352,0.8,0.008966927,0.6,0.8,0.0042531290000000005,1
141.1999969482422,0.8,0.008966927,0.6,0.6,0.019144356,1
284.5144958496094,0.8,0.008966927,0.6,0.4,0.006773362,1
24.468664169311523,0.8,0.008966927,0.6,0.6,0.004361884,1
128.36000061035156,0.8,0.008966927,0.6,0.2,0.005125417450529062,0
26.20000076293945,0.8,0.008966927,0.6,0.8,0.006050277,1
22.540000915527344,0.8,0.008966927,0.6,0.4,0.0056160080000000005,0
14.600000381469727,0.8,0.008966927,0.6,0.8,0.007130545,1
30.31999969482422,0.8,0.008966927,0.6,0.8,0.007369769,0
34.632858276367195,0.6,0.008680261,0.622222222,0.8,0.0034881459999999997,1
140.16000366210938,0.6,0.008680261,0.622222222,0.4,0.014426861000000001,0
291.4891357421875,0.6,0.008680261,0.622222222,0.6,0.010698981000000002,1
24.42325210571289,0.6,0.008680261,0.622222222,0.6,0.004695942,0
129.02999877929688,0.6,0.008680261,0.622222222,0.4,0.005519931932724271,1
26.35000038146973,0.6,0.008680261,0.622222222,0.8,0.00524066,1
22.770000457763672,0.6,0.008680261,0.622222222,0.6,0.005974655,1
14.270000457763672,0.6,0.008680261,0.622222222,0.6,0.011368399999999999,0
30.45000076293945,0.6,0.008680261,0.622222222,0.8,0.007885654,1
35.09857177734375,0.8,0.009101040999999999,0.7111111109999999,0.8,0.00529255,1
144.27999877929688,0.8,0.009101040999999999,0.7111111109999999,0.6,0.019287847,1
292.596923828125,0.8,0.009101040999999999,0.7111111109999999,0.8,0.009811813,1
24.75930976867676,0.8,0.009101040999999999,0.7111111109999999,0.8,0.005331306,1
131.25,0.8,0.009101040999999999,0.7111111109999999,0.6,0.008262945563110722,1
26.3799991607666,0.8,0.009101040999999999,0.7111111109999999,0.8,0.004848921,1
23.520000457763672,0.8,0.009101040999999999,0.7111111109999999,0.6,0.012115831,1
14.949999809265135,0.8,0.009101040999999999,0.7111111109999999,0.6,0.017793719,1
30.81999969482422,0.8,0.009101040999999999,0.7111111109999999,0.8,0.010111216999999999,1
35.560001373291016,0.6,0.00755869,0.7333333329999999,1.0,0.007381569,1
145.82000732421875,0.6,0.00755869,0.7333333329999999,0.6,0.01239166,1
295.7265930175781,0.6,0.00755869,0.7333333329999999,0.8,0.010549188000000001,1
24.62761116027832,0.6,0.00755869,0.7333333329999999,0.6,0.005119112,0
130.88999938964844,0.6,0.00755869,0.7333333329999999,0.6,0.007457229089054516,0
26.20000076293945,0.6,0.00755869,0.7333333329999999,0.8,0.005596057,0
24.21999931335449,0.6,0.00755869,0.7333333329999999,0.8,0.016820975,1
15.050000190734865,0.6,0.00755869,0.7333333329999999,0.6,0.016073847,1
30.8700008392334,0.6,0.00755869,0.7333333329999999,0.8,0.006551535,1
35.342857360839844,0.4,0.012749583,0.6,0.8,0.007069206999999999,0
142.1699981689453,0.4,0.012749583,0.6,0.6,0.016120874,0
273.29745483398443,0.4,0.012749583,0.6,0.8,0.025270441,0
24.40962791442871,0.4,0.012749583,0.6,0.4,0.005994327,0
130.6300048828125,0.4,0.012749583,0.6,0.4,0.006052143845080077,0
25.95000076293945,0.4,0.012749583,0.6,0.6,0.00518158,0
23.920000076293945,0.4,0.012749583,0.6,0.6,0.017146761,0
14.5600004196167,0.4,0.012749583,0.6,0.6,0.022174798,0
30.670000076293945,0.4,0.012749583,0.6,0.6,0.005039809,0
35.29571533203125,0.4,0.013245146000000001,0.577777778,0.6,0.006922386,0
142.42999267578125,0.4,0.013245146000000001,0.577777778,0.6,0.014858752,1
273.27261352539057,0.4,0.013245146000000001,0.577777778,0.6,0.022989173999999998,0
24.35967254638672,0.4,0.013245146000000001,0.577777778,0.2,0.006366508000000001,0
132.22999572753906,0.4,0.013245146000000001,0.577777778,0.6,0.007880495222608455,1
26.190000534057607,0.4,0.013245146000000001,0.577777778,0.6,0.006495494,1
24.0,0.4,0.013245146000000001,0.577777778,0.8,0.017726979,1
14.5,0.4,0.013245146000000001,0.577777778,0.4,0.022724625,0
31.040000915527344,0.4,0.013245146000000001,0.577777778,0.8,0.007320753,1
34.941429138183594,0.6,0.013996227,0.5555555560000001,0.4,0.00881435,0
144.1999969482422,0.6,0.013996227,0.5555555560000001,0.8,0.015871112,1
275.72665405273443,0.6,0.013996227,0.5555555560000001,0.6,0.019882376,1
24.32334327697754,0.6,0.013996227,0.5555555560000001,0.2,0.006293597,0
129.69000244140622,0.6,0.013996227,0.5555555560000001,0.4,0.010678339947115378,0
26.149999618530273,0.6,0.013996227,0.5555555560000001,0.4,0.0056559259999999995,0
24.1200008392334,0.6,0.013996227,0.5555555560000001,0.8,0.016686173999999998,1
14.640000343322756,0.6,0.013996227,0.5555555560000001,0.6,0.020135117,1
31.36000061035156,0.6,0.013996227,0.5555555560000001,0.8,0.00852508,1
37.03142929077149,0.6,0.012283431000000001,0.444444444,0.4,0.018087796,1
146.42999267578125,0.6,0.012283431000000001,0.444444444,0.8,0.013085043999999999,1
275.35906982421875,0.6,0.012283431000000001,0.444444444,0.4,0.019388917,0
24.386920928955078,0.6,0.012283431000000001,0.444444444,0.2,0.0040644190000000005,1
128.99000549316406,0.6,0.012283431000000001,0.444444444,0.2,0.0083167703400314,0
26.290000915527344,0.6,0.012283431000000001,0.444444444,0.4,0.0064989869999999995,1
23.79999923706055,0.6,0.012283431000000001,0.444444444,0.6,0.012751972,0
14.529999732971193,0.6,0.012283431000000001,0.444444444,0.4,0.012107383999999999,0
31.32999992370605,0.6,0.012283431000000001,0.444444444,0.6,0.006286205,0
38.067142486572266,0.8,0.014964196,0.444444444,0.4,0.021052158999999997,1
150.08999633789062,0.8,0.014964196,0.444444444,0.8,0.015949275,1
271.762451171875,0.8,0.014964196,0.444444444,0.2,0.019861993,0
24.20980834960937,0.8,0.014964196,0.444444444,0.2,0.004453109,0
129.1300048828125,0.8,0.014964196,0.444444444,0.4,0.007985268116583684,1
26.239999771118164,0.8,0.014964196,0.444444444,0.4,0.00551471,0
23.989999771118164,0.8,0.014964196,0.444444444,0.6,0.008396244,1
15.149999618530273,0.8,0.014964196,0.444444444,0.4,0.019303652,1
31.38999938964844,0.8,0.014964196,0.444444444,0.6,0.006344749,1
38.68999862670898,1.0,0.011704411999999999,0.577777778,0.6,0.023103283999999998,1
143.6300048828125,1.0,0.011704411999999999,0.577777778,0.8,0.019551248,0
270.734130859375,1.0,0.011704411999999999,0.577777778,0.2,0.005449936999999999,0
24.477746963500977,1.0,0.011704411999999999,0.577777778,0.4,0.004896345999999999,1
129.99000549316406,1.0,0.011704411999999999,0.577777778,0.6,0.008919988261143943,1
26.479999542236328,1.0,0.011704411999999999,0.577777778,0.6,0.00543558,1
24.040000915527344,1.0,0.011704411999999999,0.577777778,0.8,0.006335809,1
15.75,1.0,0.011704411999999999,0.577777778,0.6,0.020712825,1
30.959999084472656,1.0,0.011704411999999999,0.577777778,0.6,0.007788715,0
38.5,1.0,0.012491291000000002,0.577777778,0.6,0.023818673,0
147.11000061035156,1.0,0.012491291000000002,0.577777778,0.8,0.024031275,1
264.10226440429693,1.0,0.012491291000000002,0.577777778,0.2,0.010330931,0
24.6412353515625,1.0,0.012491291000000002,0.577777778,0.6,0.00582285,1
130.72999572753906,1.0,0.012491291000000002,0.577777778,0.6,0.007608869417280184,1
26.46999931335449,1.0,0.012491291000000002,0.577777778,0.4,0.003661401,0
23.81999969482422,1.0,0.012491291000000002,0.577777778,0.6,0.007497206,0
15.8100004196167,1.0,0.012491291000000002,0.577777778,0.8,0.020650553000000002,1
31.11000061035156,1.0,0.012491291000000002,0.577777778,0.6,0.006344931,1
37.43428421020508,0.8,0.021652322,0.46666666700000003,0.6,0.027347327999999997,0
142.02000427246094,0.8,0.021652322,0.46666666700000003,0.6,0.028465824,0
262.82061767578125,0.8,0.021652322,0.46666666700000003,0.0,0.009505461,0
24.18256187438965,0.8,0.021652322,0.46666666700000003,0.6,0.009247388,0
128.82000732421878,0.8,0.021652322,0.46666666700000003,0.6,0.006689124069543646,0
25.979999542236328,0.8,0.021652322,0.46666666700000003,0.4,0.007058236999999999,0
23.35000038146973,0.8,0.021652322,0.46666666700000003,0.4,0.010443457,0
15.300000190734865,0.8,0.021652322,0.46666666700000003,0.6,0.02517113,0
30.85000038146973,0.8,0.021652322,0.46666666700000003,0.4,0.005954566999999999,0
37.371429443359375,0.6,0.02578314,0.46666666700000003,0.4,0.015720265,0
139.35000610351562,0.6,0.02578314,0.46666666700000003,0.4,0.029132934,0
262.8851928710937,0.6,0.02578314,0.46666666700000003,0.2,0.009287972,1
24.196186065673828,0.6,0.02578314,0.46666666700000003,0.6,0.008837295,1
130.10000610351562,0.6,0.02578314,0.46666666700000003,0.8,0.0075968985828000265,1
25.86000061035156,0.6,0.02578314,0.46666666700000003,0.2,0.006911261,0
23.26000022888184,0.6,0.02578314,0.46666666700000003,0.4,0.008560923,0
15.06999969482422,0.6,0.02578314,0.46666666700000003,0.6,0.026674931000000002,0
30.90999984741211,0.6,0.02578314,0.46666666700000003,0.6,0.0061522109999999994,1
38.37714385986328,0.6,0.028071951,0.488888889,0.4,0.01550883,1
141.72999572753906,0.6,0.028071951,0.488888889,0.4,0.027549797999999997,1
264.28109741210943,0.6,0.028071951,0.488888889,0.4,0.007737648000000001,1
24.0145320892334,0.6,0.028071951,0.488888889,0.6,0.008886283,0
130.46000671386722,0.6,0.028071951,0.488888889,0.8,0.00793324980574517,1
25.96999931335449,0.6,0.028071951,0.488888889,0.4,0.007381604,1
23.489999771118164,0.6,0.028071951,0.488888889,0.4,0.00894192,1
14.81999969482422,0.6,0.028071951,0.488888889,0.4,0.021458716,0
31.0,0.6,0.028071951,0.488888889,0.6,0.006351531999999999,1
37.2985725402832,0.4,0.031990675,0.37777777799999995,0.2,0.017857327,0
137.10000610351562,0.4,0.031990675,0.37777777799999995,0.4,0.025475176000000002,0
261.15145874023443,0.4,0.031990675,0.37777777799999995,0.4,0.009349286,0
23.60127067565918,0.4,0.031990675,0.37777777799999995,0.4,0.010114573,0
129.0,0.4,0.031990675,0.37777777799999995,0.6,0.00883950201283603,0
25.8700008392334,0.4,0.031990675,0.37777777799999995,0.2,0.006322445,0
22.84000015258789,0.4,0.031990675,0.37777777799999995,0.2,0.014059337,0
14.859999656677244,0.4,0.031990675,0.37777777799999995,0.4,0.014077728999999999,1
30.540000915527344,0.4,0.031990675,0.37777777799999995,0.6,0.00657954,0
38.04999923706055,0.4,0.030569173999999998,0.46666666700000003,0.4,0.02090442,1
137.49000549316406,0.4,0.030569173999999998,0.46666666700000003,0.4,0.021198323999999998,1
263.58563232421875,0.4,0.030569173999999998,0.46666666700000003,0.6,0.006314299000000001,1
23.93733024597168,0.4,0.030569173999999998,0.46666666700000003,0.4,0.01162657,1
129.60000610351562,0.4,0.030569173999999998,0.46666666700000003,0.6,0.008631209987934301,1
26.01000022888184,0.4,0.030569173999999998,0.46666666700000003,0.4,0.007329244,1
23.26000022888184,0.4,0.030569173999999998,0.46666666700000003,0.4,0.015906803,1
15.18000030517578,0.4,0.030569173999999998,0.46666666700000003,0.4,0.017622692,1
30.86000061035156,0.4,0.030569173999999998,0.46666666700000003,0.6,0.007706148,1
36.95428466796875,0.4,0.026930011,0.46666666700000003,0.4,0.021127575,0
129.83000183105472,0.4,0.026930011,0.46666666700000003,0.4,0.025420971,0
251.5489196777344,0.4,0.026930011,0.46666666700000003,0.6,0.014476787,0
22.99727439880371,0.4,0.026930011,0.46666666700000003,0.4,0.015758065,0
128.1199951171875,0.4,0.026930011,0.46666666700000003,0.6,0.007993142011274745,0
24.96999931335449,0.4,0.026930011,0.46666666700000003,0.4,0.011623873,0
22.559999465942386,0.4,0.026930011,0.46666666700000003,0.4,0.017979468000000002,0
14.609999656677244,0.4,0.026930011,0.46666666700000003,0.4,0.018680966,0
30.1299991607666,0.4,0.026930011,0.46666666700000003,0.6,0.010765711,0
36.56999969482422,0.6,0.026111392,0.444444444,0.4,0.022871546,0
130.92999267578122,0.6,0.026111392,0.444444444,0.6,0.023355449,1
253.23297119140625,0.6,0.026111392,0.444444444,0.6,0.015766592,1
23.12897300720215,0.6,0.026111392,0.444444444,0.4,0.016790729,1
127.45999908447266,0.6,0.026111392,0.444444444,0.4,0.00703615291670727,0
24.940000534057607,0.6,0.026111392,0.444444444,0.4,0.010940372,0
22.170000076293945,0.6,0.026111392,0.444444444,0.4,0.02066603,0
14.199999809265135,0.6,0.026111392,0.444444444,0.4,0.021287016000000002,0
29.85000038146973,0.6,0.026111392,0.444444444,0.4,0.01223534,0
35.17856979370117,0.4,0.026783723,0.288888889,0.2,0.025098963,0
128.71000671386722,0.4,0.026783723,0.288888889,0.4,0.023330708999999998,0
247.7238006591797,0.4,0.026783723,0.288888889,0.4,0.019055673000000002,0
21.94822883605957,0.4,0.026783723,0.288888889,0.4,0.025499307000000002,0
123.91999816894531,0.4,0.026783723,0.288888889,0.2,0.012037416857425076,0
23.90999984741211,0.4,0.026783723,0.288888889,0.2,0.018349476,0
21.51000022888184,0.4,0.026783723,0.288888889,0.2,0.024642381,0
12.949999809265135,0.4,0.026783723,0.288888889,0.4,0.035574799,0
28.979999542236328,0.4,0.026783723,0.288888889,0.2,0.017482155,0
33.694286346435554,0.4,0.029314727000000002,0.288888889,0.2,0.027916623999999998,0
124.9800033569336,0.4,0.029314727000000002,0.288888889,0.4,0.022593154,0
244.97666931152344,0.4,0.029314727000000002,0.288888889,0.4,0.018905155,0
21.22161674499512,0.4,0.029314727000000002,0.288888889,0.4,0.028678691,0
122.0999984741211,0.4,0.029314727000000002,0.288888889,0.2,0.01273655124359764,0
23.40999984741211,0.4,0.029314727000000002,0.288888889,0.2,0.021761719,0
21.309999465942386,0.4,0.029314727000000002,0.288888889,0.2,0.020967721,0
13.06999969482422,0.4,0.029314727000000002,0.288888889,0.4,0.036888269,1
28.209999084472656,0.4,0.029314727000000002,0.288888889,0.2,0.019828432,0
36.28428649902344,0.4,0.033497227000000004,0.288888889,0.2,0.0392609,1
131.28999328613278,0.4,0.033497227000000004,0.288888889,0.4,0.032121826,1
259.13955688476557,0.4,0.033497227000000004,0.288888889,0.4,0.028603612,1
22.297910690307614,0.4,0.033497227000000004,0.288888889,0.4,0.035974256,1
126.2699966430664,0.4,0.033497227000000004,0.288888889,0.2,0.018636773139199474,1
24.38999938964844,0.4,0.033497227000000004,0.288888889,0.2,0.029051876,1
22.54999923706055,0.4,0.033497227000000004,0.288888889,0.2,0.028927689,1
13.529999732971193,0.4,0.033497227000000004,0.288888889,0.4,0.039620418,1
28.940000534057607,0.4,0.033497227000000004,0.288888889,0.2,0.022908302000000002,1
36.64571380615234,0.4,0.026872487,0.355555556,0.4,0.035493756,1
130.46000671386722,0.4,0.026872487,0.355555556,0.4,0.022243548999999998,0
252.88026428222656,0.4,0.026872487,0.355555556,0.4,0.024301383,0
21.98910140991211,0.4,0.026872487,0.355555556,0.4,0.030889797000000004,0
126.88999938964844,0.4,0.026872487,0.355555556,0.4,0.017334832701585638,1
24.190000534057607,0.4,0.026872487,0.355555556,0.2,0.022694952,0
22.280000686645508,0.4,0.026872487,0.355555556,0.2,0.025303432,0
13.800000190734865,0.4,0.026872487,0.355555556,0.6,0.036101665,1
28.8799991607666,0.4,0.026872487,0.355555556,0.2,0.018591909,0
37.4414291381836,0.4,0.026748194,0.444444444,0.6,0.037756717999999995,1
133.8699951171875,0.4,0.026748194,0.444444444,0.4,0.025776677,1
251.0620880126953,0.4,0.026748194,0.444444444,0.2,0.024400411,0
22.506811141967773,0.4,0.026748194,0.444444444,0.4,0.034453241,1
132.67999267578122,0.4,0.026748194,0.444444444,0.6,0.025430558866826814,1
24.60000038146973,0.4,0.026748194,0.444444444,0.4,0.025844502000000002,1
23.09000015258789,0.4,0.026748194,0.444444444,0.4,0.029117081,1
13.760000228881836,0.4,0.026748194,0.444444444,0.6,0.031068783,0
29.440000534057607,0.4,0.026748194,0.444444444,0.4,0.020611431,1
36.90857315063477,0.4,0.022036716,0.488888889,0.6,0.032993382,0
131.47000122070312,0.4,0.022036716,0.488888889,0.4,0.025971132999999997,0
253.7893524169922,0.4,0.022036716,0.488888889,0.4,0.022221924,1
22.125341415405273,0.4,0.022036716,0.488888889,0.4,0.027632969,0
131.47999572753906,0.4,0.022036716,0.488888889,0.6,0.02168473249846684,0
24.239999771118164,0.4,0.022036716,0.488888889,0.4,0.020511507,0
22.5,0.4,0.022036716,0.488888889,0.4,0.028273529,0
14.0,0.4,0.022036716,0.488888889,0.8,0.016951517,1
29.239999771118164,0.4,0.022036716,0.488888889,0.4,0.01614098,0
36.2599983215332,0.4,0.013729696999999999,0.488888889,0.6,0.02806931,0
128.52999877929688,0.4,0.013729696999999999,0.488888889,0.4,0.024647659,0
252.1251678466797,0.4,0.013729696999999999,0.488888889,0.4,0.021315494,0
21.539508819580078,0.4,0.013729696999999999,0.488888889,0.4,0.026307404,0
131.19000244140622,0.4,0.013729696999999999,0.488888889,0.6,0.01918847552607461,0
23.78000068664551,0.4,0.013729696999999999,0.488888889,0.4,0.020124529,0
21.88999938964844,0.4,0.013729696999999999,0.488888889,0.4,0.031836149,0
14.3100004196167,0.4,0.013729696999999999,0.488888889,0.8,0.019526815,1
28.93000030517578,0.4,0.013729696999999999,0.488888889,0.4,0.012947347,0
36.317142486572266,0.4,0.008601407,0.42222222200000004,0.6,0.013010974,1
128.91000366210938,0.4,0.008601407,0.42222222200000004,0.4,0.015141368999999998,1
252.34375,0.4,0.008601407,0.42222222200000004,0.4,0.009926244,1
21.580381393432614,0.4,0.008601407,0.42222222200000004,0.4,0.016543543,1
130.44000244140622,0.4,0.008601407,0.42222222200000004,0.4,0.013501391419020148,0
23.739999771118164,0.4,0.008601407,0.42222222200000004,0.2,0.012088467,0
22.020000457763672,0.4,0.008601407,0.42222222200000004,0.4,0.021386189,1
13.729999542236328,0.4,0.008601407,0.42222222200000004,0.6,0.020594025,0
28.940000534057607,0.4,0.008601407,0.42222222200000004,0.4,0.007841001,1
36.051429748535156,0.4,0.014606342,0.355555556,0.4,0.012482068,0
126.27999877929688,0.4,0.014606342,0.355555556,0.4,0.017957387,0
247.57476806640625,0.4,0.014606342,0.355555556,0.4,0.008875167,0
21.24886512756348,0.4,0.014606342,0.355555556,0.4,0.016846079,0
129.94999694824222,0.4,0.014606342,0.355555556,0.2,0.013270676082358063,0
23.43000030517578,0.4,0.014606342,0.355555556,0.2,0.013060081999999999,0
21.43000030517578,0.4,0.014606342,0.355555556,0.4,0.024350289,0
13.199999809265135,0.4,0.014606342,0.355555556,0.4,0.024323203999999998,0
28.60000038146973,0.4,0.014606342,0.355555556,0.4,0.00977603,0
35.47714233398437,0.4,0.010955747,0.24444444399999998,0.2,0.011325255,0
124.58999633789062,0.4,0.010955747,0.24444444399999998,0.2,0.015406343999999999,0
245.61749267578125,0.4,0.010955747,0.24444444399999998,0.4,0.009018352,0
21.3442325592041,0.4,0.010955747,0.24444444399999998,0.4,0.013034918000000001,1
128.86000061035156,0.4,0.010955747,0.24444444399999998,0.0,0.005822234660992781,0
23.190000534057607,0.4,0.010955747,0.24444444399999998,0.0,0.011718906000000001,0
21.600000381469727,0.4,0.010955747,0.24444444399999998,0.4,0.018665761,1
13.050000190734865,0.4,0.010955747,0.24444444399999998,0.4,0.026016216,0
28.239999771118164,0.4,0.010955747,0.24444444399999998,0.2,0.008415391,0
33.965713500976555,0.4,0.019738599,0.2,0.2,0.016999489,0
119.70999908447266,0.4,0.019738599,0.2,0.2,0.019654476,0
235.9702453613281,0.4,0.019738599,0.2,0.2,0.014701275,0
20.867393493652344,0.4,0.019738599,0.2,0.4,0.014113186000000002,0
123.8000030517578,0.4,0.019738599,0.2,0.0,0.01186685630574612,0
22.350000381469727,0.4,0.019738599,0.2,0.0,0.016036575,0
20.790000915527344,0.4,0.019738599,0.2,0.4,0.021055317,0
11.949999809265135,0.4,0.019738599,0.2,0.2,0.03938609,0
27.11000061035156,0.4,0.019738599,0.2,0.2,0.015059517,0
34.617141723632805,0.6,0.025455053999999998,0.311111111,0.4,0.017320793,1
122.72000122070312,0.6,0.025455053999999998,0.311111111,0.4,0.020210791999999998,1
234.4998016357422,0.6,0.025455053999999998,0.311111111,0.2,0.014636102,0
21.15349769592285,0.6,0.025455053999999998,0.311111111,0.6,0.011559723000000001,1
125.41999816894531,0.6,0.025455053999999998,0.311111111,0.2,0.01404285121455157,1
22.15999984741211,0.6,0.025455053999999998,0.311111111,0.0,0.013941431,0
20.90999984741211,0.6,0.025455053999999998,0.311111111,0.6,0.01678748,1
12.0600004196167,0.6,0.025455053999999998,0.311111111,0.2,0.036798527000000004,1
26.84000015258789,0.6,0.025455053999999998,0.311111111,0.2,0.014931026000000002,0
35.251426696777344,0.4,0.02972189,0.26666666699999997,0.4,0.020670174,1
122.12000274658205,0.4,0.02972189,0.26666666699999997,0.2,0.020597316,0
237.03829956054688,0.4,0.02972189,0.26666666699999997,0.2,0.016627742,1
20.749319076538086,0.4,0.02972189,0.26666666699999997,0.4,0.015001598,0
124.4499969482422,0.4,0.02972189,0.26666666699999997,0.2,0.014446276117000832,0
22.280000686645508,0.4,0.02972189,0.26666666699999997,0.2,0.014688047,1
20.670000076293945,0.4,0.02972189,0.26666666699999997,0.4,0.017895263999999998,0
12.670000076293945,0.4,0.02972189,0.26666666699999997,0.4,0.038808376,1
26.270000457763672,0.4,0.02972189,0.26666666699999997,0.0,0.019109282,0
35.031429290771484,0.4,0.024268626,0.355555556,0.4,0.020455045,0
124.86000061035156,0.4,0.024268626,0.355555556,0.4,0.021004328,1
236.99359130859366,0.4,0.024268626,0.355555556,0.2,0.012885714,0
20.821979522705078,0.4,0.024268626,0.355555556,0.6,0.012629577,1
124.5199966430664,0.4,0.024268626,0.355555556,0.4,0.0138074589175684,1
22.200000762939453,0.4,0.024268626,0.355555556,0.2,0.012794557,0
20.850000381469727,0.4,0.024268626,0.355555556,0.6,0.014278155,1
12.050000190734865,0.4,0.024268626,0.355555556,0.4,0.040874956000000004,0
26.06999969482422,0.4,0.024268626,0.355555556,0.0,0.018282246999999998,0
34.87285614013672,0.2,0.023752264,0.311111111,0.4,0.01817443,0
123.20999908447266,0.2,0.023752264,0.311111111,0.4,0.020970695,0
236.1987609863281,0.2,0.023752264,0.311111111,0.2,0.011975316000000001,0
20.762943267822266,0.2,0.023752264,0.311111111,0.4,0.012299011,0
123.2300033569336,0.2,0.023752264,0.311111111,0.4,0.014201841803356288,0
21.90999984741211,0.2,0.023752264,0.311111111,0.2,0.013358525,0
20.700000762939453,0.2,0.023752264,0.311111111,0.4,0.014130439,0
11.800000190734865,0.2,0.023752264,0.311111111,0.4,0.042751612,0
25.01000022888184,0.2,0.023752264,0.311111111,0.0,0.023896709,0
36.19285583496094,0.4,0.019985186999999998,0.5111111110000001,0.6,0.017224208,1
126.6999969482422,0.4,0.019985186999999998,0.5111111110000001,0.6,0.018802126000000002,1
243.64532470703125,0.4,0.019985186999999998,0.5111111110000001,0.4,0.010425148,1
21.316984176635746,0.4,0.019985186999999998,0.5111111110000001,0.6,0.013167751,1
126.38999938964844,0.4,0.019985186999999998,0.5111111110000001,0.6,0.011476975926863385,1
22.57999992370605,0.4,0.019985186999999998,0.5111111110000001,0.4,0.012229951000000001,1
21.76000022888184,0.4,0.019985186999999998,0.5111111110000001,0.6,0.016871984,1
12.119999885559082,0.4,0.019985186999999998,0.5111111110000001,0.6,0.031317092000000005,1
26.0,0.4,0.019985186999999998,0.5111111110000001,0.2,0.023810712999999997,1
36.6971435546875,0.2,0.015944621000000003,0.42222222200000004,0.6,0.016175079,1
125.45999908447266,0.2,0.015944621000000003,0.42222222200000004,0.4,0.015730678999999997,0
241.2459259033203,0.2,0.015944621000000003,0.42222222200000004,0.4,0.011148436000000001,0
20.894641876220703,0.2,0.015944621000000003,0.42222222200000004,0.4,0.01438813,0
125.26000213623048,0.2,0.015944621000000003,0.42222222200000004,0.4,0.010647971296282891,0
22.56999969482422,0.2,0.015944621000000003,0.42222222200000004,0.4,0.010618299,0
21.420000076293945,0.2,0.015944621000000003,0.42222222200000004,0.4,0.018842595,0
12.149999618530273,0.2,0.015944621000000003,0.42222222200000004,0.6,0.029971123,1
25.79999923706055,0.2,0.015944621000000003,0.42222222200000004,0.2,0.023357292,0
37.26142883300781,0.2,0.013727652,0.37777777799999995,0.6,0.015585871000000001,1
123.23999786376952,0.2,0.013727652,0.37777777799999995,0.4,0.018291823999999998,0
239.62646484375,0.2,0.013727652,0.37777777799999995,0.2,0.010325985,0
20.699363708496094,0.2,0.013727652,0.37777777799999995,0.4,0.012435912,0
124.33999633789062,0.2,0.013727652,0.37777777799999995,0.4,0.010570120412608564,0
22.200000762939453,0.2,0.013727652,0.37777777799999995,0.2,0.012813938,0
21.18000030517578,0.2,0.013727652,0.37777777799999995,0.4,0.018787939,0
11.949999809265135,0.2,0.013727652,0.37777777799999995,0.4,0.023147221000000003,0
25.88999938964844,0.2,0.013727652,0.37777777799999995,0.4,0.019807578,1
37.7071418762207,0.4,0.016771706,0.46666666700000003,0.8,0.016730065,1
126.30999755859376,0.4,0.016771706,0.46666666700000003,0.4,0.018786587,1
245.09092712402344,0.4,0.016771706,0.46666666700000003,0.4,0.014849079,1
21.466848373413086,0.4,0.016771706,0.46666666700000003,0.4,0.019151086,1
127.41000366210938,0.4,0.016771706,0.46666666700000003,0.4,0.015395710874353256,1
22.63999938964844,0.4,0.016771706,0.46666666700000003,0.4,0.016059757,1
21.809999465942386,0.4,0.016771706,0.46666666700000003,0.4,0.022995282000000002,1
11.619999885559082,0.4,0.016771706,0.46666666700000003,0.4,0.018883336,0
26.459999084472656,0.4,0.016771706,0.46666666700000003,0.6,0.022688165,1
37.58856964111328,0.6,0.016980274,0.622222222,0.8,0.016453657,0
128.75999450683594,0.6,0.016980274,0.622222222,0.6,0.020022964,1
251.16639709472656,0.6,0.016980274,0.622222222,0.6,0.019136046,1
21.56221580505371,0.6,0.016980274,0.622222222,0.6,0.019472538,1
127.95999908447266,0.6,0.016980274,0.622222222,0.6,0.014187112604121971,1
22.84000015258789,0.6,0.016980274,0.622222222,0.6,0.015213927,1
21.899999618530273,0.6,0.016980274,0.622222222,0.6,0.022381747,1
11.529999732971193,0.6,0.016980274,0.622222222,0.4,0.016283014,0
26.86000061035156,0.6,0.016980274,0.622222222,0.8,0.01757966,1
36.56571578979492,0.4,0.013491485,0.444444444,0.6,0.014325667,0
122.7699966430664,0.4,0.013491485,0.444444444,0.4,0.023661972000000003,0
247.7486267089844,0.4,0.013491485,0.444444444,0.4,0.015552228000000001,0
20.91280746459961,0.4,0.013491485,0.444444444,0.4,0.02015929,0
125.27999877929688,0.4,0.013491485,0.444444444,0.4,0.013247307415144984,0
22.1299991607666,0.4,0.013491485,0.444444444,0.4,0.015315168999999998,0
20.950000762939453,0.4,0.013491485,0.444444444,0.4,0.020815996,0
11.699999809265135,0.4,0.013491485,0.444444444,0.4,0.013808121000000001,1
25.790000915527344,0.4,0.013491485,0.444444444,0.6,0.017630063999999997,0
35.84857177734375,0.4,0.012178206,0.4,0.4,0.015461491,0
122.01000213623048,0.4,0.012178206,0.4,0.4,0.022942674,0
241.1912841796875,0.4,0.012178206,0.4,0.4,0.018876188999999998,0
20.544960021972656,0.4,0.012178206,0.4,0.4,0.01971471,0
124.12999725341795,0.4,0.012178206,0.4,0.4,0.013295085669870008,0
21.700000762939453,0.4,0.012178206,0.4,0.4,0.019112706,0
20.309999465942386,0.4,0.012178206,0.4,0.4,0.023800792,0
11.550000190734865,0.4,0.012178206,0.4,0.2,0.015877172,0
25.290000915527344,0.4,0.012178206,0.4,0.6,0.019969068,0
35.61857223510742,0.6,0.010355819,0.4,0.2,0.013669301000000002,0
118.83999633789062,0.6,0.010355819,0.4,0.4,0.0246,0
240.82366943359366,0.6,0.010355819,0.4,0.4,0.017838441,0
20.835603713989254,0.6,0.010355819,0.4,0.6,0.020674883,1
123.72000122070312,0.6,0.010355819,0.4,0.4,0.012486723224476786,0
21.76000022888184,0.6,0.010355819,0.4,0.6,0.016387018,1
20.18000030517578,0.6,0.010355819,0.4,0.4,0.022840047000000002,0
11.109999656677246,0.6,0.010355819,0.4,0.2,0.020204051,0
25.11000061035156,0.6,0.010355819,0.4,0.4,0.020694882,0
34.74285888671875,0.6,0.007206093,0.24444444399999998,0.0,0.016194117,0
117.91000366210938,0.6,0.007206093,0.24444444399999998,0.2,0.021182969,0
235.4784393310547,0.6,0.007206093,0.24444444399999998,0.2,0.017716746999999998,0
20.62216186523437,0.6,0.007206093,0.24444444399999998,0.4,0.015308163,0
123.9000015258789,0.6,0.007206093,0.24444444399999998,0.4,0.007839618394397724,1
21.540000915527344,0.6,0.007206093,0.24444444399999998,0.4,0.014445119,0
19.93000030517578,0.6,0.007206093,0.24444444399999998,0.2,0.019368747,0
10.539999961853027,0.6,0.007206093,0.24444444399999998,0.2,0.02494206,0
24.790000915527344,0.6,0.007206093,0.24444444399999998,0.2,0.018840423000000002,0
35.78714370727539,0.6,0.014210658000000001,0.26666666699999997,0.2,0.021576714,1
123.20999908447266,0.6,0.014210658000000001,0.26666666699999997,0.2,0.026293529,1
241.9314727783203,0.6,0.014210658000000001,0.26666666699999997,0.2,0.018239805,1
21.11716651916504,0.6,0.014210658000000001,0.26666666699999997,0.4,0.01922036,1
127.68000030517578,0.6,0.014210658000000001,0.26666666699999997,0.4,0.013077963949773268,1
22.200000762939453,0.6,0.014210658000000001,0.26666666699999997,0.4,0.01880646,1
20.549999237060547,0.6,0.014210658000000001,0.26666666699999997,0.2,0.024765202000000004,1
10.380000114440918,0.6,0.014210658000000001,0.26666666699999997,0.2,0.026429055,0
25.0,0.6,0.014210658000000001,0.26666666699999997,0.2,0.017511204,1
36.21571350097656,0.8,0.012379214,0.4,0.4,0.018529452,1
123.02999877929688,0.8,0.012379214,0.4,0.2,0.017281585,0
242.67166137695312,0.8,0.012379214,0.4,0.4,0.016130185,1
21.430517196655273,0.8,0.012379214,0.4,0.6,0.016164517,1
128.44999694824222,0.8,0.012379214,0.4,0.6,0.010095289529643359,1
22.690000534057607,0.8,0.012379214,0.4,0.6,0.0170037,1
20.63999938964844,0.8,0.012379214,0.4,0.4,0.016965327,1
10.260000228881836,0.8,0.012379214,0.4,0.0,0.02579236,0
25.65999984741211,0.8,0.012379214,0.4,0.4,0.014823967,1
36.32571411132813,0.8,0.010622496,0.5111111110000001,0.6,0.015214432,1
123.83000183105469,0.8,0.010622496,0.5111111110000001,0.4,0.017344006999999998,1
240.0338134765625,0.8,0.010622496,0.5111111110000001,0.4,0.013010646,0
21.289735794067386,0.8,0.010622496,0.5111111110000001,0.6,0.013960442,0
128.5,0.8,0.010622496,0.5111111110000001,0.8,0.008337255521580924,1
22.690000534057607,0.8,0.010622496,0.5111111110000001,0.6,0.013117587,0
20.88999938964844,0.8,0.010622496,0.5111111110000001,0.6,0.01327801,1
10.75,0.8,0.010622496,0.5111111110000001,0.2,0.032779917,1
25.5,0.8,0.010622496,0.5111111110000001,0.4,0.012193572,0
37.09857177734375,0.8,0.016471192,0.666666667,0.8,0.018186413999999998,1
126.83999633789062,0.8,0.016471192,0.666666667,0.6,0.017009197,1
247.385986328125,0.8,0.016471192,0.666666667,0.6,0.018831761000000002,1
21.789281845092773,0.8,0.016471192,0.666666667,0.6,0.015823933000000002,1
129.78999328613278,0.8,0.016471192,0.666666667,1.0,0.009684435790265912,1
23.20000076293945,0.8,0.016471192,0.666666667,0.6,0.017059971,1
21.479999542236328,0.8,0.016471192,0.666666667,0.8,0.017646498,1
11.350000381469727,0.8,0.016471192,0.666666667,0.4,0.036323657999999995,1
26.57999992370605,0.8,0.016471192,0.666666667,0.6,0.019240669,1
38.17856979370117,0.6,0.017446866999999998,0.7777777779999999,1.0,0.019091558,1
126.9000015258789,0.6,0.017446866999999998,0.7777777779999999,0.8,0.015538695,1
249.0153961181641,0.6,0.017446866999999998,0.7777777779999999,0.8,0.015709939,1
21.802906036376953,0.6,0.017446866999999998,0.7777777779999999,0.8,0.013900168999999999,1
130.35000610351562,0.6,0.017446866999999998,0.7777777779999999,1.0,0.010256407893282323,1
23.18000030517578,0.6,0.017446866999999998,0.7777777779999999,0.6,0.015210336000000001,0
21.489999771118164,0.6,0.017446866999999998,0.7777777779999999,1.0,0.015261908999999999,1
11.329999923706055,0.6,0.017446866999999998,0.7777777779999999,0.4,0.026415067999999996,0
26.31999969482422,0.6,0.017446866999999998,0.7777777779999999,0.6,0.018648246,0
38.83856964111328,0.4,0.012164616999999999,0.7111111109999999,1.0,0.016537486,1
125.88999938964844,0.4,0.012164616999999999,0.7111111109999999,0.6,0.008140604000000001,0
248.4242401123047,0.4,0.012164616999999999,0.7111111109999999,0.6,0.010703948999999999,0
21.90735626220703,0.4,0.012164616999999999,0.7111111109999999,0.8,0.010057595,1
130.97999572753906,0.4,0.012164616999999999,0.7111111109999999,1.0,0.005121327366598917,1
23.06999969482422,0.4,0.012164616999999999,0.7111111109999999,0.4,0.010031304,0
21.520000457763672,0.4,0.012164616999999999,0.7111111109999999,1.0,0.00931935,1
11.149999618530273,0.4,0.012164616999999999,0.7111111109999999,0.4,0.026556427999999997,0
26.3700008392334,0.4,0.012164616999999999,0.7111111109999999,0.6,0.01733397,1
39.15285873413086,0.2,0.012028713,0.622222222,1.0,0.015760819,1
125.83000183105469,0.2,0.012028713,0.622222222,0.6,0.007943736,0
248.3993988037109,0.2,0.012028713,0.622222222,0.4,0.010112049,0
21.789281845092773,0.2,0.012028713,0.622222222,0.6,0.008167804,0
130.14999389648438,0.2,0.012028713,0.622222222,0.8,0.005182564178209235,0
23.20000076293945,0.2,0.012028713,0.622222222,0.4,0.006743905,1
21.399999618530273,0.2,0.012028713,0.622222222,0.8,0.009558685,0
10.890000343322754,0.2,0.012028713,0.622222222,0.4,0.028907956000000002,0
26.440000534057607,0.2,0.012028713,0.622222222,0.6,0.012584875,1
38.5957145690918,0.2,0.013280133000000001,0.5555555560000001,0.8,0.01799934,0
122.5500030517578,0.2,0.013280133000000001,0.5555555560000001,0.4,0.011856617,0
242.7014617919922,0.2,0.013280133000000001,0.5555555560000001,0.4,0.012525765,0
21.57583999633789,0.2,0.013280133000000001,0.5555555560000001,0.6,0.008813108,0
130.64999389648438,0.2,0.013280133000000001,0.5555555560000001,0.8,0.00587305237492574,1
23.09000015258789,0.2,0.013280133000000001,0.5555555560000001,0.4,0.007692186,0
21.190000534057614,0.2,0.013280133000000001,0.5555555560000001,0.6,0.009098813,0
11.399999618530273,0.2,0.013280133000000001,0.5555555560000001,0.4,0.028722681,1
25.95000076293945,0.2,0.013280133000000001,0.5555555560000001,0.6,0.015044303,0
39.121429443359375,0.0,0.010575804,0.4,0.8,0.016468398999999998,1
122.30999755859376,0.0,0.010575804,0.4,0.2,0.007386808000000001,0
241.55392456054688,0.0,0.010575804,0.4,0.2,0.007345454,0
21.239782333374023,0.0,0.010575804,0.4,0.4,0.0072354030000000005,0
129.30000305175778,0.0,0.010575804,0.4,0.6,0.005931856931230901,0
22.88999938964844,0.0,0.010575804,0.4,0.2,0.00492917,0
20.979999542236328,0.0,0.010575804,0.4,0.4,0.005432251999999999,0
11.65999984741211,0.0,0.010575804,0.4,0.4,0.022121291,1
25.770000457763672,0.0,0.010575804,0.4,0.4,0.007961001,0
38.709999084472656,0.0,0.010016307,0.311111111,0.6,0.012749433000000001,0
121.4499969482422,0.0,0.010016307,0.311111111,0.0,0.008698456,0
239.46749877929688,0.0,0.010016307,0.311111111,0.0,0.007755656,0
21.29427719116211,0.0,0.010016307,0.311111111,0.4,0.007623489000000001,1
130.11000061035156,0.0,0.010016307,0.311111111,0.6,0.0063218011324304955,1
22.68000030517578,0.0,0.010016307,0.311111111,0.2,0.006591606999999999,0
20.809999465942386,0.0,0.010016307,0.311111111,0.2,0.006959732,0
11.56999969482422,0.0,0.010016307,0.311111111,0.4,0.023312602,0
25.309999465942386,0.0,0.010016307,0.311111111,0.4,0.009574691,0
38.42856979370117,0.0,0.010450281,0.222222222,0.4,0.010746036,0
118.33000183105469,0.0,0.010450281,0.222222222,0.0,0.012244557,0
236.01495361328125,0.0,0.010450281,0.222222222,0.0,0.01016438,0
20.840145111083984,0.0,0.010450281,0.222222222,0.2,0.010930654,0
128.19000244140622,0.0,0.010450281,0.222222222,0.4,0.008306534819657197,0
22.21999931335449,0.0,0.010450281,0.222222222,0.2,0.009698954000000001,0
20.31999969482422,0.0,0.010450281,0.222222222,0.0,0.011389798000000001,0
11.619999885559082,0.0,0.010450281,0.222222222,0.6,0.020999498999999998,1
25.0,0.0,0.010450281,0.222222222,0.2,0.011644363999999999,0
38.099998474121094,0.2,0.014792635,0.24444444399999998,0.2,0.010837635,0
121.0,0.2,0.014792635,0.24444444399999998,0.2,0.01666204,1
234.81277465820312,0.2,0.014792635,0.24444444399999998,0.0,0.011163112,0
20.853769302368164,0.2,0.014792635,0.24444444399999998,0.4,0.009983460999999999,1
127.12000274658205,0.2,0.014792635,0.24444444399999998,0.4,0.008708559399327322,0
22.65999984741211,0.2,0.014792635,0.24444444399999998,0.2,0.012532341,1
20.030000686645508,0.2,0.014792635,0.24444444399999998,0.0,0.01312887,0
11.699999809265135,0.2,0.014792635,0.24444444399999998,0.8,0.01771277,1
24.53000068664551,0.2,0.014792635,0.24444444399999998,0.0,0.014873454,0
38.32857131958008,0.2,0.013336645,0.288888889,0.4,0.009191497,1
117.8000030517578,0.2,0.013336645,0.288888889,0.2,0.01673791,0
234.51470947265625,0.2,0.013336645,0.288888889,0.0,0.006829265,0
20.92188835144043,0.2,0.013336645,0.288888889,0.6,0.008677617,1
128.97999572753906,0.2,0.013336645,0.288888889,0.4,0.010866572824080895,1
22.450000762939453,0.2,0.013336645,0.288888889,0.2,0.013437538,0
20.36000061035156,0.2,0.013336645,0.288888889,0.2,0.014461318,1
11.1899995803833,0.2,0.013336645,0.288888889,0.6,0.017064345,0
24.309999465942386,0.2,0.013336645,0.288888889,0.0,0.012960683,0
36.5957145690918,0.2,0.018452583999999998,0.24444444399999998,0.2,0.015509398999999998,0
108.61000061035156,0.2,0.018452583999999998,0.24444444399999998,0.2,0.031948944,0
225.6622772216797,0.2,0.018452583999999998,0.24444444399999998,0.0,0.013433203000000001,0
20.118074417114254,0.2,0.018452583999999998,0.24444444399999998,0.6,0.01324644,0
125.08999633789062,0.2,0.018452583999999998,0.24444444399999998,0.4,0.014831938806476425,0
21.75,0.2,0.018452583999999998,0.24444444399999998,0.2,0.017941266,0
19.790000915527344,0.2,0.018452583999999998,0.24444444399999998,0.2,0.018078453,0
10.520000457763672,0.2,0.018452583999999998,0.24444444399999998,0.4,0.024477900000000004,0
23.309999465942386,0.2,0.018452583999999998,0.24444444399999998,0.0,0.019800464,0
35.93285751342773,0.2,0.020480142,0.24444444399999998,0.2,0.017028642,0
109.26000213623048,0.2,0.020480142,0.24444444399999998,0.4,0.031739626,1
221.0373687744141,0.2,0.020480142,0.24444444399999998,0.0,0.015804665,0
19.65485954284668,0.2,0.020480142,0.24444444399999998,0.4,0.017338263,0
123.4800033569336,0.2,0.020480142,0.24444444399999998,0.2,0.01615317784778148,0
21.459999084472656,0.2,0.020480142,0.24444444399999998,0.2,0.018773087,0
19.450000762939453,0.2,0.020480142,0.24444444399999998,0.2,0.019893941000000002,0
10.75,0.2,0.020480142,0.24444444399999998,0.6,0.027306772000000003,1
23.01000022888184,0.2,0.020480142,0.24444444399999998,0.0,0.01880441,0
35.49714279174805,0.2,0.018796608,0.288888889,0.2,0.017999763000000002,0
110.95999908447266,0.2,0.018796608,0.288888889,0.6,0.029713555,1
218.32501220703125,0.2,0.018796608,0.288888889,0.0,0.015375352,0
19.477746963500977,0.2,0.018796608,0.288888889,0.4,0.014875193,0
122.56999969482422,0.2,0.018796608,0.288888889,0.2,0.014675760611519966,0
21.549999237060547,0.2,0.018796608,0.288888889,0.4,0.015555412,1
19.25,0.2,0.018796608,0.288888889,0.2,0.017241232,0
10.65999984741211,0.2,0.018796608,0.288888889,0.4,0.028116886,0
23.15999984741211,0.2,0.018796608,0.288888889,0.2,0.017658567,1
35.27714157104492,0.0,0.017318589,0.26666666699999997,0.2,0.01752927,0
109.13999938964844,0.0,0.017318589,0.26666666699999997,0.4,0.028481216,0
216.864501953125,0.0,0.017318589,0.26666666699999997,0.0,0.015694543999999998,0
19.4414176940918,0.0,0.017318589,0.26666666699999997,0.2,0.015117476999999999,0
121.86000061035156,0.0,0.017318589,0.26666666699999997,0.2,0.014164884300691013,0
21.82999992370605,0.0,0.017318589,0.26666666699999997,0.4,0.014193626,1
19.200000762939453,0.0,0.017318589,0.26666666699999997,0.2,0.014906383,0
10.670000076293944,0.0,0.017318589,0.26666666699999997,0.4,0.026927573,1
23.270000457763672,0.0,0.017318589,0.26666666699999997,0.4,0.014848492,1
35.51856994628906,0.2,0.017694631000000002,0.355555556,0.2,0.017698165,1
110.05999755859376,0.2,0.017694631000000002,0.355555556,0.6,0.024877869,1
216.6260528564453,0.2,0.017694631000000002,0.355555556,0.0,0.015660575,0
19.604904174804688,0.2,0.017694631000000002,0.355555556,0.2,0.016146012,1
123.45999908447266,0.2,0.017694631000000002,0.355555556,0.2,0.013864488325465784,1
22.31999969482422,0.2,0.017694631000000002,0.355555556,0.6,0.01682938,1
19.479999542236328,0.2,0.017694631000000002,0.355555556,0.2,0.014527981,1
11.399999618530273,0.2,0.017694631000000002,0.355555556,0.6,0.031892835,1
23.81999969482422,0.2,0.017694631000000002,0.355555556,0.6,0.01778187,1
36.952857971191406,0.4,0.014058929,0.5555555560000001,0.4,0.016732321,1
113.43000030517578,0.4,0.014058929,0.5555555560000001,0.8,0.015399086999999999,1
223.64540100097656,0.4,0.014058929,0.5555555560000001,0.2,0.014591613,1
20.417802810668945,0.4,0.014058929,0.5555555560000001,0.4,0.016754869,1
127.0,0.4,0.014058929,0.5555555560000001,0.4,0.013567198559914688,1
23.09000015258789,0.4,0.014058929,0.5555555560000001,0.8,0.017492939,1
20.13999938964844,0.4,0.014058929,0.5555555560000001,0.4,0.015704949,1
11.420000076293945,0.4,0.014058929,0.5555555560000001,0.8,0.020268758,1
24.29999923706055,0.4,0.014058929,0.5555555560000001,0.8,0.013585025,1
36.86999893188477,0.6,0.012978421,0.644444444,0.4,0.013558186000000002,0
116.22000122070312,0.6,0.012978421,0.644444444,0.8,0.019121476000000002,1
226.8048553466797,0.6,0.012978421,0.644444444,0.4,0.013318063,1
20.65395164489746,0.6,0.012978421,0.644444444,0.6,0.014463073,1
127.97000122070312,0.6,0.012978421,0.644444444,0.6,0.012520624069991082,1
23.21999931335449,0.6,0.012978421,0.644444444,1.0,0.015952286,1
20.100000381469727,0.6,0.012978421,0.644444444,0.4,0.012666078,0
11.34000015258789,0.6,0.012978421,0.644444444,0.6,0.017297193,0
24.40999984741211,0.6,0.012978421,0.644444444,1.0,0.011916383999999999,1
37.08856964111328,0.8,0.014751159,0.7111111109999999,0.6,0.012318653999999998,1
117.26000213623048,0.8,0.014751159,0.7111111109999999,0.8,0.017799349,1
232.2345428466797,0.8,0.014751159,0.7111111109999999,0.6,0.015651838,1
20.54949951171875,0.8,0.014751159,0.7111111109999999,0.6,0.013672295,0
127.95999908447266,0.8,0.014751159,0.7111111109999999,0.6,0.01106232727752636,0
23.3700008392334,0.8,0.014751159,0.7111111109999999,1.0,0.016405516999999998,1
20.239999771118164,0.8,0.014751159,0.7111111109999999,0.6,0.012002543999999999,1
11.59000015258789,0.8,0.014751159,0.7111111109999999,0.8,0.020031943,1
24.270000457763672,0.8,0.014751159,0.7111111109999999,0.8,0.011759671999999999,0
36.755714416503906,0.8,0.010780831000000001,0.8,0.6,0.012874031999999999,0
119.51000213623048,0.8,0.010780831000000001,0.8,1.0,0.018356513999999997,1
236.37759399414062,0.8,0.010780831000000001,0.8,0.8,0.017881904,1
20.74477767944336,0.8,0.010780831000000001,0.8,0.8,0.015199825,1
128.66999816894528,0.8,0.010780831000000001,0.8,0.8,0.011013527472475013,1
23.3799991607666,0.8,0.010780831000000001,0.8,1.0,0.013892468,1
20.56999969482422,0.8,0.010780831000000001,0.8,0.8,0.01474394,1
11.5,0.8,0.010780831000000001,0.8,0.6,0.021397387,0
24.82999992370605,0.8,0.010780831000000001,0.8,0.8,0.0154245,1
35.97142791748047,0.8,0.011519692,0.7777777779999999,0.4,0.015772841,0
123.6500015258789,0.8,0.011519692,0.7777777779999999,1.0,0.023598897999999997,1
243.01939392089844,0.8,0.011519692,0.7777777779999999,1.0,0.02328165,1
21.239782333374023,0.8,0.011519692,0.7777777779999999,0.8,0.018290318,1
130.47999572753906,0.8,0.011519692,0.7777777779999999,0.8,0.01120096063052351,1
23.709999084472656,0.8,0.011519692,0.7777777779999999,1.0,0.01222616,1
21.01000022888184,0.8,0.011519692,0.7777777779999999,0.8,0.016105367,1
11.489999771118164,0.8,0.011519692,0.7777777779999999,0.4,0.007888088,0
25.1299991607666,0.8,0.011519692,0.7777777779999999,0.8,0.013113815,1
36.104286193847656,0.6,0.008316317,0.7555555559999999,0.4,0.008435258000000001,1
123.3000030517578,0.6,0.008316317,0.7555555559999999,0.8,0.018041072,0
244.0824737548828,0.6,0.008316317,0.7555555559999999,1.0,0.01767593,1
21.49863815307617,0.6,0.008316317,0.7555555559999999,0.8,0.012434971000000001,1
130.72000122070312,0.6,0.008316317,0.7555555559999999,0.8,0.005834189108660759,1
23.940000534057607,0.6,0.008316317,0.7555555559999999,1.0,0.007266636999999999,1
21.36000061035156,0.6,0.008316317,0.7555555559999999,0.8,0.012660938,1
11.609999656677244,0.6,0.008316317,0.7555555559999999,0.4,0.009625974,1
25.440000534057607,0.6,0.008316317,0.7555555559999999,0.8,0.011550774,1
35.92142868041992,0.6,0.006625886,0.7333333329999999,0.4,0.008999741,0
122.05999755859376,0.6,0.006625886,0.7333333329999999,0.6,0.015133101000000001,0
245.413818359375,0.6,0.006625886,0.7333333329999999,1.0,0.015941413,1
21.53496742248535,0.6,0.006625886,0.7333333329999999,0.8,0.010459774,1
130.72000122070312,0.6,0.006625886,0.7333333329999999,0.6,0.0043066281311755225,0
23.82999992370605,0.6,0.006625886,0.7333333329999999,0.8,0.007059584,0
21.51000022888184,0.6,0.006625886,0.7333333329999999,1.0,0.013668218999999999,1
11.75,0.6,0.006625886,0.7333333329999999,0.6,0.010636645,1
25.51000022888184,0.6,0.006625886,0.7333333329999999,0.8,0.011195731,1
35.70000076293945,0.4,0.009796688000000001,0.622222222,0.2,0.009046957,0
118.48999786376952,0.4,0.009796688000000001,0.622222222,0.4,0.019192972,0
228.3199920654297,0.4,0.009796688000000001,0.622222222,0.8,0.025084046000000002,0
20.980926513671875,0.4,0.009796688000000001,0.622222222,0.8,0.014593825,0
128.02999877929688,0.4,0.009796688000000001,0.622222222,0.6,0.008406666901265849,0
23.270000457763672,0.4,0.009796688000000001,0.622222222,0.6,0.010467535,0
21.020000457763672,0.4,0.009796688000000001,0.622222222,0.8,0.016831208,0
11.789999961853027,0.4,0.009796688000000001,0.622222222,0.6,0.006908324,1
24.88999938964844,0.4,0.009796688000000001,0.622222222,0.8,0.014909511,0
35.08285903930664,0.6,0.010382925999999999,0.644444444,0.2,0.010709413000000001,0
119.94000244140624,0.6,0.010382925999999999,0.644444444,0.4,0.017802818,1
231.58377075195312,0.6,0.010382925999999999,0.644444444,0.8,0.024375009,1
21.198909759521484,0.6,0.010382925999999999,0.644444444,0.8,0.014771178999999999,1
129.78999328613278,0.6,0.010382925999999999,0.644444444,0.6,0.010046293601158536,1
23.59000015258789,0.6,0.010382925999999999,0.644444444,0.6,0.013132288999999998,1
21.59000015258789,0.6,0.010382925999999999,0.644444444,0.8,0.018993743,1
12.039999961853027,0.6,0.010382925999999999,0.644444444,0.8,0.00959614,1
25.229999542236328,0.6,0.010382925999999999,0.644444444,0.8,0.013026787,1
35.98428726196289,0.6,0.013919358,0.644444444,0.4,0.011580703999999999,1
120.0999984741211,0.6,0.013919358,0.644444444,0.4,0.011141322,1
239.23898315429688,0.6,0.013919358,0.644444444,0.8,0.025366537999999998,1
21.1671199798584,0.6,0.013919358,0.644444444,0.6,0.010298768,0
126.5500030517578,0.6,0.013919358,0.644444444,0.4,0.012225564433114918,0
23.920000076293945,0.6,0.013919358,0.644444444,0.6,0.013107158999999998,1
21.649999618530273,0.6,0.013919358,0.644444444,0.8,0.015271471000000002,1
12.359999656677244,0.6,0.013919358,0.644444444,1.0,0.014737833,1
25.479999542236328,0.6,0.013919358,0.644444444,0.8,0.012592128999999999,1
36.31999969482422,0.6,0.016245936000000002,0.5111111110000001,0.4,0.012707899,1
117.43000030517578,0.6,0.016245936000000002,0.5111111110000001,0.4,0.015021501999999999,0
237.2071990966797,0.6,0.016245936000000002,0.5111111110000001,0.6,0.026190184,0
20.65395164489746,0.6,0.016245936000000002,0.5111111110000001,0.4,0.012710036000000001,0
125.2699966430664,0.6,0.016245936000000002,0.5111111110000001,0.2,0.013880609453331836,0
23.559999465942386,0.6,0.016245936000000002,0.5111111110000001,0.4,0.014177076,0
21.26000022888184,0.6,0.016245936000000002,0.5111111110000001,0.6,0.015542486000000001,0
12.5,0.6,0.016245936000000002,0.5111111110000001,1.0,0.01491444,1
25.1200008392334,0.6,0.016245936000000002,0.5111111110000001,0.6,0.012950683000000001,0
37.00285720825195,0.6,0.022999317000000002,0.577777778,0.6,0.015455186999999999,1
120.06999969482422,0.6,0.022999317000000002,0.577777778,0.6,0.017506433000000002,1
240.8385772705078,0.6,0.022999317000000002,0.577777778,0.6,0.028161064,1
20.92188835144043,0.6,0.022999317000000002,0.577777778,0.4,0.0149666,1
127.47000122070312,0.6,0.022999317000000002,0.577777778,0.4,0.017393030043403732,1
24.309999465942386,0.6,0.022999317000000002,0.577777778,0.6,0.01962483,1
21.780000686645508,0.6,0.022999317000000002,0.577777778,0.6,0.019029815,1
12.449999809265135,0.6,0.022999317000000002,0.577777778,0.8,0.013302723,0
25.84000015258789,0.6,0.022999317000000002,0.577777778,0.6,0.018132849,1
37.13428497314453,0.8,0.019655886,0.688888889,0.8,0.014932707,1
118.87000274658205,0.8,0.019655886,0.688888889,0.6,0.01365568,0
243.4466094970703,0.8,0.019655886,0.688888889,0.8,0.016396243,1
20.95821952819824,0.8,0.019655886,0.688888889,0.6,0.010168403000000001,1
128.3800048828125,0.8,0.019655886,0.688888889,0.6,0.014705151934274284,1
24.5,0.8,0.019655886,0.688888889,0.8,0.016488024,1
21.690000534057614,0.8,0.019655886,0.688888889,0.6,0.015300244,0
12.539999961853027,0.8,0.019655886,0.688888889,0.8,0.014067658,1
25.809999465942386,0.8,0.019655886,0.688888889,0.6,0.013504206999999999,0
37.040000915527344,0.8,0.022492282000000002,0.622222222,0.8,0.011983131000000001,0
118.4000015258789,0.8,0.022492282000000002,0.622222222,0.4,0.011998991,0
242.90513610839844,0.8,0.022492282000000002,0.622222222,0.6,0.013982131,0
21.148956298828125,0.8,0.022492282000000002,0.622222222,0.6,0.009910647,1
128.41000366210938,0.8,0.022492282000000002,0.622222222,0.6,0.012002539217613862,1
24.63999938964844,0.8,0.022492282000000002,0.622222222,0.8,0.014880556000000001,1
21.709999084472656,0.8,0.022492282000000002,0.622222222,0.6,0.010061245,1
12.25,0.8,0.022492282000000002,0.622222222,0.6,0.014451975,0
26.10000038146973,0.8,0.022492282000000002,0.622222222,0.6,0.013019383,1
37.72571563720703,0.8,0.022681224,0.6,0.8,0.010546841000000001,1
117.12999725341795,0.8,0.022681224,0.6,0.2,0.013877475,0
244.7233123779297,0.8,0.022681224,0.6,0.6,0.008867975,1
21.60308837890625,0.8,0.022681224,0.6,0.8,0.013905333,1
128.6300048828125,0.8,0.022681224,0.6,0.8,0.007352527856723788,1
24.56999969482422,0.8,0.022681224,0.6,0.6,0.012650941,0
21.57999992370605,0.8,0.022681224,0.6,0.4,0.010703033999999998,0
12.420000076293945,0.8,0.022681224,0.6,0.6,0.011911877,1
26.15999984741211,0.8,0.022681224,0.6,0.6,0.011497381999999999,1
37.27999877929688,0.8,0.020143348000000002,0.577777778,0.6,0.011043892,0
117.12999725341795,0.8,0.020143348000000002,0.577777778,0.2,0.009431183000000001,0
240.6100616455078,0.8,0.020143348000000002,0.577777778,0.6,0.010530987,0
21.403268814086914,0.8,0.020143348000000002,0.577777778,0.8,0.010906519,0
128.42999267578122,0.8,0.020143348000000002,0.577777778,0.8,0.005640590349166986,0
24.28000068664551,0.8,0.020143348000000002,0.577777778,0.6,0.012001496,0
21.32999992370605,0.8,0.020143348000000002,0.577777778,0.4,0.009417228,0
12.550000190734865,0.8,0.020143348000000002,0.577777778,0.6,0.011739898,1
25.95000076293945,0.8,0.020143348000000002,0.577777778,0.6,0.010277144,0
36.87285614013672,0.8,0.014410171999999999,0.46666666700000003,0.4,0.009467905,0
116.86000061035156,0.8,0.014410171999999999,0.46666666700000003,0.0,0.005395909,0
240.9279937744141,0.8,0.014410171999999999,0.46666666700000003,0.6,0.007733482,1
21.0762939453125,0.8,0.014410171999999999,0.46666666700000003,0.6,0.01136736,0
128.02000427246094,0.8,0.014410171999999999,0.46666666700000003,0.6,0.0027666318422555113,0
23.70000076293945,0.8,0.014410171999999999,0.46666666700000003,0.4,0.010412366999999999,0
21.030000686645508,0.8,0.014410171999999999,0.46666666700000003,0.2,0.007338341,0
12.720000267028807,0.8,0.014410171999999999,0.46666666700000003,0.8,0.01364906,1
26.03000068664551,0.8,0.014410171999999999,0.46666666700000003,0.6,0.005161235,1
36.75,0.8,0.012012954,0.4,0.2,0.009423916,0
117.88999938964844,0.8,0.012012954,0.4,0.2,0.005159871,1
240.8584442138672,0.8,0.012012954,0.4,0.4,0.005625424,0
20.908266067504886,0.8,0.012012954,0.4,0.4,0.01261453,0
128.39999389648438,0.8,0.012012954,0.4,0.6,0.001932480191146959,1
23.63999938964844,0.8,0.012012954,0.4,0.2,0.00935556,0
20.600000381469727,0.8,0.012012954,0.4,0.2,0.010601292,0
12.739999771118164,0.8,0.012012954,0.4,0.8,0.012517732,1
25.809999465942386,0.8,0.012012954,0.4,0.6,0.006619398,0
37.407142639160156,0.8,0.014512363,0.488888889,0.4,0.012492402,1
120.06999969482422,0.8,0.014512363,0.488888889,0.4,0.008067452,1
243.6204833984375,0.8,0.014512363,0.488888889,0.6,0.00747408,1
21.598546981811523,0.8,0.014512363,0.488888889,0.4,0.017397315,1
130.75999450683594,0.8,0.014512363,0.488888889,0.6,0.005561759429377282,1
24.290000915527344,0.8,0.014512363,0.488888889,0.2,0.013711875,1
21.149999618530273,0.8,0.014512363,0.488888889,0.2,0.015756687,1
13.119999885559082,0.8,0.014512363,0.488888889,1.0,0.013857998,1
26.32999992370605,0.8,0.014512363,0.488888889,0.6,0.00840165,1
37.41857147216797,0.6,0.00995148,0.42222222200000004,0.4,0.008850944,1
122.41999816894531,0.6,0.00995148,0.42222222200000004,0.6,0.009836556,1
243.3323516845703,0.6,0.00995148,0.42222222200000004,0.4,0.006213596,0
21.507720947265625,0.6,0.00995148,0.42222222200000004,0.2,0.013943748,0
130.3699951171875,0.6,0.00995148,0.42222222200000004,0.4,0.005815616883020269,0
24.209999084472656,0.6,0.00995148,0.42222222200000004,0.2,0.013802418,0
20.8700008392334,0.6,0.00995148,0.42222222200000004,0.2,0.017206832,0
13.359999656677244,0.6,0.00995148,0.42222222200000004,1.0,0.01474102,1
26.15999984741211,0.6,0.00995148,0.42222222200000004,0.4,0.009233187,0
37.56857299804688,0.8,0.009609827,0.5111111110000001,0.6,0.007289759,1
127.58000183105469,0.8,0.009609827,0.5111111110000001,0.8,0.018266557,1
251.52407836914062,0.8,0.009609827,0.5111111110000001,0.6,0.009584997,1
21.239782333374023,0.8,0.009609827,0.5111111110000001,0.2,0.014585388999999999,0
131.27000427246094,0.8,0.009609827,0.5111111110000001,0.6,0.006885328304862959,1
24.489999771118164,0.8,0.009609827,0.5111111110000001,0.4,0.013754923999999998,1
20.729999542236328,0.8,0.009609827,0.5111111110000001,0.2,0.016231523,0
13.329999923706055,0.8,0.009609827,0.5111111110000001,0.8,0.013096718,0
25.729999542236328,0.8,0.009609827,0.5111111110000001,0.4,0.010915153,0
37.38571548461914,0.8,0.009856978,0.5111111110000001,0.6,0.0060789780000000005,0
127.83000183105469,0.8,0.009856978,0.5111111110000001,1.0,0.018197447,1
252.4083251953125,0.8,0.009856978,0.5111111110000001,0.6,0.010023836,1
21.04904556274414,0.8,0.009856978,0.5111111110000001,0.2,0.013326049,0
131.83000183105472,0.8,0.009856978,0.5111111110000001,0.8,0.007100065795660746,1
24.290000915527344,0.8,0.009856978,0.5111111110000001,0.4,0.01061064,0
20.670000076293945,0.8,0.009856978,0.5111111110000001,0.2,0.013997457,0
13.300000190734865,0.8,0.009856978,0.5111111110000001,0.6,0.010837662,0
25.3700008392334,0.8,0.009856978,0.5111111110000001,0.2,0.013096864,0
37.15571594238281,0.6,0.010738941,0.5111111110000001,0.6,0.006643015,0
128.32000732421878,0.6,0.010738941,0.5111111110000001,1.0,0.017201308000000002,1
248.4937896728516,0.6,0.010738941,0.5111111110000001,0.6,0.01306785,0
19.005449295043945,0.6,0.010738941,0.5111111110000001,0.2,0.031149048999999998,0
130.13999938964844,0.6,0.010738941,0.5111111110000001,0.6,0.009070336516021122,0
24.3799991607666,0.6,0.010738941,0.5111111110000001,0.6,0.010845331000000001,1
20.649999618530273,0.6,0.010738941,0.5111111110000001,0.2,0.01010158,0
12.75,0.6,0.010738941,0.5111111110000001,0.4,0.018793884,0
25.54999923706055,0.6,0.010738941,0.5111111110000001,0.4,0.012825483,1
37.39285659790039,0.6,0.006939385,0.46666666700000003,0.6,0.004343197,1
128.83000183105472,0.6,0.006939385,0.46666666700000003,1.0,0.014297823999999999,1
251.04220581054688,0.6,0.006939385,0.46666666700000003,0.6,0.012825443999999998,1
19.34604835510254,0.6,0.006939385,0.46666666700000003,0.2,0.028130326,1
132.0,0.6,0.006939385,0.46666666700000003,0.6,0.008252784000787876,1
24.26000022888184,0.6,0.006939385,0.46666666700000003,0.4,0.006330568000000001,0
20.649999618530273,0.6,0.006939385,0.46666666700000003,0.0,0.004761781,0
12.760000228881836,0.6,0.006939385,0.46666666700000003,0.4,0.012985285,1
25.61000061035156,0.6,0.006939385,0.46666666700000003,0.4,0.009265711999999999,1
37.058570861816406,0.6,0.007611898000000001,0.444444444,0.4,0.006070058000000001,0
130.0,0.6,0.007611898000000001,0.444444444,1.0,0.012199787,1
250.22750854492188,0.6,0.007611898000000001,0.444444444,0.6,0.013237955,0
19.223432540893555,0.6,0.007611898000000001,0.444444444,0.2,0.028556894,0
131.83999633789062,0.6,0.007611898000000001,0.444444444,0.6,0.007898702005334508,0
24.290000915527344,0.6,0.007611898000000001,0.444444444,0.6,0.0059191719999999995,1
19.81999969482422,0.6,0.007611898000000001,0.444444444,0.0,0.010152779,0
12.3100004196167,0.6,0.007611898000000001,0.444444444,0.2,0.016380041,0
25.06999969482422,0.6,0.007611898000000001,0.444444444,0.4,0.012191518,0
35.74142837524414,0.4,0.012212831,0.333333333,0.2,0.012376746000000001,0
125.88999938964844,0.4,0.012212831,0.333333333,0.8,0.010092864,0
244.28118896484366,0.4,0.012212831,0.333333333,0.4,0.011257732,0
18.514986038208008,0.4,0.012212831,0.333333333,0.2,0.033435992000000005,0
129.83000183105472,0.4,0.012212831,0.333333333,0.4,0.009567144405032414,0
23.65999984741211,0.4,0.012212831,0.333333333,0.4,0.008793401,0
19.43000030517578,0.4,0.012212831,0.333333333,0.0,0.012746541,0
11.779999732971193,0.4,0.012212831,0.333333333,0.2,0.024541839,0
24.86000061035156,0.4,0.012212831,0.333333333,0.4,0.010579356000000002,0
35.970001220703125,0.4,0.01274902,0.37777777799999995,0.4,0.012682321000000002,1
126.55999755859376,0.4,0.01274902,0.37777777799999995,0.8,0.010765371000000001,1
244.41531372070312,0.4,0.01274902,0.37777777799999995,0.4,0.010664433000000001,1
18.228883743286133,0.4,0.01274902,0.37777777799999995,0.2,0.034730453,0
128.30000305175778,0.4,0.01274902,0.37777777799999995,0.2,0.011070871208211428,0
22.940000534057607,0.4,0.01274902,0.37777777799999995,0.4,0.013246306000000001,0
19.450000762939453,0.4,0.01274902,0.37777777799999995,0.2,0.012373547,1
11.979999542236328,0.4,0.01274902,0.37777777799999995,0.4,0.027487313,1
24.489999771118164,0.4,0.01274902,0.37777777799999995,0.4,0.010757751999999999,0
35.58571243286133,0.4,0.011964666,0.355555556,0.4,0.013588626000000001,0
124.69000244140624,0.4,0.011964666,0.355555556,0.6,0.012953832,0
241.6036071777344,0.4,0.011964666,0.355555556,0.4,0.009863446,0
18.36966323852539,0.4,0.011964666,0.355555556,0.4,0.016857557,1
127.87000274658205,0.4,0.011964666,0.355555556,0.2,0.009177263911373992,0
22.65999984741211,0.4,0.011964666,0.355555556,0.2,0.014946431999999999,0
19.149999618530273,0.4,0.011964666,0.355555556,0.2,0.015264868999999999,0
12.210000038146973,0.4,0.011964666,0.355555556,0.6,0.023056375,1
24.399999618530273,0.4,0.011964666,0.355555556,0.2,0.010073761,0
35.37714385986328,0.4,0.011399026000000001,0.333333333,0.2,0.01348436,0
126.06999969482422,0.4,0.011399026000000001,0.333333333,0.6,0.014372438000000001,1
241.2260589599609,0.4,0.011399026000000001,0.333333333,0.2,0.008124891,0
18.415077209472656,0.4,0.011399026000000001,0.333333333,0.4,0.013767777,1
127.7699966430664,0.4,0.011399026000000001,0.333333333,0.0,0.006475221235924822,0
22.71999931335449,0.4,0.011399026000000001,0.333333333,0.4,0.01449159,1
19.46999931335449,0.4,0.011399026000000001,0.333333333,0.4,0.018606903,1
12.34000015258789,0.4,0.011399026000000001,0.333333333,0.6,0.025028913,1
24.5,0.4,0.011399026000000001,0.333333333,0.2,0.010423758,1
35.9957160949707,0.4,0.010328019,0.488888889,0.4,0.015193411,1
128.86000061035156,0.4,0.010328019,0.488888889,0.6,0.016982208000000002,1
243.6751251220703,0.4,0.010328019,0.488888889,0.4,0.009506354,1
18.53769302368164,0.4,0.010328019,0.488888889,0.6,0.013831861,1
128.44999694824222,0.4,0.010328019,0.488888889,0.2,0.007297204566931299,1
23.04999923706055,0.4,0.010328019,0.488888889,0.4,0.017149193,1
19.530000686645508,0.4,0.010328019,0.488888889,0.6,0.01118451,1
12.520000457763672,0.4,0.010328019,0.488888889,0.8,0.020892971,1
24.709999084472656,0.4,0.010328019,0.488888889,0.4,0.007920927,1
36.15285873413086,0.6,0.004728205,0.644444444,0.6,0.008958093,1
129.64999389648438,0.6,0.004728205,0.644444444,0.8,0.011885256,1
239.5171661376953,0.6,0.004728205,0.644444444,0.4,0.008166331,0
18.78292465209961,0.6,0.004728205,0.644444444,0.8,0.009106966999999999,1
129.38999938964844,0.6,0.004728205,0.644444444,0.4,0.005711670681356899,1
23.09000015258789,0.6,0.004728205,0.644444444,0.6,0.012308943999999999,1
19.59000015258789,0.6,0.004728205,0.644444444,0.8,0.007863531,1
12.43000030517578,0.6,0.004728205,0.644444444,0.8,0.013719776999999999,0
24.81999969482422,0.6,0.004728205,0.644444444,0.6,0.007135956999999999,1
35.6971435546875,0.4,0.007170415,0.533333333,0.4,0.010200103,0
127.56999969482422,0.4,0.007170415,0.533333333,0.6,0.014029468,0
232.47299194335938,0.4,0.007170415,0.533333333,0.2,0.013938498,0
18.51044464111328,0.4,0.007170415,0.533333333,0.8,0.008917831999999999,0
128.89999389648438,0.4,0.007170415,0.533333333,0.4,0.0041121529068558794,0
23.0,0.4,0.007170415,0.533333333,0.6,0.007002288000000001,0
18.899999618530273,0.4,0.007170415,0.533333333,0.6,0.014702075,0
12.029999732971193,0.4,0.007170415,0.533333333,0.6,0.016760245,0
24.440000534057607,0.4,0.007170415,0.533333333,0.6,0.007221321,0
35.66285705566406,0.4,0.008898968,0.5555555560000001,0.4,0.008255482,0
127.76000213623048,0.4,0.008898968,0.5555555560000001,0.8,0.011372235,1
229.5172119140625,0.4,0.008898968,0.5555555560000001,0.2,0.014180638,0
18.09718513488769,0.4,0.008898968,0.5555555560000001,0.6,0.011838405,0
127.5,0.4,0.008898968,0.5555555560000001,0.4,0.00561406563691479,0
23.020000457763672,0.4,0.008898968,0.5555555560000001,0.8,0.0047350479999999995,1
18.90999984741211,0.4,0.008898968,0.5555555560000001,0.8,0.011723053,1
11.779999732971193,0.4,0.008898968,0.5555555560000001,0.4,0.01707678,0
24.229999542236328,0.4,0.008898968,0.5555555560000001,0.6,0.008204829,0
35.11428451538086,0.2,0.007715263000000001,0.46666666700000003,0.4,0.010159714,0
126.5999984741211,0.2,0.007715263000000001,0.46666666700000003,0.6,0.01097466,0
230.53558349609366,0.2,0.007715263000000001,0.46666666700000003,0.4,0.014755506000000002,1
17.729337692260742,0.2,0.007715263000000001,0.46666666700000003,0.4,0.015409204,0
126.47000122070312,0.2,0.007715263000000001,0.46666666700000003,0.4,0.007073331600776095,0
22.84000015258789,0.2,0.007715263000000001,0.46666666700000003,0.6,0.005769345,0
18.700000762939453,0.2,0.007715263000000001,0.46666666700000003,0.6,0.010602057,0
11.640000343322756,0.2,0.007715263000000001,0.46666666700000003,0.2,0.017324276,0
24.28000068664551,0.2,0.007715263000000001,0.46666666700000003,0.6,0.007797874000000001,1
34.27571487426758,0.2,0.013386981000000001,0.26666666699999997,0.2,0.011438928999999999,0
124.52999877929688,0.2,0.013386981000000001,0.26666666699999997,0.4,0.009818688,0
224.23655700683602,0.2,0.013386981000000001,0.26666666699999997,0.2,0.01818968,0
17.434150695800778,0.2,0.013386981000000001,0.26666666699999997,0.2,0.017407442,0
124.9000015258789,0.2,0.013386981000000001,0.26666666699999997,0.2,0.008491720217716553,0
22.40999984741211,0.2,0.013386981000000001,0.26666666699999997,0.4,0.0066297430000000004,0
18.40999984741211,0.2,0.013386981000000001,0.26666666699999997,0.4,0.013087324,0
11.550000190734865,0.2,0.013386981000000001,0.26666666699999997,0.0,0.015953323000000002,0
24.040000915527344,0.2,0.013386981000000001,0.26666666699999997,0.4,0.00806053,0
34.698570251464844,0.0,0.015098086,0.26666666699999997,0.2,0.013033186,1
126.8499984741211,0.0,0.015098086,0.26666666699999997,0.4,0.012318571,1
225.84112548828125,0.0,0.015098086,0.26666666699999997,0.4,0.016208112,1
17.366031646728516,0.0,0.015098086,0.26666666699999997,0.0,0.015543123999999998,0
125.2699966430664,0.0,0.015098086,0.26666666699999997,0.2,0.007620578019425166,1
22.420000076293945,0.0,0.015098086,0.26666666699999997,0.4,0.006371911,1
18.479999542236328,0.0,0.015098086,0.26666666699999997,0.4,0.013233343,1
11.420000076293945,0.0,0.015098086,0.26666666699999997,0.0,0.016766705,0
24.10000038146973,0.0,0.015098086,0.26666666699999997,0.4,0.0076693609999999995,1
34.325714111328125,0.0,0.01438093,0.26666666699999997,0.2,0.012661255,0
124.86000061035156,0.0,0.01438093,0.26666666699999997,0.4,0.012247502,0
224.0328826904297,0.0,0.01438093,0.26666666699999997,0.4,0.011927473999999999,0
17.356948852539062,0.0,0.01438093,0.26666666699999997,0.0,0.012746368999999999,0
122.77999877929688,0.0,0.01438093,0.26666666699999997,0.2,0.010838579220405898,0
22.25,0.0,0.01438093,0.26666666699999997,0.4,0.007108855999999999,0
18.18000030517578,0.0,0.01438093,0.26666666699999997,0.4,0.009435671999999999,0
11.359999656677244,0.0,0.01438093,0.26666666699999997,0.0,0.01138145,0
23.81999969482422,0.0,0.01438093,0.26666666699999997,0.4,0.006930978000000001,0
34.51714324951172,0.2,0.014853751,0.37777777799999995,0.4,0.013584526999999999,1
126.63999938964844,0.2,0.014853751,0.37777777799999995,0.4,0.014800813999999999,1
227.9325256347656,0.2,0.014853751,0.37777777799999995,0.6,0.012865885,1
17.257038116455078,0.2,0.014853751,0.37777777799999995,0.0,0.009432467,0
124.7300033569336,0.2,0.014853751,0.37777777799999995,0.4,0.01184278264033532,1
22.51000022888184,0.2,0.014853751,0.37777777799999995,0.4,0.009272019,1
18.3700008392334,0.2,0.014853751,0.37777777799999995,0.4,0.011420063999999999,1
11.489999771118164,0.2,0.014853751,0.37777777799999995,0.2,0.009513908,1
23.93000030517578,0.2,0.014853751,0.37777777799999995,0.6,0.006136074,1
34.64285659790039,0.2,0.018785523000000002,0.37777777799999995,0.6,0.011236501999999999,1
123.79000091552734,0.2,0.018785523000000002,0.37777777799999995,0.4,0.017485848000000002,0
224.8823547363281,0.2,0.018785523000000002,0.37777777799999995,0.4,0.014654862,0
17.5113525390625,0.2,0.018785523000000002,0.37777777799999995,0.2,0.008314593,1
123.4000015258789,0.2,0.018785523000000002,0.37777777799999995,0.4,0.012359707589175631,0
22.020000457763672,0.2,0.018785523000000002,0.37777777799999995,0.4,0.012061778,0
17.959999084472656,0.2,0.018785523000000002,0.37777777799999995,0.4,0.013662845,0
11.3100004196167,0.2,0.018785523000000002,0.37777777799999995,0.2,0.010270155999999999,0
23.63999938964844,0.2,0.018785523000000002,0.37777777799999995,0.4,0.008147096999999999,0
34.728572845458984,0.2,0.014905342,0.444444444,0.8,0.0069551280000000005,1
124.83000183105469,0.2,0.014905342,0.444444444,0.6,0.015895973,1
223.5559844970703,0.2,0.014905342,0.444444444,0.4,0.010369786,0
17.46139907836914,0.2,0.014905342,0.444444444,0.2,0.005555193000000001,0
123.12999725341795,0.2,0.014905342,0.444444444,0.4,0.010314514065911207,0
21.84000015258789,0.2,0.014905342,0.444444444,0.4,0.009931331,0
17.670000076293945,0.2,0.014905342,0.444444444,0.4,0.013790618999999999,0
11.40999984741211,0.2,0.014905342,0.444444444,0.4,0.010492099,1
23.46999931335449,0.2,0.014905342,0.444444444,0.4,0.007608404,0
35.76142883300781,0.4,0.019472352,0.488888889,0.8,0.010435914000000001,1
132.49000549316406,0.4,0.019472352,0.488888889,0.6,0.02444266,1
228.67767333984366,0.4,0.019472352,0.488888889,0.4,0.013520666,1
17.80653953552246,0.4,0.019472352,0.488888889,0.4,0.008726931,1
125.7699966430664,0.4,0.019472352,0.488888889,0.4,0.014010197751975723,1
22.6200008392334,0.4,0.019472352,0.488888889,0.4,0.016984947,1
18.13999938964844,0.4,0.019472352,0.488888889,0.4,0.018349908999999998,1
11.579999923706055,0.4,0.019472352,0.488888889,0.6,0.011220858,1
23.899999618530273,0.4,0.019472352,0.488888889,0.4,0.010773495,1
36.02428436279297,0.6,0.018535351000000002,0.644444444,1.0,0.00975685,1
135.21000671386722,0.6,0.018535351000000002,0.644444444,0.8,0.025411071,1
230.0934600830078,0.6,0.018535351000000002,0.644444444,0.6,0.013157563,1
18.019981384277344,0.6,0.018535351000000002,0.644444444,0.6,0.011019669,1
125.04000091552734,0.6,0.018535351000000002,0.644444444,0.4,0.0111956303543752,0
22.479999542236328,0.6,0.018535351000000002,0.644444444,0.4,0.016706297,0
18.280000686645508,0.6,0.018535351000000002,0.644444444,0.6,0.016646729,1
11.699999809265135,0.6,0.018535351000000002,0.644444444,0.8,0.012242599,1
23.940000534057607,0.6,0.018535351000000002,0.644444444,0.6,0.008784574,1
36.96714401245117,0.6,0.02082693,0.666666667,1.0,0.013876059,1
138.78999328613278,0.6,0.02082693,0.666666667,0.8,0.027855326,1
233.6304626464844,0.6,0.02082693,0.666666667,0.6,0.012750655,1
18.31970977783203,0.6,0.02082693,0.666666667,0.8,0.013195044,1
127.58000183105469,0.6,0.02082693,0.666666667,0.4,0.012081911140199256,1
22.920000076293945,0.6,0.02082693,0.666666667,0.4,0.018283812,1
18.43000030517578,0.6,0.02082693,0.666666667,0.6,0.016197648000000002,1
11.84000015258789,0.6,0.02082693,0.666666667,0.8,0.012347033,1
24.290000915527344,0.6,0.02082693,0.666666667,0.6,0.010784955,1
36.83000183105469,0.6,0.021496271,0.666666667,0.8,0.013889616,0
137.22000122070312,0.6,0.021496271,0.666666667,0.8,0.025616781,0
230.69952392578125,0.6,0.021496271,0.666666667,0.6,0.012583313,0
18.12897300720215,0.6,0.021496271,0.666666667,0.6,0.012329986000000001,0
125.9499969482422,0.6,0.021496271,0.666666667,0.4,0.012504568894568805,0
24.26000022888184,0.6,0.021496271,0.666666667,0.6,0.025623039,1
18.1200008392334,0.6,0.021496271,0.666666667,0.6,0.015097903999999999,0
12.079999923706055,0.6,0.021496271,0.666666667,1.0,0.013267935,1
23.959999084472656,0.6,0.021496271,0.666666667,0.6,0.011078393999999998,0
37.560001373291016,0.6,0.019613401000000003,0.688888889,0.8,0.017358916000000002,1
139.13999938964844,0.6,0.019613401000000003,0.688888889,0.8,0.026734937,1
233.7695617675781,0.6,0.019613401000000003,0.688888889,0.8,0.014065204,1
17.62488555908203,0.6,0.019613401000000003,0.688888889,0.6,0.017320585,0
126.08000183105469,0.6,0.019613401000000003,0.688888889,0.6,0.012273399560847996,1
24.13999938964844,0.6,0.019613401000000003,0.688888889,0.6,0.024977449,0
17.899999618530273,0.6,0.019613401000000003,0.688888889,0.6,0.014296785,0
12.0,0.6,0.019613401000000003,0.688888889,0.8,0.012824101000000001,0
23.93000030517578,0.6,0.019613401000000003,0.688888889,0.6,0.00989056,0
37.58142852783203,0.6,0.014959631000000001,0.666666667,0.8,0.011524848999999998,1
140.3800048828125,0.6,0.014959631000000001,0.666666667,0.8,0.016244626,1
236.5514678955078,0.6,0.014959631000000001,0.666666667,0.8,0.011863226000000001,1
17.629426956176758,0.6,0.014959631000000001,0.666666667,0.6,0.013418936000000001,1
126.36000061035156,0.6,0.014959631000000001,0.666666667,0.6,0.008429410215296326,1
24.32999992370605,0.6,0.014959631000000001,0.666666667,0.6,0.019408741,1
18.0,0.6,0.014959631000000001,0.666666667,0.6,0.010094365,1
12.0,0.6,0.014959631000000001,0.666666667,0.6,0.009844257,0
24.01000022888184,0.6,0.014959631000000001,0.666666667,0.6,0.006894921,1
37.63000106811523,0.6,0.01363507,0.6,0.8,0.010313291,1
142.44000244140625,0.6,0.01363507,0.6,0.8,0.015073541999999999,1
236.53158569335938,0.6,0.01363507,0.6,0.6,0.010641798000000001,0
17.38419532775879,0.6,0.01363507,0.6,0.4,0.013803665,0
127.98999786376952,0.6,0.01363507,0.6,0.8,0.009848493807292972,1
25.04999923706055,0.6,0.01363507,0.6,0.8,0.0240895,1
17.969999313354492,0.6,0.01363507,0.6,0.4,0.008884141,0
11.920000076293945,0.6,0.01363507,0.6,0.4,0.009105053,0
23.85000038146973,0.6,0.01363507,0.6,0.4,0.007892962,0
38.1485710144043,0.6,0.013055668000000001,0.577777778,0.8,0.007834864,1
145.07000732421875,0.6,0.013055668000000001,0.577777778,0.8,0.013470885,1
239.5767822265625,0.6,0.013055668000000001,0.577777778,0.6,0.010142268000000001,1
17.38419532775879,0.6,0.013055668000000001,0.577777778,0.2,0.010477043,0
129.61000061035156,0.6,0.013055668000000001,0.577777778,0.8,0.008317244540122138,1
25.11000061035156,0.6,0.013055668000000001,0.577777778,0.8,0.020653957,1
18.559999465942386,0.6,0.013055668000000001,0.577777778,0.4,0.013809509,1
12.0600004196167,0.6,0.013055668000000001,0.577777778,0.4,0.009060883,1
25.11000061035156,0.6,0.013055668000000001,0.577777778,0.4,0.015535021999999999,1
38.29428482055664,0.8,0.008152101,0.666666667,1.0,0.007856824,1
145.75,0.8,0.008152101,0.666666667,1.0,0.012145953999999999,1
238.6627349853516,0.8,0.008152101,0.666666667,0.6,0.008396282,0
17.842870712280273,0.8,0.008152101,0.666666667,0.4,0.013671655,1
128.85000610351562,0.8,0.008152101,0.666666667,0.8,0.006934718011536925,0
25.3799991607666,0.8,0.008152101,0.666666667,0.8,0.011111636999999999,1
18.739999771118164,0.8,0.008152101,0.666666667,0.6,0.012385093,1
12.270000457763672,0.8,0.008152101,0.666666667,0.4,0.008489421,1
25.03000068664551,0.8,0.008152101,0.666666667,0.4,0.013455035,0
38.60285568237305,1.0,0.008972276,0.7333333329999999,1.0,0.005504244,1
145.4499969482422,1.0,0.008972276,0.7333333329999999,0.8,0.009759199,0
238.7670440673828,1.0,0.008972276,0.7333333329999999,0.6,0.005822189,1
17.992733001708984,1.0,0.008972276,0.7333333329999999,0.6,0.00979033,1
129.42999267578122,1.0,0.008972276,0.7333333329999999,0.8,0.007628529878110619,1
25.739999771118164,1.0,0.008972276,0.7333333329999999,1.0,0.012959232,1
18.71999931335449,1.0,0.008972276,0.7333333329999999,0.6,0.010170275999999999,0
12.350000381469727,1.0,0.008972276,0.7333333329999999,0.6,0.008468910999999999,1
25.1200008392334,1.0,0.008972276,0.7333333329999999,0.6,0.013923766,1
39.5099983215332,0.8,0.00858511,0.7111111109999999,1.0,0.010090021999999999,1
148.1300048828125,0.8,0.00858511,0.7111111109999999,0.8,0.01166194,1
238.97569274902344,0.8,0.00858511,0.7111111109999999,0.6,0.00361692,1
18.32425117492676,0.8,0.00858511,0.7111111109999999,0.6,0.013423818999999998,1
129.66999816894528,0.8,0.00858511,0.7111111109999999,0.8,0.007555234727443178,1
25.36000061035156,0.8,0.00858511,0.7111111109999999,0.8,0.014337673,0
18.96999931335449,0.8,0.00858511,0.7111111109999999,0.6,0.011723893,1
12.199999809265135,0.8,0.00858511,0.7111111109999999,0.6,0.01089807,0
25.32999992370605,0.8,0.00858511,0.7111111109999999,0.6,0.014927117,1
39.33856964111328,0.8,0.007820475,0.7333333329999999,0.8,0.010699303,0
148.32000732421875,0.8,0.007820475,0.7333333329999999,0.8,0.008983587,1
243.49131774902344,0.8,0.007820475,0.7333333329999999,0.8,0.00737926,1
17.774749755859375,0.8,0.007820475,0.7333333329999999,0.6,0.016639279,0
130.19000244140622,0.8,0.007820475,0.7333333329999999,0.8,0.005777351267879817,1
27.479999542236328,0.8,0.007820475,0.7333333329999999,0.8,0.025138294,1
18.809999465942386,0.8,0.007820475,0.7333333329999999,0.6,0.013077425,0
12.329999923706055,0.8,0.007820475,0.7333333329999999,0.8,0.011695887,1
25.21999931335449,0.8,0.007820475,0.7333333329999999,0.6,0.014462881,0
40.46142959594727,0.8,0.006485749,0.7555555559999999,0.8,0.013651848999999999,1
151.3000030517578,0.8,0.006485749,0.7555555559999999,0.8,0.00930913,1
252.49774169921875,0.8,0.006485749,0.7555555559999999,0.8,0.012202122,1
17.888282775878906,0.8,0.006485749,0.7555555559999999,0.8,0.017916743,1
131.78999328613278,0.8,0.006485749,0.7555555559999999,0.8,0.005703831132636525,1
27.489999771118164,0.8,0.006485749,0.7555555559999999,0.8,0.024732023,1
18.93000030517578,0.8,0.006485749,0.7555555559999999,0.6,0.007786849,1
12.56999969482422,0.8,0.006485749,0.7555555559999999,0.8,0.013239829,1
25.43000030517578,0.8,0.006485749,0.7555555559999999,0.6,0.005562194,1
40.538570404052734,0.6,0.007693013,0.7333333329999999,0.8,0.013269226,1
150.72999572753906,0.6,0.007693013,0.7333333329999999,0.6,0.009125141,0
255.07101440429688,0.6,0.007693013,0.7333333329999999,1.0,0.013477323999999999,1
18.12897300720215,0.6,0.007693013,0.7333333329999999,0.8,0.015330857,1
131.97999572753906,0.6,0.007693013,0.7333333329999999,1.0,0.004819431824653749,1
26.81999969482422,0.6,0.007693013,0.7333333329999999,0.6,0.027455997000000003,0
19.13999938964844,0.6,0.007693013,0.7333333329999999,0.6,0.008065882,1
12.510000228881836,0.6,0.007693013,0.7333333329999999,0.6,0.010711886,0
25.149999618530273,0.6,0.007693013,0.7333333329999999,0.6,0.007127127,0
41.10714340209961,0.4,0.0071755,0.688888889,0.8,0.014462746,1
151.8300018310547,0.4,0.0071755,0.688888889,0.8,0.010173045,1
256.33279418945307,0.4,0.0071755,0.688888889,1.0,0.014379268999999998,1
17.96094512939453,0.4,0.0071755,0.688888889,0.6,0.015504751,0
132.57000732421878,0.4,0.0071755,0.688888889,1.0,0.00481327353820386,1
27.20000076293945,0.4,0.0071755,0.688888889,0.6,0.027452827000000003,1
19.01000022888184,0.4,0.0071755,0.688888889,0.6,0.009210833,0
12.369999885559082,0.4,0.0071755,0.688888889,0.4,0.011646108999999998,0
24.61000061035156,0.4,0.0071755,0.688888889,0.4,0.010702216,0
41.27428436279297,0.4,0.007176974,0.6,0.8,0.01057607,1
152.85000610351562,0.4,0.007176974,0.6,0.8,0.007831531999999999,1
255.08094787597656,0.4,0.007176974,0.6,0.8,0.015181232,0
18.233423233032227,0.4,0.007176974,0.6,0.6,0.014853846,1
131.66999816894528,0.4,0.007176974,0.6,0.8,0.005800195184004014,0
27.1200008392334,0.4,0.007176974,0.6,0.6,0.025088465,0
18.979999542236328,0.4,0.007176974,0.6,0.4,0.0068555230000000005,0
12.239999771118164,0.4,0.007176974,0.6,0.4,0.011318811000000002,0
24.43000030517578,0.4,0.007176974,0.6,0.2,0.010493071000000001,0
41.7599983215332,0.4,0.015037083,0.666666667,1.0,0.012061887,1
160.72999572753906,0.4,0.015037083,0.666666667,0.8,0.017885746,1
261.94131469726557,0.4,0.015037083,0.666666667,0.8,0.016781055,1
18.61035346984864,0.4,0.015037083,0.666666667,0.8,0.012990812,1
134.11000061035156,0.4,0.015037083,0.666666667,0.8,0.008704391690648742,1
26.959999084472656,0.4,0.015037083,0.666666667,0.4,0.009549185,0
19.420000076293945,0.4,0.015037083,0.666666667,0.6,0.009805116,1
12.329999923706055,0.4,0.015037083,0.666666667,0.4,0.010658253000000001,1
24.78000068664551,0.4,0.015037083,0.666666667,0.4,0.012489864,1
41.59428405761719,0.2,0.016521631999999998,0.5555555560000001,0.8,0.00714684,0
159.3699951171875,0.2,0.016521631999999998,0.5555555560000001,0.6,0.015559693000000001,0
263.49124145507807,0.2,0.016521631999999998,0.5555555560000001,0.8,0.010566733,1
18.737510681152344,0.2,0.016521631999999998,0.5555555560000001,0.8,0.013079869,1
134.64999389648438,0.2,0.016521631999999998,0.5555555560000001,0.8,0.007051758780910945,1
26.95000076293945,0.2,0.016521631999999998,0.5555555560000001,0.2,0.009550575,0
19.239999771118164,0.2,0.016521631999999998,0.5555555560000001,0.4,0.010382951999999999,0
12.510000228881836,0.2,0.016521631999999998,0.5555555560000001,0.4,0.009685025,1
24.729999542236328,0.2,0.016521631999999998,0.5555555560000001,0.2,0.011228071000000001,0
40.97999954223633,0.4,0.016213971,0.5555555560000001,0.6,0.009719232,0
159.6999969482422,0.4,0.016213971,0.5555555560000001,0.8,0.015220346000000001,1
261.8817138671875,0.4,0.016213971,0.5555555560000001,0.6,0.009750172,0
18.900999069213867,0.4,0.016213971,0.5555555560000001,0.8,0.012133868999999999,1
134.88999938964844,0.4,0.016213971,0.5555555560000001,0.8,0.007119905492267924,1
27.190000534057607,0.4,0.016213971,0.5555555560000001,0.4,0.006457149000000001,1
19.51000022888184,0.4,0.016213971,0.5555555560000001,0.4,0.010970918,1
12.399999618530273,0.4,0.016213971,0.5555555560000001,0.4,0.010488983,0
24.68000030517578,0.4,0.016213971,0.5555555560000001,0.2,0.009430303000000001,0
41.0528564453125,0.4,0.016507993999999998,0.533333333,0.6,0.007269708000000001,1
158.99000549316406,0.4,0.016507993999999998,0.533333333,0.6,0.014649931000000001,0
262.14004516601557,0.4,0.016507993999999998,0.533333333,0.6,0.008958105,1
19.314260482788086,0.4,0.016507993999999998,0.533333333,1.0,0.014653081,1
135.47999572753906,0.4,0.016507993999999998,0.533333333,0.8,0.007100594467664502,1
27.170000076293945,0.4,0.016507993999999998,0.533333333,0.2,0.0037705509999999996,0
19.239999771118164,0.4,0.016507993999999998,0.533333333,0.4,0.012380331999999999,0
12.3100004196167,0.4,0.016507993999999998,0.533333333,0.4,0.009702368000000001,0
24.5,0.4,0.016507993999999998,0.533333333,0.2,0.00659475,0
40.53571319580078,0.4,0.019006041,0.46666666700000003,0.4,0.008975914,0
157.05999755859375,0.4,0.019006041,0.46666666700000003,0.4,0.015734153,0
261.1961669921875,0.4,0.019006041,0.46666666700000003,0.6,0.008701502,0
19.105358123779297,0.4,0.019006041,0.46666666700000003,0.8,0.013782156,0
134.13999938964844,0.4,0.019006041,0.46666666700000003,0.8,0.007720953891802352,0
26.85000038146973,0.4,0.019006041,0.46666666700000003,0.2,0.005537853000000001,0
19.200000762939453,0.4,0.019006041,0.46666666700000003,0.4,0.012480491000000002,0
12.289999961853027,0.4,0.019006041,0.46666666700000003,0.4,0.007925453,0
24.489999771118164,0.4,0.019006041,0.46666666700000003,0.2,0.005213562,0
40.36000061035156,0.2,0.011760943000000001,0.355555556,0.2,0.007489275,0
153.7100067138672,0.2,0.011760943000000001,0.355555556,0.2,0.009689279,0
261.11172485351557,0.2,0.011760943000000001,0.355555556,0.4,0.0033871879999999997,0
18.514986038208008,0.2,0.011760943000000001,0.355555556,0.6,0.015827831,0
135.63999938964844,0.2,0.011760943000000001,0.355555556,0.8,0.0062511842172538745,1
27.239999771118164,0.2,0.011760943000000001,0.355555556,0.4,0.007262922,1
19.31999969482422,0.2,0.011760943000000001,0.355555556,0.4,0.009094015,1
12.289999961853027,0.2,0.011760943000000001,0.355555556,0.2,0.006454862,0
24.3799991607666,0.2,0.011760943000000001,0.355555556,0.0,0.00324656,0
39.80571365356445,0.2,0.007600791,0.311111111,0.2,0.009442338,0
155.38999938964844,0.2,0.007600791,0.311111111,0.4,0.010182924,1
259.48727416992193,0.2,0.007600791,0.311111111,0.2,0.00344803,0
18.455949783325195,0.2,0.007600791,0.311111111,0.4,0.015099023,0
135.25,0.2,0.007600791,0.311111111,0.6,0.006020935868581824,0
26.899999618530273,0.2,0.007600791,0.311111111,0.4,0.009685081,0
18.8700008392334,0.2,0.007600791,0.311111111,0.4,0.011898626,0
12.399999618530273,0.2,0.007600791,0.311111111,0.2,0.005325216999999999,1
23.90999984741211,0.2,0.007600791,0.311111111,0.0,0.006698614,0
41.27714157104492,0.2,0.012198178999999998,0.4,0.4,0.01388169,1
160.8699951171875,0.2,0.012198178999999998,0.4,0.4,0.016822006,1
267.3759765625,0.2,0.012198178999999998,0.4,0.4,0.008306559,1
18.533151626586914,0.2,0.012198178999999998,0.4,0.4,0.014190591,1
137.66000366210938,0.2,0.012198178999999998,0.4,0.6,0.009228224141044856,1
27.29999923706055,0.2,0.012198178999999998,0.4,0.4,0.010877982,1
19.149999618530273,0.2,0.012198178999999998,0.4,0.4,0.012059628999999999,1
12.5600004196167,0.2,0.012198178999999998,0.4,0.4,0.006147272,1
24.35000038146973,0.2,0.012198178999999998,0.4,0.2,0.009974726,1
41.31285858154297,0.4,0.011695523000000001,0.444444444,0.4,0.013699177,1
155.39999389648438,0.4,0.011695523000000001,0.444444444,0.4,0.022733374,0
265.44851684570307,0.4,0.011695523000000001,0.444444444,0.2,0.009551031,0
18.501361846923828,0.4,0.011695523000000001,0.444444444,0.2,0.010160744000000001,0
137.83999633789062,0.4,0.011695523000000001,0.444444444,0.6,0.008614945930268413,1
27.57999992370605,0.4,0.011695523000000001,0.444444444,0.6,0.012782152,1
19.309999465942386,0.4,0.011695523000000001,0.444444444,0.6,0.010962828999999999,1
12.609999656677244,0.4,0.011695523000000001,0.444444444,0.6,0.005491838000000001,1
24.43000030517578,0.4,0.011695523000000001,0.444444444,0.4,0.009173136,1
41.317142486572266,0.4,0.009066634,0.622222222,0.6,0.011200513,1
156.27000427246094,0.4,0.009066634,0.622222222,0.6,0.021425242999999997,1
263.29254150390625,0.4,0.009066634,0.622222222,0.2,0.010455299999999999,0
18.533151626586914,0.4,0.009066634,0.622222222,0.4,0.008341199,1
138.72000122070312,0.4,0.009066634,0.622222222,0.8,0.007913649352164575,1
27.690000534057607,0.4,0.009066634,0.622222222,0.8,0.011224298999999998,1
19.399999618530273,0.4,0.009066634,0.622222222,0.8,0.0114792,1
12.770000457763672,0.4,0.009066634,0.622222222,0.8,0.007704573,1
24.53000068664551,0.4,0.009066634,0.622222222,0.6,0.00991017,1
42.0099983215332,0.6,0.00884127,0.7333333329999999,0.8,0.013687403,1
155.5500030517578,0.6,0.00884127,0.7333333329999999,0.6,0.018080851999999998,0
266.44204711914057,0.6,0.00884127,0.7333333329999999,0.4,0.012783042,1
18.687557220458984,0.6,0.00884127,0.7333333329999999,0.6,0.00382729,1
138.85000610351562,0.6,0.00884127,0.7333333329999999,0.8,0.005864614932121068,1
28.0,0.6,0.00884127,0.7333333329999999,0.8,0.010558348,1
19.520000457763672,0.6,0.00884127,0.7333333329999999,0.8,0.011466334,1
13.140000343322756,0.6,0.00884127,0.7333333329999999,1.0,0.013499403,1
24.56999969482422,0.6,0.00884127,0.7333333329999999,0.8,0.009337962,1
42.19428634643555,0.8,0.008938873,0.8222222220000001,1.0,0.011818041999999999,1
153.02999877929688,0.8,0.008938873,0.8222222220000001,0.4,0.019135048999999998,0
267.67901611328125,0.8,0.008938873,0.8222222220000001,0.6,0.012467293999999999,1
18.710264205932614,0.8,0.008938873,0.8222222220000001,0.8,0.003432594,1
139.66000366210938,0.8,0.008938873,0.8222222220000001,1.0,0.006456287337871361,1
27.85000038146973,0.8,0.008938873,0.8222222220000001,0.8,0.009133443,0
19.559999465942386,0.8,0.008938873,0.8222222220000001,1.0,0.0072177859999999995,1
13.06999969482422,0.8,0.008938873,0.8222222220000001,0.8,0.012774793999999999,0
24.59000015258789,0.8,0.008938873,0.8222222220000001,1.0,0.005645152,1
42.6485710144043,0.8,0.003927266,0.8222222220000001,1.0,0.006578293000000001,1
156.47999572753906,0.8,0.003927266,0.8222222220000001,0.4,0.016590749,1
268.94577026367193,0.8,0.003927266,0.8222222220000001,0.6,0.0073335430000000005,1
18.778383255004886,0.8,0.003927266,0.8222222220000001,0.8,0.0033241340000000003,1
139.85000610351562,0.8,0.003927266,0.8222222220000001,1.0,0.003164603976681396,1
27.95000076293945,0.8,0.003927266,0.8222222220000001,0.8,0.006877604,1
19.770000457763672,0.8,0.003927266,0.8222222220000001,1.0,0.006397375,1
13.149999618530273,0.8,0.003927266,0.8222222220000001,0.8,0.011418312,1
24.82999992370605,0.8,0.003927266,0.8222222220000001,1.0,0.00391669,1
42.87714385986328,0.8,0.00482551,0.8444444440000001,1.0,0.0074771230000000004,1
155.1699981689453,0.8,0.00482551,0.8444444440000001,0.4,0.011464557,0
269.89459228515625,0.8,0.00482551,0.8444444440000001,0.8,0.00659737,1
19.16893768310547,0.8,0.00482551,0.8444444440000001,1.0,0.007140692,1
140.3699951171875,0.8,0.00482551,0.8444444440000001,1.0,0.0036467389207666453,1
28.60000038146973,0.8,0.00482551,0.8444444440000001,0.8,0.009477477,1
19.239999771118164,0.8,0.00482551,0.8444444440000001,0.8,0.010088024000000001,0
13.550000190734865,0.8,0.00482551,0.8444444440000001,0.8,0.016705805,1
25.34000015258789,0.8,0.00482551,0.8444444440000001,1.0,0.007367543000000001,1
43.18714141845703,0.8,0.005109461,0.7777777779999999,1.0,0.008902365,1
155.52999877929688,0.8,0.005109461,0.7777777779999999,0.4,0.010808861000000001,1
268.71725463867193,0.8,0.005109461,0.7777777779999999,0.8,0.00584541,0
19.132606506347656,0.8,0.005109461,0.7777777779999999,0.8,0.007176106999999999,0
141.5,0.8,0.005109461,0.7777777779999999,1.0,0.003979926732288532,1
28.32999992370605,0.8,0.005109461,0.7777777779999999,0.6,0.010567908,0
19.31999969482422,0.8,0.005109461,0.7777777779999999,0.8,0.009987463,1
13.59000015258789,0.8,0.005109461,0.7777777779999999,0.8,0.014758529,1
25.229999542236328,0.8,0.005109461,0.7777777779999999,0.8,0.007417071,0
44.96285629272461,0.6,0.004497671,0.7555555559999999,1.0,0.013771873,1
164.63999938964844,0.6,0.004497671,0.7555555559999999,0.6,0.02160216,1
298.7817077636719,0.6,0.004497671,0.7555555559999999,0.8,0.025829282999999998,1
19.445959091186523,0.6,0.004497671,0.7555555559999999,0.8,0.008785431,1
141.05999755859375,0.6,0.004497671,0.7555555559999999,0.8,0.004414403359745463,0
28.899999618530273,0.6,0.004497671,0.7555555559999999,0.6,0.012352837,1
19.31999969482422,0.6,0.004497671,0.7555555559999999,0.6,0.008750341,0
14.09000015258789,0.6,0.004497671,0.7555555559999999,0.8,0.016322051,1
25.540000915527344,0.6,0.004497671,0.7555555559999999,0.8,0.009548351,1
45.42856979370117,0.6,0.009921768000000001,0.7555555559999999,1.0,0.014966067,1
163.55999755859375,0.6,0.009921768000000001,0.7555555559999999,0.6,0.019673994,0
306.85919189453125,0.6,0.009921768000000001,0.7555555559999999,0.8,0.030307721,1
19.673025131225586,0.6,0.009921768000000001,0.7555555559999999,0.8,0.010877768000000001,1
142.8300018310547,0.6,0.009921768000000001,0.7555555559999999,0.8,0.0057572567408317,1
29.229999542236328,0.6,0.009921768000000001,0.7555555559999999,0.8,0.013565148,1
19.190000534057614,0.6,0.009921768000000001,0.7555555559999999,0.4,0.009686262,0
13.649999618530273,0.6,0.009921768000000001,0.7555555559999999,0.8,0.021502164,0
25.81999969482422,0.6,0.009921768000000001,0.7555555559999999,0.8,0.011578177,1
44.21285629272461,0.4,0.011747345,0.577777778,0.8,0.018164966,0
158.6699981689453,0.4,0.011747345,0.577777778,0.4,0.021144535,0
301.95111083984375,0.4,0.011747345,0.577777778,0.6,0.032560162999999996,0
19.45050048828125,0.4,0.011747345,0.577777778,0.6,0.012411853,0
138.02999877929688,0.4,0.011747345,0.577777778,0.6,0.012206445121623765,0
29.1299991607666,0.4,0.011747345,0.577777778,0.6,0.013531243,0
19.209999084472656,0.4,0.011747345,0.577777778,0.4,0.00774744,1
13.399999618530273,0.4,0.011747345,0.577777778,0.6,0.023940992,0
25.10000038146973,0.4,0.011747345,0.577777778,0.6,0.015203231999999999,0
44.361427307128906,0.4,0.015109969,0.5555555560000001,0.8,0.017765148,1
158.6699981689453,0.4,0.015109969,0.5555555560000001,0.4,0.019470203000000002,0
302.0256042480469,0.4,0.015109969,0.5555555560000001,0.6,0.031903917999999996,1
19.445959091186523,0.4,0.015109969,0.5555555560000001,0.4,0.008298933,0
139.07000732421878,0.4,0.015109969,0.5555555560000001,0.6,0.012969738131109413,1
28.63999938964844,0.4,0.015109969,0.5555555560000001,0.4,0.012244311,0
19.63999938964844,0.4,0.015109969,0.5555555560000001,0.6,0.006862612,1
13.449999809265135,0.4,0.015109969,0.5555555560000001,0.6,0.018603604,1
25.309999465942386,0.4,0.015109969,0.5555555560000001,0.6,0.012768596,1
44.21714401245117,0.4,0.014877412,0.577777778,0.6,0.016969657,0
164.97000122070312,0.4,0.014877412,0.577777778,0.4,0.026947207999999997,1
304.0176696777344,0.4,0.014877412,0.577777778,0.8,0.032350612,1
19.25522232055664,0.4,0.014877412,0.577777778,0.4,0.009881581,0
139.83000183105472,0.4,0.014877412,0.577777778,0.6,0.012452667288212718,1
28.81999969482422,0.4,0.014877412,0.577777778,0.6,0.011613182,1
19.76000022888184,0.4,0.014877412,0.577777778,0.6,0.007253017,1
13.390000343322756,0.4,0.014877412,0.577777778,0.4,0.018905384,0
25.420000076293945,0.4,0.014877412,0.577777778,0.8,0.012769625,1
43.92428588867188,0.6,0.016134233,0.5555555560000001,0.4,0.010070943,0
169.1300048828125,0.6,0.016134233,0.5555555560000001,0.4,0.020275771,1
304.2859191894531,0.6,0.016134233,0.5555555560000001,0.8,0.010150809,1
19.468664169311523,0.6,0.016134233,0.5555555560000001,0.4,0.00882297,1
139.66999816894528,0.6,0.016134233,0.5555555560000001,0.6,0.01205961026222962,0
28.989999771118164,0.6,0.016134233,0.5555555560000001,0.6,0.008768918,1
19.84000015258789,0.6,0.016134233,0.5555555560000001,0.8,0.008062733,1
13.470000267028807,0.6,0.016134233,0.5555555560000001,0.4,0.012741953,1
25.3799991607666,0.6,0.016134233,0.5555555560000001,0.6,0.010626942,0
44.11999893188477,0.6,0.012832251999999999,0.5555555560000001,0.4,0.008890534,1
169.0,0.6,0.012832251999999999,0.5555555560000001,0.4,0.019117548999999998,0
306.2580871582031,0.6,0.012832251999999999,0.5555555560000001,0.8,0.006040121999999999,1
19.47320556640625,0.6,0.012832251999999999,0.5555555560000001,0.4,0.0065342690000000005,1
139.83999633789062,0.6,0.012832251999999999,0.5555555560000001,0.6,0.009793462091155482,1
28.84000015258789,0.6,0.012832251999999999,0.5555555560000001,0.4,0.007520018000000001,0
19.8700008392334,0.6,0.012832251999999999,0.5555555560000001,1.0,0.007019411999999999,1
13.600000381469727,0.6,0.012832251999999999,0.5555555560000001,0.6,0.008426598,1
25.190000534057607,0.6,0.012832251999999999,0.5555555560000001,0.4,0.009931544,0
44.00714111328125,0.6,0.010379602,0.666666667,0.4,0.004049931,0
169.9499969482422,0.6,0.010379602,0.666666667,0.6,0.01426235,1
307.3013000488281,0.6,0.010379602,0.666666667,1.0,0.003522472,1
19.504995346069336,0.6,0.010379602,0.666666667,0.6,0.004598535,1
140.66999816894528,0.6,0.010379602,0.666666667,0.8,0.004259254449497409,1
28.6299991607666,0.6,0.010379602,0.666666667,0.4,0.008292105,0
20.040000915527344,0.6,0.010379602,0.666666667,1.0,0.008522108,1
13.56999969482422,0.6,0.010379602,0.666666667,0.6,0.0052047809999999995,0
25.899999618530273,0.6,0.010379602,0.666666667,0.6,0.009991627,1
43.97571563720703,0.6,0.007644144,0.622222222,0.2,0.003520679,0
167.50999450683594,0.6,0.007644144,0.622222222,0.6,0.017133785,0
306.2431945800781,0.6,0.007644144,0.622222222,0.8,0.004161774,0
19.250680923461914,0.6,0.007644144,0.622222222,0.6,0.007159523,0
141.42999267578125,0.6,0.007644144,0.622222222,0.8,0.003832858588302333,1
28.70000076293945,0.6,0.007644144,0.622222222,0.6,0.005416886,1
20.190000534057614,0.6,0.007644144,0.622222222,1.0,0.005542271999999999,1
13.170000076293945,0.6,0.007644144,0.622222222,0.4,0.010353860999999999,0
26.04999923706055,0.6,0.007644144,0.622222222,0.6,0.009476626,1
43.605712890625,0.6,0.007522566,0.6,0.2,0.004552948,0
166.83999633789062,0.6,0.007522566,0.6,0.4,0.009992721999999999,0
307.2913513183594,0.6,0.007522566,0.6,0.8,0.003527163,1
19.3732967376709,0.6,0.007522566,0.6,0.8,0.0064716980000000006,1
140.89999389648438,0.6,0.007522566,0.6,0.6,0.0034893774763067468,0
29.36000061035156,0.6,0.007522566,0.6,0.6,0.008759201999999999,1
20.46999931335449,0.6,0.007522566,0.6,1.0,0.007093905,1
12.920000076293945,0.6,0.007522566,0.6,0.4,0.013258183,0
26.28000068664551,0.6,0.007522566,0.6,0.6,0.010373246,1
42.99714279174805,0.6,0.007774329,0.533333333,0.2,0.006019553,0
165.22999572753906,0.6,0.007774329,0.533333333,0.2,0.00687937,0
304.86712646484375,0.6,0.007774329,0.533333333,0.6,0.004928495,0
19.09173393249512,0.6,0.007774329,0.533333333,0.6,0.007161432,0
143.60000610351562,0.6,0.007774329,0.533333333,0.8,0.007093045740498778,1
29.3799991607666,0.6,0.007774329,0.533333333,0.6,0.007715695,1
20.049999237060547,0.6,0.007774329,0.533333333,0.8,0.010387757,0
12.899999618530273,0.6,0.007774329,0.533333333,0.2,0.012372867,0
26.670000076293945,0.6,0.007774329,0.533333333,0.8,0.013026558,1
43.45428466796875,0.4,0.005451001,0.533333333,0.2,0.0072547969999999995,1
162.5800018310547,0.4,0.005451001,0.533333333,0.2,0.009933279,0
305.512939453125,0.4,0.005451001,0.533333333,0.6,0.004055904,1
19.29609489440918,0.4,0.005451001,0.533333333,0.6,0.00925561,1
143.32000732421875,0.4,0.005451001,0.533333333,0.6,0.007239587843039357,0
29.1299991607666,0.4,0.005451001,0.533333333,0.6,0.008382696,0
20.56999969482422,0.4,0.005451001,0.533333333,0.8,0.015272368,1
13.300000190734865,0.4,0.005451001,0.533333333,0.2,0.01664421,1
26.95000076293945,0.4,0.005451001,0.533333333,1.0,0.013629068999999999,1
44.19428634643555,0.6,0.008667465,0.577777778,0.4,0.010149088,1
164.61000061035156,0.6,0.008667465,0.577777778,0.2,0.011306253,1
305.8110046386719,0.6,0.008667465,0.577777778,0.6,0.003569765,1
19.48682975769043,0.6,0.008667465,0.577777778,0.6,0.01090604,1
143.83999633789062,0.6,0.008667465,0.577777778,0.6,0.0067781477842548685,1
29.53000068664551,0.6,0.008667465,0.577777778,0.8,0.009672699,1
20.34000015258789,0.6,0.008667465,0.577777778,0.6,0.015797507,0
13.420000076293945,0.6,0.008667465,0.577777778,0.4,0.018007533,1
27.38999938964844,0.6,0.008667465,0.577777778,1.0,0.011257215,1
44.68571472167969,0.6,0.007033869,0.622222222,0.6,0.012230213,1
168.47000122070312,0.6,0.007033869,0.622222222,0.4,0.013124691,1
308.086181640625,0.6,0.007033869,0.622222222,0.8,0.0043690840000000005,1
19.895549774169922,0.6,0.007033869,0.622222222,0.8,0.012493188,1
144.1699981689453,0.6,0.007033869,0.622222222,0.6,0.006156458181806613,1
29.20000076293945,0.6,0.007033869,0.622222222,0.6,0.011418705,0
20.479999542236328,0.6,0.007033869,0.622222222,0.6,0.015677096,1
13.329999923706055,0.6,0.007033869,0.622222222,0.4,0.013453465,0
27.03000068664551,0.6,0.007033869,0.622222222,0.8,0.012727603999999998,0
45.46714401245117,0.8,0.009330762,0.7111111109999999,0.8,0.014044899999999999,1
168.92999267578125,0.8,0.009330762,0.7111111109999999,0.6,0.012870821999999999,1
310.11798095703125,0.8,0.009330762,0.7111111109999999,0.8,0.005003539,1
20.01362419128418,0.8,0.009330762,0.7111111109999999,0.8,0.012406246000000001,1
146.7899932861328,0.8,0.009330762,0.7111111109999999,0.8,0.0090415638067574,1
29.46999931335449,0.8,0.009330762,0.7111111109999999,0.6,0.008668708,1
20.96999931335449,0.8,0.009330762,0.7111111109999999,0.6,0.017688612,1
13.850000381469727,0.8,0.009330762,0.7111111109999999,0.6,0.017458915,1
27.13999938964844,0.8,0.009330762,0.7111111109999999,0.8,0.011775658,1
45.30428695678711,0.8,0.010153539,0.7555555559999999,0.8,0.011970032,0
170.77000427246094,0.8,0.010153539,0.7555555559999999,0.8,0.013119259,1
310.5203552246094,0.8,0.010153539,0.7555555559999999,1.0,0.0036852340000000003,1
19.854677200317386,0.8,0.010153539,0.7555555559999999,0.8,0.011087923000000001,0
146.9199981689453,0.8,0.010153539,0.7555555559999999,0.8,0.005386171433750969,1
29.25,0.8,0.010153539,0.7555555559999999,0.4,0.010025517,0
21.239999771118164,0.8,0.010153539,0.7555555559999999,0.8,0.016160156999999998,1
13.949999809265135,0.8,0.010153539,0.7555555559999999,0.8,0.018593345,1
26.85000038146973,0.8,0.010153539,0.7555555559999999,0.6,0.010944686,0
45.51714324951172,0.8,0.011955348000000001,0.7111111109999999,0.8,0.010783323000000001,1
171.99000549316406,0.8,0.011955348000000001,0.7111111109999999,1.0,0.01134044,1
311.3598937988281,0.8,0.011955348000000001,0.7111111109999999,1.0,0.0038022959999999997,1
20.095367431640625,0.8,0.011955348000000001,0.7111111109999999,0.8,0.011371611,1
146.4600067138672,0.8,0.011955348000000001,0.7111111109999999,0.8,0.005622380505774004,0
29.040000915527344,0.8,0.011955348000000001,0.7111111109999999,0.4,0.00975957,0
21.229999542236328,0.8,0.011955348000000001,0.7111111109999999,0.6,0.011067283999999998,0
13.760000228881836,0.8,0.011955348000000001,0.7111111109999999,0.6,0.015115793999999998,0
26.809999465942386,0.8,0.011955348000000001,0.7111111109999999,0.4,0.009142902,0
45.1542854309082,0.6,0.010805883,0.577777778,0.6,0.008971816,0
170.27000427246094,0.6,0.010805883,0.577777778,0.8,0.010843327,0
310.3912048339844,0.6,0.010805883,0.577777778,0.8,0.004229403,0
20.03633117675781,0.6,0.010805883,0.577777778,0.6,0.009982244,0
146.13999938964844,0.6,0.010805883,0.577777778,0.6,0.00533373633813898,0
28.739999771118164,0.6,0.010805883,0.577777778,0.2,0.009079374,0
21.15999984741211,0.6,0.010805883,0.577777778,0.6,0.009490463000000001,0
13.979999542236328,0.6,0.010805883,0.577777778,0.6,0.016508949,1
26.95000076293945,0.6,0.010805883,0.577777778,0.4,0.006922001999999999,1
45.43285751342773,0.6,0.01237032,0.5555555560000001,0.6,0.007981739,1
173.3300018310547,0.6,0.01237032,0.5555555560000001,0.8,0.009747742,1
309.4274597167969,0.6,0.01237032,0.5555555560000001,0.6,0.0033624270000000003,0
20.05449676513672,0.6,0.01237032,0.5555555560000001,0.6,0.005968736999999999,1
146.5500030517578,0.6,0.01237032,0.5555555560000001,0.6,0.005436001424526285,1
28.690000534057607,0.6,0.01237032,0.5555555560000001,0.2,0.007192301,0
21.040000915527344,0.6,0.01237032,0.5555555560000001,0.4,0.009248077,0
14.300000190734865,0.6,0.01237032,0.5555555560000001,0.8,0.019745643,1
26.940000534057607,0.6,0.01237032,0.5555555560000001,0.4,0.004367528,0
45.23571395874024,0.4,0.010298273,0.4,0.4,0.0053521390000000005,0
170.3699951171875,0.4,0.010298273,0.4,0.6,0.012617119,0
306.6008605957031,0.4,0.010298273,0.4,0.4,0.003870433,0
19.573116302490234,0.4,0.010298273,0.4,0.4,0.009582518,0
145.42999267578125,0.4,0.010298273,0.4,0.4,0.0033299128070230803,0
28.56999969482422,0.4,0.010298273,0.4,0.0,0.00617953,0
21.209999084472656,0.4,0.010298273,0.4,0.4,0.006078875,1
14.449999809265135,0.4,0.010298273,0.4,0.8,0.014041582,1
26.68000030517578,0.4,0.010298273,0.4,0.2,0.005483844,0
44.0042839050293,0.2,0.009581828,0.311111111,0.4,0.01008027,0
165.67999267578125,0.2,0.009581828,0.311111111,0.4,0.015944355,0
299.6957702636719,0.2,0.009581828,0.311111111,0.2,0.008115222,0
19.16893768310547,0.2,0.009581828,0.311111111,0.4,0.012124066000000001,0
143.74000549316406,0.2,0.009581828,0.311111111,0.2,0.0054769070530301285,0
28.31999969482422,0.2,0.009581828,0.311111111,0.0,0.006436578,0
21.530000686645508,0.2,0.009581828,0.311111111,0.4,0.0065212230000000005,1
14.420000076293945,0.2,0.009581828,0.311111111,0.6,0.013012768999999999,0
26.270000457763672,0.2,0.009581828,0.311111111,0.2,0.006420247,0
43.86285781860352,0.4,0.008430876,0.26666666699999997,0.2,0.009783379,0
158.89999389648438,0.4,0.008430876,0.26666666699999997,0.2,0.022699982,0
295.81103515625,0.4,0.008430876,0.26666666699999997,0.0,0.010166944,0
19.31880187988281,0.4,0.008430876,0.26666666699999997,0.4,0.011263162,1
143.63999938964844,0.4,0.008430876,0.26666666699999997,0.2,0.004989876154094865,0
28.399999618530273,0.4,0.008430876,0.26666666699999997,0.2,0.005565658,1
21.299999237060547,0.4,0.008430876,0.26666666699999997,0.4,0.008563626,0
13.93000030517578,0.4,0.008430876,0.26666666699999997,0.6,0.017084874,0
26.20000076293945,0.4,0.008430876,0.26666666699999997,0.2,0.006655213,0
43.084285736083984,0.4,0.008665761,0.222222222,0.2,0.011739029,0
157.77999877929688,0.4,0.008665761,0.222222222,0.2,0.02210955,0
289.9739990234375,0.4,0.008665761,0.222222222,0.0,0.013491175,0
18.982742309570312,0.4,0.008665761,0.222222222,0.4,0.014154695,0
142.24000549316406,0.4,0.008665761,0.222222222,0.2,0.006502196041150564,0
27.57999992370605,0.4,0.008665761,0.222222222,0.2,0.009274181,0
21.06999969482422,0.4,0.008665761,0.222222222,0.4,0.010063805,0
13.75,0.4,0.008665761,0.222222222,0.4,0.016471563999999998,0
25.809999465942386,0.4,0.008665761,0.222222222,0.0,0.008587926,0
42.92856979370117,0.2,0.007290261,0.177777778,0.0,0.011228005,0
158.35000610351562,0.2,0.007290261,0.177777778,0.2,0.019237796,1
289.8895568847656,0.2,0.007290261,0.177777778,0.0,0.012928428999999998,0
18.605812072753906,0.2,0.007290261,0.177777778,0.2,0.017944662,0
141.9499969482422,0.2,0.007290261,0.177777778,0.0,0.0063488587669107595,0
27.90999984741211,0.2,0.007290261,0.177777778,0.4,0.011319276999999999,1
21.07999992370605,0.2,0.007290261,0.177777778,0.6,0.009024523000000001,1
13.600000381469727,0.2,0.007290261,0.177777778,0.2,0.014075398999999999,0
25.56999969482422,0.2,0.007290261,0.177777778,0.0,0.010373456,0
44.06142807006836,0.4,0.011287898000000001,0.311111111,0.2,0.015638035,1
164.1699981689453,0.4,0.011287898000000001,0.311111111,0.4,0.023173133,1
296.3525085449219,0.4,0.011287898000000001,0.311111111,0.2,0.015560349,1
18.932788848876953,0.4,0.011287898000000001,0.311111111,0.4,0.01665872,1
144.36000061035156,0.4,0.011287898000000001,0.311111111,0.2,0.008215923118223101,1
28.309999465942386,0.4,0.011287898000000001,0.311111111,0.6,0.013349096000000001,1
21.020000457763672,0.4,0.011287898000000001,0.311111111,0.4,0.007977826,0
13.84000015258789,0.4,0.011287898000000001,0.311111111,0.2,0.01550691,1
25.84000015258789,0.4,0.011287898000000001,0.311111111,0.2,0.010555092,1
43.81857299804688,0.6,0.010362999999999999,0.4,0.2,0.011295878999999998,0
164.82000732421875,0.6,0.010362999999999999,0.4,0.6,0.018459338999999998,1
293.5060119628906,0.6,0.010362999999999999,0.4,0.2,0.012977083,0
19.29609489440918,0.6,0.010362999999999999,0.4,0.6,0.016366633000000002,1
145.0500030517578,0.6,0.010362999999999999,0.4,0.4,0.006847745282045227,1
28.149999618530273,0.6,0.010362999999999999,0.4,0.6,0.01272935,0
21.13999938964844,0.6,0.010362999999999999,0.4,0.4,0.006102125999999999,1
14.050000190734865,0.6,0.010362999999999999,0.4,0.4,0.018126371000000002,1
25.690000534057607,0.6,0.010362999999999999,0.4,0.2,0.008642618000000001,0
44.76571273803711,0.4,0.01326405,0.533333333,0.4,0.014976102,1
170.38999938964844,0.4,0.01326405,0.533333333,0.8,0.017033767,1
293.69976806640625,0.4,0.01326405,0.533333333,0.4,0.01051666,1
19.6412353515625,0.4,0.01326405,0.533333333,0.6,0.018380327,1
145.38999938964844,0.4,0.01326405,0.533333333,0.6,0.0071773954822597266,1
28.04999923706055,0.4,0.01326405,0.533333333,0.4,0.012874861000000001,0
21.25,0.4,0.01326405,0.533333333,0.6,0.005006245,1
14.15999984741211,0.4,0.01326405,0.533333333,0.6,0.01289609,1
25.729999542236328,0.4,0.01326405,0.533333333,0.4,0.00842109,1
44.104286193847656,0.4,0.01354351,0.5555555560000001,0.4,0.014381131,0
168.1999969482422,0.4,0.01354351,0.5555555560000001,0.8,0.018194657,0
289.6213073730469,0.4,0.01354351,0.5555555560000001,0.4,0.009347496,0
20.068119049072266,0.4,0.01354351,0.5555555560000001,0.8,0.019248045,1
143.17999267578125,0.4,0.01354351,0.5555555560000001,0.6,0.008268194525915186,0
27.190000534057607,0.4,0.01354351,0.5555555560000001,0.4,0.013232113,0
21.09000015258789,0.4,0.01354351,0.5555555560000001,0.6,0.004352506,0
13.68000030517578,0.4,0.01354351,0.5555555560000001,0.6,0.01709139,0
25.1200008392334,0.4,0.01354351,0.5555555560000001,0.4,0.010185518000000001,0
44.97142791748047,0.6,0.01589809,0.666666667,0.6,0.017590521,1
177.25,0.6,0.01589809,0.666666667,0.8,0.028233126,1
295.5626525878906,0.6,0.01589809,0.666666667,0.6,0.013392092,1
19.86375999450684,0.6,0.01589809,0.666666667,0.8,0.017313405,0
145.80999755859375,0.6,0.01589809,0.666666667,0.8,0.011534125449284251,1
27.739999771118164,0.6,0.01589809,0.666666667,0.4,0.014884675,1
21.38999938964844,0.6,0.01589809,0.666666667,0.6,0.007102525,1
13.739999771118164,0.6,0.01589809,0.666666667,0.8,0.015786762,1
25.3700008392334,0.6,0.01589809,0.666666667,0.6,0.010316221,1
45.0,0.4,0.010532206,0.5111111110000001,0.6,0.012439713,1
177.1999969482422,0.4,0.010532206,0.5111111110000001,0.6,0.020938751999999998,0
293.0937194824219,0.4,0.010532206,0.5111111110000001,0.4,0.010603851999999999,0
19.618528366088867,0.4,0.010532206,0.5111111110000001,0.6,0.01626776,0
143.89999389648438,0.4,0.010532206,0.5111111110000001,0.6,0.010758411213084232,0
27.489999771118164,0.4,0.010532206,0.5111111110000001,0.2,0.013820773,0
21.34000015258789,0.4,0.010532206,0.5111111110000001,0.6,0.007000770999999999,0
13.289999961853027,0.4,0.010532206,0.5111111110000001,0.6,0.018807569,0
25.25,0.4,0.010532206,0.5111111110000001,0.4,0.009150374000000001,0
45.26714324951172,0.2,0.009620138,0.46666666700000003,0.8,0.012524668999999999,1
179.49000549316406,0.2,0.009620138,0.46666666700000003,0.6,0.022731538,1
289.1741943359375,0.2,0.009620138,0.46666666700000003,0.4,0.01135742,0
19.34604835510254,0.2,0.009620138,0.46666666700000003,0.4,0.015207692,0
142.88999938964844,0.2,0.009620138,0.46666666700000003,0.4,0.011206209390912979,0
27.21999931335449,0.2,0.009620138,0.46666666700000003,0.2,0.014654785,0
21.32999992370605,0.2,0.009620138,0.46666666700000003,0.4,0.005952735,0
13.270000457763672,0.2,0.009620138,0.46666666700000003,0.4,0.016073858,0
25.309999465942386,0.2,0.009620138,0.46666666700000003,0.6,0.008464629,1
44.45000076293945,0.2,0.0061613430000000005,0.288888889,0.6,0.011811975,0
175.39999389648438,0.2,0.0061613430000000005,0.288888889,0.4,0.020530028999999998,0
276.0595092773437,0.2,0.0061613430000000005,0.288888889,0.2,0.020295831,0
19.04178047180176,0.2,0.0061613430000000005,0.288888889,0.2,0.014775913,0
141.4600067138672,0.2,0.0061613430000000005,0.288888889,0.2,0.012738939992365228,0
27.04999923706055,0.2,0.0061613430000000005,0.288888889,0.2,0.015193385,0
21.15999984741211,0.2,0.0061613430000000005,0.288888889,0.2,0.006506048,0
13.109999656677244,0.2,0.0061613430000000005,0.288888889,0.2,0.016919493,0
25.26000022888184,0.2,0.0061613430000000005,0.288888889,0.4,0.008548326,0
45.20000076293945,0.4,0.013348398999999999,0.46666666700000003,0.8,0.012231493999999999,1
176.5500030517578,0.4,0.013348398999999999,0.46666666700000003,0.6,0.019270752,1
280.35159301757807,0.4,0.013348398999999999,0.46666666700000003,0.4,0.020628066,1
19.33242416381836,0.4,0.013348398999999999,0.46666666700000003,0.2,0.013481797,1
144.41000366210938,0.4,0.013348398999999999,0.46666666700000003,0.4,0.013869617516799077,1
27.649999618530273,0.4,0.013348398999999999,0.46666666700000003,0.4,0.013497718999999998,1
21.479999542236328,0.4,0.013348398999999999,0.46666666700000003,0.4,0.008024738,1
13.699999809265135,0.4,0.013348398999999999,0.46666666700000003,0.4,0.019140603,1
26.040000915527344,0.4,0.013348398999999999,0.46666666700000003,0.6,0.009982567,1
45.45000076293945,0.4,0.016737558,0.444444444,0.8,0.009405456,1
176.52999877929688,0.4,0.016737558,0.444444444,0.4,0.008532411,0
284.06243896484375,0.4,0.016737558,0.444444444,0.4,0.019172509,1
19.577655792236328,0.4,0.016737558,0.444444444,0.4,0.013982141000000002,1
145.17999267578125,0.4,0.016737558,0.444444444,0.4,0.011262305965544844,1
28.10000038146973,0.4,0.016737558,0.444444444,0.4,0.012707098,1
21.700000762939453,0.4,0.016737558,0.444444444,0.4,0.007228224,1
13.699999809265135,0.4,0.016737558,0.444444444,0.2,0.018263418,0
26.88999938964844,0.4,0.016737558,0.444444444,0.6,0.014520527,1
45.34857177734375,0.4,0.02197796,0.533333333,0.6,0.00972472,0
175.67999267578125,0.4,0.02197796,0.533333333,0.4,0.009439006,0
284.64862060546875,0.4,0.02197796,0.533333333,0.6,0.017914556,1
19.54132652282715,0.4,0.02197796,0.533333333,0.4,0.011884135,0
145.3800048828125,0.4,0.02197796,0.533333333,0.6,0.008917990025878222,1
28.809999465942386,0.4,0.02197796,0.533333333,0.6,0.015958021,1
21.690000534057614,0.4,0.02197796,0.533333333,0.4,0.006852891,0
14.170000076293945,0.4,0.02197796,0.533333333,0.4,0.01857452,1
27.020000457763672,0.4,0.02197796,0.533333333,0.8,0.014541431,1
45.73571395874024,0.6,0.023289825,0.577777778,0.6,0.010244823,1
178.0500030517578,0.6,0.023289825,0.577777778,0.4,0.009552445,1
287.3113098144531,0.6,0.023289825,0.577777778,0.8,0.017110828,1
19.45958137512207,0.6,0.023289825,0.577777778,0.4,0.009942991,0
144.99000549316406,0.6,0.023289825,0.577777778,0.6,0.008050769106421352,0
28.729999542236328,0.6,0.023289825,0.577777778,0.6,0.014549029,0
21.700000762939453,0.6,0.023289825,0.577777778,0.6,0.006851379,1
14.3100004196167,0.6,0.023289825,0.577777778,0.6,0.02024956,1
26.84000015258789,0.6,0.023289825,0.577777778,0.6,0.015398537,0
45.45857238769531,0.6,0.024424239,0.644444444,0.6,0.007846438,0
176.77000427246094,0.6,0.024424239,0.644444444,0.4,0.006432873,0
291.6729431152344,0.6,0.024424239,0.644444444,1.0,0.011076561,1
19.159854888916016,0.6,0.024424239,0.644444444,0.4,0.009877964,0
144.02000427246094,0.6,0.024424239,0.644444444,0.6,0.007387264648642847,0
29.04999923706055,0.6,0.024424239,0.644444444,0.8,0.015527582,1
21.57999992370605,0.6,0.024424239,0.644444444,0.6,0.006363377,0
14.210000038146973,0.6,0.024424239,0.644444444,0.6,0.019235723,0
26.8700008392334,0.6,0.024424239,0.644444444,0.8,0.015226993999999999,1
45.85857009887695,0.6,0.014265603,0.6,0.6,0.006231693000000001,1
176.2899932861328,0.6,0.014265603,0.6,0.2,0.005664665,0
293.3619689941406,0.6,0.014265603,0.6,1.0,0.00912519,1
19.3732967376709,0.6,0.014265603,0.6,0.4,0.009053281,1
144.97999572753906,0.6,0.014265603,0.6,0.6,0.004549615099847376,1
29.229999542236328,0.6,0.014265603,0.6,0.8,0.012330593999999999,1
21.81999969482422,0.6,0.014265603,0.6,0.6,0.005563085,1
13.779999732971193,0.6,0.014265603,0.6,0.4,0.016287038,0
27.229999542236328,0.6,0.014265603,0.6,0.8,0.011730775,1
45.68000030517578,0.4,0.00868083,0.5111111110000001,0.4,0.005904284,0
174.85000610351562,0.4,0.00868083,0.5111111110000001,0.2,0.007275661,0
293.8388671875,0.4,0.00868083,0.5111111110000001,1.0,0.006803036,1
19.31880187988281,0.4,0.00868083,0.5111111110000001,0.2,0.00707886,0
144.3000030517578,0.4,0.00868083,0.5111111110000001,0.4,0.004421272544883607,0
29.26000022888184,0.4,0.00868083,0.5111111110000001,0.8,0.009280889,1
21.809999465942386,0.4,0.00868083,0.5111111110000001,0.4,0.003606318,0
14.0,0.4,0.00868083,0.5111111110000001,0.6,0.019480075,1
27.07999992370605,0.4,0.00868083,0.5111111110000001,0.6,0.006304093,0
45.79428482055664,0.6,0.005203442,0.577777778,0.6,0.005958321,1
175.6199951171875,0.6,0.005203442,0.577777778,0.4,0.007193387,1
294.1915588378906,0.6,0.005203442,0.577777778,1.0,0.006630380999999999,1
19.355131149291992,0.6,0.005203442,0.577777778,0.4,0.007083831999999999,1
144.82000732421875,0.6,0.005203442,0.577777778,0.4,0.0048664622976059045,1
29.940000534057607,0.6,0.005203442,0.577777778,0.8,0.0088755,1
21.90999984741211,0.6,0.005203442,0.577777778,0.6,0.0044311640000000005,1
14.0,0.6,0.005203442,0.577777778,0.4,0.012618757,0
27.34000015258789,0.6,0.005203442,0.577777778,0.6,0.007257421,1
45.952857971191406,0.4,0.004750993,0.533333333,0.6,0.004943461,1
174.25,0.4,0.004750993,0.533333333,0.2,0.006055469,0
295.3887939453125,0.4,0.004750993,0.533333333,1.0,0.005573436,1
18.914623260498047,0.4,0.004750993,0.533333333,0.4,0.01079904,0
144.27999877929688,0.4,0.004750993,0.533333333,0.4,0.005075703298259479,0
30.420000076293945,0.4,0.004750993,0.533333333,1.0,0.011526548000000001,1
21.5,0.4,0.004750993,0.533333333,0.4,0.008081535,0
13.720000267028807,0.4,0.004750993,0.533333333,0.2,0.014642743,0
27.25,0.4,0.004750993,0.533333333,0.6,0.006583449,0
45.755714416503906,0.4,0.005549002,0.5555555560000001,0.6,0.00458956,0
173.94000244140625,0.4,0.005549002,0.5555555560000001,0.2,0.00497348,0
295.5328369140625,0.4,0.005549002,0.5555555560000001,1.0,0.0026347909999999996,1
18.86466789245605,0.4,0.005549002,0.5555555560000001,0.4,0.008246756,0
145.82000732421875,0.4,0.005549002,0.5555555560000001,0.6,0.005872428225558205,1
30.51000022888184,0.4,0.005549002,0.5555555560000001,1.0,0.00989063,1
21.46999931335449,0.4,0.005549002,0.5555555560000001,0.4,0.007254613,0
13.550000190734865,0.4,0.005549002,0.5555555560000001,0.2,0.015723248999999998,0
27.6200008392334,0.4,0.005549002,0.5555555560000001,0.6,0.009075499,1
45.76571273803711,0.4,0.0059056280000000004,0.46666666700000003,0.6,0.0028734290000000003,1
175.57000732421875,0.4,0.0059056280000000004,0.46666666700000003,0.4,0.006304604,1
293.24273681640625,0.4,0.0059056280000000004,0.46666666700000003,0.8,0.003026438,0
18.723886489868164,0.4,0.0059056280000000004,0.46666666700000003,0.2,0.007511286,0
144.72000122070312,0.4,0.0059056280000000004,0.46666666700000003,0.4,0.0060480096207760296,0
30.489999771118164,0.4,0.0059056280000000004,0.46666666700000003,0.8,0.008782493,0
21.280000686645508,0.4,0.0059056280000000004,0.46666666700000003,0.2,0.006800232,0
13.3100004196167,0.4,0.0059056280000000004,0.46666666700000003,0.2,0.013213601,0
27.85000038146973,0.4,0.0059056280000000004,0.46666666700000003,0.6,0.008061397,1
45.89285659790039,0.6,0.013720346000000001,0.533333333,0.8,0.002650273,1
178.0399932861328,0.6,0.013720346000000001,0.533333333,0.6,0.007484623,1
293.94317626953125,0.6,0.013720346000000001,0.533333333,0.8,0.003179032,1
19.05086326599121,0.6,0.013720346000000001,0.533333333,0.4,0.010441325,1
144.5500030517578,0.6,0.013720346000000001,0.533333333,0.4,0.005344893171274968,0
30.270000457763672,0.6,0.013720346000000001,0.533333333,0.6,0.010020311,0
21.299999237060547,0.6,0.013720346000000001,0.533333333,0.4,0.0068965269999999995,1
12.829999923706055,0.6,0.013720346000000001,0.533333333,0.0,0.017233193,0
27.989999771118164,0.6,0.013720346000000001,0.533333333,0.8,0.007965056,1
45.801429748535156,0.6,0.012205407,0.46666666700000003,0.6,0.0025483389999999997,0
177.5800018310547,0.6,0.012205407,0.46666666700000003,0.4,0.007120609,0
293.4911193847656,0.6,0.012205407,0.46666666700000003,0.6,0.003246555,0
19.055404663085934,0.6,0.012205407,0.46666666700000003,0.4,0.010112899,1
145.0,0.6,0.012205407,0.46666666700000003,0.4,0.0052467842387179005,1
31.459999084472656,0.6,0.012205407,0.46666666700000003,0.6,0.013234886999999999,1
21.459999084472656,0.6,0.012205407,0.46666666700000003,0.4,0.007481859,1
13.0,0.6,0.012205407,0.46666666700000003,0.2,0.019883233,1
27.899999618530273,0.6,0.012205407,0.46666666700000003,0.6,0.0066879059999999995,0
46.02999877929688,0.6,0.011152152,0.488888889,0.6,0.002853881,1
183.2899932861328,0.6,0.011152152,0.488888889,0.6,0.011991321999999999,1
295.60736083984375,0.6,0.011152152,0.488888889,0.6,0.0038747559999999996,1
19.02361488342285,0.6,0.011152152,0.488888889,0.4,0.005894709000000001,0
144.50999450683594,0.6,0.011152152,0.488888889,0.4,0.005176888772444944,0
31.670000076293945,0.6,0.011152152,0.488888889,0.6,0.011363512,1
21.229999542236328,0.6,0.011152152,0.488888889,0.4,0.005882796,0
12.84000015258789,0.6,0.011152152,0.488888889,0.2,0.018344773,0
27.809999465942386,0.6,0.011152152,0.488888889,0.6,0.006674691,0
46.31428527832031,0.8,0.014831173000000001,0.5555555560000001,0.8,0.003231078,1
184.75,0.8,0.014831173000000001,0.5555555560000001,0.8,0.013228626,1
299.58648681640625,0.8,0.014831173000000001,0.5555555560000001,0.6,0.006469398,1
19.032697677612305,0.8,0.014831173000000001,0.5555555560000001,0.6,0.00546198,1
145.74000549316406,0.8,0.014831173000000001,0.5555555560000001,0.4,0.0047444585084896644,1
31.76000022888184,0.8,0.014831173000000001,0.5555555560000001,0.6,0.011340157,1
21.100000381469727,0.8,0.014831173000000001,0.5555555560000001,0.4,0.006828394000000001,0
12.779999732971193,0.8,0.014831173000000001,0.5555555560000001,0.2,0.016801224,0
28.06999969482422,0.8,0.014831173000000001,0.5555555560000001,0.6,0.005828921,1
46.4514274597168,0.6,0.014386323000000001,0.622222222,0.8,0.0037795990000000002,1
184.75999450683602,0.6,0.014386323000000001,0.622222222,0.8,0.01136523,1
300.7886657714844,0.6,0.014386323000000001,0.622222222,0.8,0.005722146,1
18.837421417236328,0.6,0.014386323000000001,0.622222222,0.6,0.006021446999999999,0
145.9499969482422,0.6,0.014386323000000001,0.622222222,0.6,0.0035239135461784046,1
31.65999984741211,0.6,0.014386323000000001,0.622222222,0.6,0.011838775,0
20.88999938964844,0.6,0.014386323000000001,0.622222222,0.4,0.007049026,0
12.859999656677244,0.6,0.014386323000000001,0.622222222,0.4,0.014510747,1
28.190000534057607,0.6,0.014386323000000001,0.622222222,0.6,0.005018476,1
46.22857284545898,0.4,0.008945249,0.5555555560000001,0.6,0.0041834870000000005,0
182.58999633789062,0.4,0.008945249,0.5555555560000001,0.6,0.010900545,0
300.1627197265625,0.4,0.008945249,0.5555555560000001,0.6,0.005660629,0
18.955495834350586,0.4,0.008945249,0.5555555560000001,0.6,0.0037824459999999996,1
145.88999938964844,0.4,0.008945249,0.5555555560000001,0.6,0.0033711962441891987,0
31.540000915527344,0.4,0.008945249,0.5555555560000001,0.6,0.011153731000000002,0
20.84000015258789,0.4,0.008945249,0.5555555560000001,0.2,0.00733976,0
12.90999984741211,0.4,0.008945249,0.5555555560000001,0.6,0.008075725,1
28.29999923706055,0.4,0.008945249,0.5555555560000001,0.6,0.0047935040000000005,1
46.38285827636719,0.4,0.009611799,0.5111111110000001,0.8,0.00445254,1
182.13999938964844,0.4,0.009611799,0.5111111110000001,0.6,0.010876721,0
299.24371337890625,0.4,0.009611799,0.5111111110000001,0.6,0.005965387,0
18.991825103759766,0.4,0.009611799,0.5111111110000001,0.6,0.004118081,1
145.33999633789062,0.4,0.009611799,0.5111111110000001,0.4,0.0035025754706796983,0
31.65999984741211,0.4,0.009611799,0.5111111110000001,0.6,0.004052102,1
20.84000015258789,0.4,0.009611799,0.5111111110000001,0.0,0.005837414,0
12.90999984741211,0.4,0.009611799,0.5111111110000001,0.4,0.005425685,0
28.06999969482422,0.4,0.009611799,0.5111111110000001,0.6,0.005775854,0
46.4957160949707,0.4,0.010612748,0.5111111110000001,0.8,0.003941089,1
181.08999633789062,0.4,0.010612748,0.5111111110000001,0.4,0.005598789,0
297.52490234375,0.4,0.010612748,0.5111111110000001,0.4,0.005672041,0
19.18710327148437,0.4,0.010612748,0.5111111110000001,0.8,0.005840869,1
145.7100067138672,0.4,0.010612748,0.5111111110000001,0.6,0.003335871072355534,1
31.56999969482422,0.4,0.010612748,0.5111111110000001,0.4,0.0032856079999999998,0
20.8799991607666,0.4,0.010612748,0.5111111110000001,0.2,0.004077763,1
12.699999809265135,0.4,0.010612748,0.5111111110000001,0.4,0.006217441999999999,0
28.01000022888184,0.4,0.010612748,0.5111111110000001,0.6,0.005558191,0
46.47000122070313,0.4,0.006252164,0.488888889,0.6,0.002816478,0
183.3699951171875,0.4,0.006252164,0.488888889,0.4,0.0065237609999999994,1
298.55816650390625,0.4,0.006252164,0.488888889,0.4,0.0036744440000000002,1
19.218891143798828,0.4,0.006252164,0.488888889,0.8,0.006076726,1
146.52000427246094,0.4,0.006252164,0.488888889,0.6,0.0027453454674377514,1
31.5,0.4,0.006252164,0.488888889,0.2,0.003160703,0
20.940000534057614,0.4,0.006252164,0.488888889,0.4,0.003427815,1
12.779999732971193,0.4,0.006252164,0.488888889,0.6,0.006542696999999999,1
27.96999931335449,0.4,0.006252164,0.488888889,0.4,0.003973977,0
46.23714447021485,0.4,0.0077540280000000005,0.42222222200000004,0.4,0.003226435,0
182.75,0.4,0.0077540280000000005,0.42222222200000004,0.2,0.007189165,0
297.4950866699219,0.4,0.0077540280000000005,0.42222222200000004,0.2,0.003584028,0
19.1916446685791,0.4,0.0077540280000000005,0.42222222200000004,0.8,0.004308256,0
146.6699981689453,0.4,0.0077540280000000005,0.42222222200000004,0.6,0.002661914633986739,1
31.290000915527344,0.4,0.0077540280000000005,0.42222222200000004,0.2,0.0038643059999999996,0
21.020000457763672,0.4,0.0077540280000000005,0.42222222200000004,0.6,0.002201371,1
12.800000190734865,0.4,0.0077540280000000005,0.42222222200000004,0.6,0.0056037380000000005,1
27.85000038146973,0.4,0.0077540280000000005,0.42222222200000004,0.2,0.00397702,0
46.08000183105469,0.4,0.005443882,0.444444444,0.4,0.002946643,0
180.0,0.4,0.005443882,0.444444444,0.2,0.00784975,0
295.0658874511719,0.4,0.005443882,0.444444444,0.2,0.004800927,0
19.11898231506348,0.4,0.005443882,0.444444444,0.6,0.0038118690000000003,0
146.75999450683594,0.4,0.005443882,0.444444444,0.8,0.0027024175308649296,1
31.29999923706055,0.4,0.005443882,0.444444444,0.4,0.003170165,1
21.030000686645508,0.4,0.005443882,0.444444444,0.8,0.00181783,1
12.699999809265135,0.4,0.005443882,0.444444444,0.4,0.006388636,0
27.90999984741211,0.4,0.005443882,0.444444444,0.2,0.003627487,1
47.08142852783203,0.4,0.007639024,0.5555555560000001,0.4,0.006625623000000001,1
184.22000122070312,0.4,0.007639024,0.5555555560000001,0.4,0.012045736000000001,1
300.22235107421875,0.4,0.007639024,0.5555555560000001,0.4,0.007683715,1
19.40962791442871,0.4,0.007639024,0.5555555560000001,0.6,0.006468946,1
147.47999572753906,0.4,0.007639024,0.5555555560000001,1.0,0.0029296160958514035,1
31.6200008392334,0.4,0.007639024,0.5555555560000001,0.4,0.0044539720000000005,1
20.850000381469727,0.4,0.007639024,0.5555555560000001,0.8,0.003529673,0
12.729999542236328,0.4,0.007639024,0.5555555560000001,0.6,0.0068610730000000005,1
27.979999542236328,0.4,0.007639024,0.5555555560000001,0.4,0.0025036579999999998,1
47.32714462280274,0.4,0.008129081,0.622222222,0.4,0.007182779,1
185.00999450683602,0.4,0.008129081,0.622222222,0.6,0.011750436000000001,1
299.11456298828125,0.4,0.008129081,0.622222222,0.4,0.007272923000000001,0
19.81380653381348,0.4,0.008129081,0.622222222,0.6,0.008577225,1
147.63999938964844,0.4,0.008129081,0.622222222,1.0,0.0026374343943292985,1
31.479999542236328,0.4,0.008129081,0.622222222,0.4,0.004770954,0
21.149999618530273,0.4,0.008129081,0.622222222,0.8,0.006023496,1
12.880000114440918,0.4,0.008129081,0.622222222,0.8,0.005964427,1
28.09000015258789,0.4,0.008129081,0.622222222,0.6,0.00286244,1
47.71428680419922,0.2,0.009042638,0.577777778,0.6,0.008708193000000001,1
187.4199981689453,0.2,0.009042638,0.577777778,0.6,0.011837621000000001,1
302.56707763671875,0.2,0.009042638,0.577777778,0.4,0.00888684,1
20.072660446166992,0.2,0.009042638,0.577777778,0.6,0.010858742,1
147.0500030517578,0.2,0.009042638,0.577777778,0.8,0.002324876831235389,0
31.040000915527344,0.2,0.009042638,0.577777778,0.4,0.007122914,0
20.940000534057614,0.2,0.009042638,0.577777778,0.6,0.0074345769999999995,0
12.789999961853027,0.2,0.009042638,0.577777778,0.6,0.0061021040000000006,0
28.0,0.2,0.009042638,0.577777778,0.6,0.003217619,0
47.67571258544922,0.2,0.008386443,0.644444444,0.6,0.007867701,0
185.8600006103516,0.2,0.008386443,0.644444444,0.6,0.012826105,0
304.7677917480469,0.2,0.008386443,0.644444444,0.6,0.009629391999999999,1
20.381471633911133,0.2,0.008386443,0.644444444,0.8,0.013652137,1
148.66000366210938,0.2,0.008386443,0.644444444,0.8,0.0043098671323295494,1
31.170000076293945,0.2,0.008386443,0.644444444,0.6,0.00662721,1
20.770000457763672,0.2,0.008386443,0.644444444,0.4,0.008294178000000001,0
12.979999542236328,0.2,0.008386443,0.644444444,0.6,0.008760172,1
28.81999969482422,0.2,0.008386443,0.644444444,0.8,0.008216705,1
48.01714324951172,0.2,0.009325755,0.622222222,0.8,0.008620281,1
185.4900054931641,0.2,0.009325755,0.622222222,0.6,0.010214673,0
306.228271484375,0.2,0.009325755,0.622222222,0.8,0.008954712,1
20.47683906555176,0.2,0.009325755,0.622222222,1.0,0.013830733000000001,1
147.92999267578125,0.2,0.009325755,0.622222222,0.6,0.005169269218151439,0
31.03000068664551,0.2,0.009325755,0.622222222,0.4,0.007461599,0
20.65999984741211,0.2,0.009325755,0.622222222,0.2,0.009258254,0
12.899999618530273,0.2,0.009325755,0.622222222,0.6,0.008430331,0
28.60000038146973,0.2,0.009325755,0.622222222,0.6,0.009312542,0
48.92142868041992,0.2,0.0068073940000000005,0.5111111110000001,0.8,0.008040321,1
184.67999267578125,0.2,0.0068073940000000005,0.5111111110000001,0.4,0.006399159000000001,0
305.1204833984375,0.2,0.0068073940000000005,0.5111111110000001,0.6,0.006183089,0
20.37238883972168,0.2,0.0068073940000000005,0.5111111110000001,0.8,0.011810524,0
147.63999938964844,0.2,0.0068073940000000005,0.5111111110000001,0.4,0.0045801420083157246,0
31.040000915527344,0.2,0.0068073940000000005,0.5111111110000001,0.4,0.005481315,1
20.690000534057614,0.2,0.0068073940000000005,0.5111111110000001,0.4,0.007836834,1
12.449999809265135,0.2,0.0068073940000000005,0.5111111110000001,0.4,0.014934635,0
28.21999931335449,0.2,0.0068073940000000005,0.5111111110000001,0.4,0.011468282,0
48.80571365356445,0.4,0.007874089,0.42222222200000004,0.6,0.007469594,0
184.33999633789062,0.4,0.007874089,0.42222222200000004,0.2,0.005909696999999999,0
306.0146789550781,0.4,0.007874089,0.42222222200000004,0.8,0.006031236999999999,1
20.631244659423828,0.4,0.007874089,0.42222222200000004,0.8,0.010187043,1
147.27999877929688,0.4,0.007874089,0.42222222200000004,0.2,0.00485083200866585,0
30.989999771118164,0.4,0.007874089,0.42222222200000004,0.4,0.004917964,0
21.049999237060547,0.4,0.007874089,0.42222222200000004,0.4,0.008439073,1
12.09000015258789,0.4,0.007874089,0.42222222200000004,0.2,0.018361116,0
28.11000061035156,0.4,0.007874089,0.42222222200000004,0.2,0.011461582,0
49.202857971191406,0.6,0.0072152019999999996,0.488888889,0.6,0.007461018000000001,1
184.0800018310547,0.6,0.0072152019999999996,0.488888889,0.0,0.00358651,0
306.44189453125,0.6,0.0072152019999999996,0.488888889,0.8,0.00400196,1
20.726612091064453,0.6,0.0072152019999999996,0.488888889,0.8,0.008498674,1
149.10000610351562,0.6,0.0072152019999999996,0.488888889,0.4,0.006523088424427159,1
30.940000534057607,0.6,0.0072152019999999996,0.488888889,0.4,0.002445227,0
21.299999237060547,0.6,0.0072152019999999996,0.488888889,0.6,0.008828563000000001,1
12.359999656677244,0.6,0.0072152019999999996,0.488888889,0.4,0.021430091000000002,1
28.54999923706055,0.6,0.0072152019999999996,0.488888889,0.4,0.013951332,1
49.38285827636719,0.8,0.007621632,0.46666666700000003,0.8,0.008030996,1
185.52999877929688,0.8,0.007621632,0.46666666700000003,0.2,0.0034972009999999997,1
306.35247802734375,0.8,0.007621632,0.46666666700000003,0.6,0.002605623,0
20.73115348815918,0.8,0.007621632,0.46666666700000003,0.8,0.0054655630000000005,1
148.82000732421875,0.8,0.007621632,0.46666666700000003,0.2,0.004708941457516646,0
31.18000030517578,0.8,0.007621632,0.46666666700000003,0.4,0.003158991,1
21.290000915527344,0.8,0.007621632,0.46666666700000003,0.6,0.007298756,0
12.550000190734865,0.8,0.007621632,0.46666666700000003,0.4,0.021533467999999997,1
28.190000534057607,0.8,0.007621632,0.46666666700000003,0.2,0.010616074,0
49.78285598754883,1.0,0.008334678,0.577777778,0.8,0.008218678,1
188.75,1.0,0.008334678,0.577777778,0.4,0.006570195,1
310.0732727050781,1.0,0.008334678,0.577777778,0.6,0.004076295,1
21.003633499145508,1.0,0.008334678,0.577777778,0.8,0.007158439,1
150.0,1.0,0.008334678,0.577777778,0.4,0.005312618318289204,1
31.25,1.0,0.008334678,0.577777778,0.6,0.0027096990000000003,1
21.07999992370605,1.0,0.008334678,0.577777778,0.6,0.008212297,0
12.649999618530273,1.0,0.008334678,0.577777778,0.6,0.02189442,1
28.29999923706055,1.0,0.008334678,0.577777778,0.4,0.00986977,1
48.66428756713867,1.0,0.007896526999999999,0.644444444,0.6,0.008945957,0
191.25,1.0,0.007896526999999999,0.644444444,0.6,0.008345825,1
317.74835205078125,1.0,0.007896526999999999,0.644444444,0.8,0.008303284000000001,1
21.044504165649414,1.0,0.007896526999999999,0.644444444,1.0,0.006527437,1
150.64999389648438,1.0,0.007896526999999999,0.644444444,0.6,0.005787208570735778,1
31.53000068664551,1.0,0.007896526999999999,0.644444444,0.6,0.004437249,1
21.07999992370605,1.0,0.007896526999999999,0.644444444,0.4,0.007921874,0
12.550000190734865,1.0,0.007896526999999999,0.644444444,0.6,0.016498697,0
28.65999984741211,1.0,0.007896526999999999,0.644444444,0.6,0.009756594,1
48.40571594238281,0.8,0.010335678000000001,0.622222222,0.6,0.009535567,0
186.8699951171875,0.8,0.010335678000000001,0.622222222,0.6,0.012558022,0
313.83380126953125,0.8,0.010335678000000001,0.622222222,0.6,0.01018109,0
21.035423278808594,0.8,0.010335678000000001,0.622222222,0.8,0.0040724970000000004,0
155.69000244140625,0.8,0.010335678000000001,0.622222222,0.8,0.011990552281860464,1
31.60000038146973,0.8,0.010335678000000001,0.622222222,0.8,0.0045590959999999995,1
21.01000022888184,0.8,0.010335678000000001,0.622222222,0.2,0.005106078,0
12.270000457763672,0.8,0.010335678000000001,0.622222222,0.6,0.015177717,0
28.46999931335449,0.8,0.010335678000000001,0.622222222,0.6,0.010302908000000001,0
47.52571487426758,0.8,0.01067143,0.533333333,0.4,0.011544056,0
181.9600067138672,0.8,0.01067143,0.533333333,0.6,0.017530918,0
311.3598937988281,0.8,0.01067143,0.533333333,0.4,0.011478448999999998,0
21.24432373046875,0.8,0.01067143,0.533333333,0.8,0.005134179,1
155.8000030517578,0.8,0.01067143,0.533333333,0.8,0.00966036664979673,1
32.310001373291016,0.8,0.01067143,0.533333333,1.0,0.008730093000000001,1
20.950000762939453,0.8,0.01067143,0.533333333,0.0,0.003301933,0
12.010000228881836,0.8,0.01067143,0.533333333,0.4,0.014949206999999999,0
28.35000038146973,0.8,0.01067143,0.533333333,0.4,0.008015344,0
46.67428588867188,0.8,0.011834983,0.46666666700000003,0.2,0.014395413999999999,0
177.4199981689453,0.8,0.011834983,0.46666666700000003,0.4,0.020945637,0
303.93817138671875,0.8,0.011834983,0.46666666700000003,0.4,0.016187386,0
21.44868278503418,0.8,0.011834983,0.46666666700000003,0.8,0.007014251,1
155.5,0.8,0.011834983,0.46666666700000003,0.8,0.009669894472378295,0
32.509998321533196,0.8,0.011834983,0.46666666700000003,1.0,0.008416693000000001,1
20.81999969482422,0.8,0.011834983,0.46666666700000003,0.0,0.004449112,0
11.979999542236328,0.8,0.011834983,0.46666666700000003,0.2,0.01237436,0
28.020000457763672,0.8,0.011834983,0.46666666700000003,0.4,0.007821504,0
48.2071418762207,0.8,0.011818118999999998,0.4,0.2,0.019343738,1
176.85000610351562,0.8,0.011818118999999998,0.4,0.2,0.018117033,0
303.56561279296875,0.8,0.011818118999999998,0.4,0.2,0.014003446000000001,0
21.5940055847168,0.8,0.011818118999999998,0.4,0.8,0.005740624000000001,1
159.6300048828125,0.8,0.011818118999999998,0.4,0.8,0.013395999420643364,1
32.400001525878906,0.8,0.011818118999999998,0.4,0.8,0.008644384,0
21.239999771118164,0.8,0.011818118999999998,0.4,0.2,0.006510928000000001,1
11.75,0.8,0.011818118999999998,0.4,0.0,0.014620468999999999,0
28.3799991607666,0.8,0.011818118999999998,0.4,0.4,0.009610678000000001,1
48.77142715454102,0.6,0.013689191000000002,0.37777777799999995,0.4,0.017191033999999997,1
176.6999969482422,0.6,0.013689191000000002,0.37777777799999995,0.0,0.015637672,0
307.9520568847656,0.6,0.013689191000000002,0.37777777799999995,0.2,0.0119429,1
21.380563735961914,0.6,0.013689191000000002,0.37777777799999995,0.6,0.007328309,0
161.44000244140625,0.6,0.013689191000000002,0.37777777799999995,0.8,0.014797081922166019,1
32.290000915527344,0.6,0.013689191000000002,0.37777777799999995,0.6,0.007531396,0
21.549999237060547,0.6,0.013689191000000002,0.37777777799999995,0.4,0.009429944,1
11.699999809265135,0.6,0.013689191000000002,0.37777777799999995,0.0,0.013890517,0
28.45000076293945,0.6,0.013689191000000002,0.37777777799999995,0.4,0.0075598209999999996,1
49.12142944335938,0.8,0.010335635,0.444444444,0.6,0.017563635,1
175.38999938964844,0.8,0.010335635,0.444444444,0.0,0.012540011,0
306.2580871582031,0.8,0.010335635,0.444444444,0.2,0.010579121,0
21.289735794067386,0.8,0.010335635,0.444444444,0.6,0.008091638,0
161.0399932861328,0.8,0.010335635,0.444444444,0.6,0.008601616138064786,0
32.560001373291016,0.8,0.010335635,0.444444444,0.6,0.008759723,1
21.75,0.8,0.010335635,0.444444444,0.6,0.010621966000000002,1
12.039999961853027,0.8,0.010335635,0.444444444,0.2,0.015240338,1
28.78000068664551,0.8,0.010335635,0.444444444,0.6,0.008553785999999999,1
49.02999877929688,0.8,0.014113185,0.488888889,0.6,0.01429996,0
184.4499969482422,0.8,0.014113185,0.488888889,0.2,0.017616292,1
306.40216064453125,0.8,0.014113185,0.488888889,0.4,0.009096635,1
21.226158142089844,0.8,0.014113185,0.488888889,0.4,0.0067027219999999995,0
161.07000732421875,0.8,0.014113185,0.488888889,0.6,0.008497584173913091,1
32.919998168945305,0.8,0.014113185,0.488888889,0.6,0.006477329,1
21.75,0.8,0.014113185,0.488888889,0.6,0.010050815,0
11.84000015258789,0.8,0.014113185,0.488888889,0.2,0.014324611999999999,0
28.8700008392334,0.8,0.014113185,0.488888889,0.8,0.008336236,1
48.01428604125977,0.6,0.017330212,0.444444444,0.6,0.014860166000000001,0
171.13999938964844,0.6,0.017330212,0.444444444,0.2,0.027058267999999996,0
298.5531921386719,0.6,0.017330212,0.444444444,0.4,0.009452651999999999,0
20.66757583618164,0.6,0.017330212,0.444444444,0.2,0.010041979,0
159.2100067138672,0.6,0.017330212,0.444444444,0.6,0.010422026654453213,0
32.0,0.6,0.017330212,0.444444444,0.4,0.010828637,0
21.459999084472656,0.6,0.017330212,0.444444444,0.6,0.011476429,0
11.800000190734865,0.6,0.017330212,0.444444444,0.2,0.014500691999999999,0
27.75,0.6,0.017330212,0.444444444,0.8,0.013767119,0
48.47428512573242,0.4,0.015353561000000002,0.42222222200000004,0.6,0.010207948,1
169.63999938964844,0.4,0.015353561000000002,0.42222222200000004,0.2,0.028168685,0
298.240234375,0.4,0.015353561000000002,0.42222222200000004,0.4,0.009417146999999999,0
20.749319076538086,0.4,0.015353561000000002,0.42222222200000004,0.2,0.009477933000000001,1
162.0,0.4,0.015353561000000002,0.42222222200000004,0.6,0.008614919660987494,1
32.029998779296875,0.4,0.015353561000000002,0.42222222200000004,0.6,0.010339435,1
21.459999084472656,0.4,0.015353561000000002,0.42222222200000004,0.4,0.007441845999999999,0
11.5,0.4,0.015353561000000002,0.42222222200000004,0.2,0.015745716,0
27.729999542236328,0.4,0.015353561000000002,0.42222222200000004,0.6,0.011341683,0
49.290000915527344,0.6,0.020180743,0.5111111110000001,0.6,0.011232423,1
172.11000061035156,0.6,0.020180743,0.5111111110000001,0.4,0.03091109,1
303.54571533203125,0.6,0.020180743,0.5111111110000001,0.4,0.010085056,1
21.12624931335449,0.6,0.020180743,0.5111111110000001,0.4,0.011134253,1
163.55999755859375,0.6,0.020180743,0.5111111110000001,0.6,0.00827310154266314,1
33.240001678466804,0.6,0.020180743,0.5111111110000001,0.8,0.017215854,1
21.479999542236328,0.6,0.020180743,0.5111111110000001,0.4,0.004709228,1
11.630000114440918,0.6,0.020180743,0.5111111110000001,0.4,0.01715552,1
27.989999771118164,0.6,0.020180743,0.5111111110000001,0.6,0.012723594,1
49.18857192993164,0.6,0.027769357999999997,0.5111111110000001,0.4,0.010208707,0
173.52999877929688,0.6,0.027769357999999997,0.5111111110000001,0.6,0.031078459,1
304.0226135253906,0.6,0.027769357999999997,0.5111111110000001,0.6,0.009299123000000001,1
21.29427719116211,0.6,0.027769357999999997,0.5111111110000001,0.6,0.011875324,1
163.3000030517578,0.6,0.027769357999999997,0.5111111110000001,0.6,0.008095469500447308,0
33.139999389648445,0.6,0.027769357999999997,0.5111111110000001,0.6,0.016145205,0
21.559999465942386,0.6,0.027769357999999997,0.5111111110000001,0.4,0.003597951,1
11.8100004196167,0.6,0.027769357999999997,0.5111111110000001,0.4,0.014438999999999999,1
27.940000534057607,0.6,0.027769357999999997,0.5111111110000001,0.4,0.010761,0
49.06285858154297,0.4,0.024848818999999998,0.5111111110000001,0.4,0.010347592,0
173.7100067138672,0.4,0.024848818999999998,0.5111111110000001,0.6,0.020954666,1
303.1036071777344,0.4,0.024848818999999998,0.5111111110000001,0.4,0.009809601,0
21.48955535888672,0.4,0.024848818999999998,0.5111111110000001,0.8,0.013112153999999999,1
163.52999877929688,0.4,0.024848818999999998,0.5111111110000001,0.6,0.008339879143393856,1
32.990001678466804,0.4,0.024848818999999998,0.5111111110000001,0.4,0.014839159,0
21.56999969482422,0.4,0.024848818999999998,0.5111111110000001,0.6,0.003690717,1
11.970000267028807,0.4,0.024848818999999998,0.5111111110000001,0.6,0.013826308999999998,1
27.649999618530273,0.4,0.024848818999999998,0.5111111110000001,0.2,0.012211448,0
49.5,0.6,0.022429607,0.666666667,0.6,0.007986327,1
175.92999267578125,0.6,0.022429607,0.666666667,0.8,0.009078540999999999,1
303.51593017578125,0.6,0.022429607,0.666666667,0.6,0.004958357,1
21.539508819580078,0.6,0.022429607,0.666666667,1.0,0.008313913000000001,1
164.0,0.6,0.022429607,0.666666667,0.8,0.006605143212041396,1
32.61999893188477,0.6,0.022429607,0.666666667,0.4,0.011492983,0
21.68000030517578,0.6,0.022429607,0.666666667,0.8,0.002043983,1
11.850000381469727,0.6,0.022429607,0.666666667,0.6,0.015155645,0
27.770000457763672,0.6,0.022429607,0.666666667,0.4,0.005320521999999999,1
50.26856994628906,0.8,0.023922974,0.7555555559999999,0.6,0.009175566999999999,1
176.42999267578125,0.8,0.023922974,0.7555555559999999,1.0,0.007893998000000001,1
305.16021728515625,0.8,0.023922974,0.7555555559999999,0.8,0.0058322009999999995,1
21.8619441986084,0.8,0.023922974,0.7555555559999999,1.0,0.010516781000000001,1
164.82000732421875,0.8,0.023922974,0.7555555559999999,0.8,0.004100355751227182,1
32.97999954223633,0.8,0.023922974,0.7555555559999999,0.4,0.013512729,1
21.690000534057614,0.8,0.023922974,0.7555555559999999,1.0,0.002136236,1
11.8100004196167,0.8,0.023922974,0.7555555559999999,0.6,0.010745999999999999,0
28.20000076293945,0.8,0.023922974,0.7555555559999999,0.6,0.008273244,1
50.74285888671875,0.6,0.023998693999999998,0.688888889,0.6,0.007697026,1
183.05999755859366,0.6,0.023998693999999998,0.688888889,1.0,0.012497682,1
307.1920166015625,0.6,0.023998693999999998,0.688888889,0.8,0.003605971,1
21.8619441986084,0.6,0.023998693999999998,0.688888889,0.8,0.006883599000000001,0
166.0500030517578,0.6,0.023998693999999998,0.688888889,0.8,0.003666964902094981,1
33.029998779296875,0.6,0.023998693999999998,0.688888889,0.4,0.006260504,1
21.63999938964844,0.6,0.023998693999999998,0.688888889,0.8,0.002410891,0
11.8100004196167,0.6,0.023998693999999998,0.688888889,0.4,0.008485129000000001,0
28.28000068664551,0.6,0.023998693999999998,0.688888889,0.6,0.006965392,1
51.16571426391602,0.6,0.028149167000000003,0.644444444,0.8,0.008952126,1
185.3000030517578,0.6,0.028149167000000003,0.644444444,1.0,0.013294867,1
306.2580871582031,0.6,0.028149167000000003,0.644444444,0.6,0.0038997959999999996,0
22.225250244140625,0.6,0.028149167000000003,0.644444444,0.8,0.008616536,1
164.64999389648438,0.6,0.028149167000000003,0.644444444,0.8,0.00503529555179071,0
32.889999389648445,0.6,0.028149167000000003,0.644444444,0.4,0.0065065159999999995,0
21.459999084472656,0.6,0.028149167000000003,0.644444444,0.6,0.003329602,0
11.65999984741211,0.6,0.028149167000000003,0.644444444,0.2,0.007929911,0
27.96999931335449,0.6,0.028149167000000003,0.644444444,0.6,0.008800499,0
50.6485710144043,0.8,0.027098151,0.6,0.8,0.010462421999999999,0
186.2100067138672,0.8,0.027098151,0.6,1.0,0.014069596,1
306.228271484375,0.8,0.027098151,0.6,0.6,0.003314702,0
22.043596267700195,0.8,0.027098151,0.6,0.6,0.008417108000000001,0
164.08999633789062,0.8,0.027098151,0.6,0.6,0.005433838501097724,0
33.259998321533196,0.8,0.027098151,0.6,0.6,0.007851196999999999,1
21.799999237060547,0.8,0.027098151,0.6,0.6,0.006405523000000001,1
11.489999771118164,0.8,0.027098151,0.6,0.0,0.008136298,0
27.5,0.8,0.027098151,0.6,0.6,0.010085354,0
50.97857284545898,0.8,0.026041414,0.577777778,0.8,0.009983561,1
189.25,0.8,0.026041414,0.577777778,1.0,0.014778752,1
310.23223876953125,0.8,0.026041414,0.577777778,0.6,0.005657656,1
22.08901023864746,0.8,0.026041414,0.577777778,0.6,0.008364237,1
163.85000610351562,0.8,0.026041414,0.577777778,0.4,0.0051515294276793435,0
33.470001220703125,0.8,0.026041414,0.577777778,0.8,0.006870871999999999,1
21.76000022888184,0.8,0.026041414,0.577777778,0.4,0.005752545,0
11.649999618530273,0.8,0.026041414,0.577777778,0.2,0.008916316,1
27.25,0.8,0.026041414,0.577777778,0.4,0.011035537,0
51.31142807006836,0.8,0.035195579,0.488888889,0.8,0.008184091,1
190.4199981689453,0.8,0.035195579,0.488888889,1.0,0.015446801999999999,1
312.0454406738281,0.8,0.035195579,0.488888889,0.6,0.005743095,1
21.93914604187012,0.8,0.035195579,0.488888889,0.4,0.0067272519999999995,0
163.22000122070312,0.8,0.035195579,0.488888889,0.2,0.004920522460117125,0
33.290000915527344,0.8,0.035195579,0.488888889,0.6,0.005739225,0
21.56999969482422,0.8,0.035195579,0.488888889,0.2,0.0074066209999999995,0
11.949999809265135,0.8,0.035195579,0.488888889,0.4,0.013391429,1
27.229999542236328,0.8,0.035195579,0.488888889,0.2,0.00808546,0
51.41428756713867,0.8,0.03735219,0.37777777799999995,0.8,0.0066979940000000005,1
189.02999877929688,0.8,0.03735219,0.37777777799999995,0.8,0.009390997,0
310.0583801269531,0.8,0.03735219,0.37777777799999995,0.4,0.005685038000000001,0
21.7938232421875,0.8,0.03735219,0.37777777799999995,0.4,0.008052031999999999,0
162.83999633789062,0.8,0.03735219,0.37777777799999995,0.0,0.003893625589134743,0
32.759998321533196,0.8,0.03735219,0.37777777799999995,0.4,0.00862017,0
21.450000762939453,0.8,0.03735219,0.37777777799999995,0.2,0.008058215,0
11.90999984741211,0.8,0.03735219,0.37777777799999995,0.4,0.014060884,0
26.959999084472656,0.8,0.03735219,0.37777777799999995,0.0,0.009501195,0
51.87571334838867,0.8,0.025228396,0.488888889,0.8,0.006826266,1
186.6199951171875,0.8,0.025228396,0.488888889,0.6,0.00949357,0
310.0931396484375,0.8,0.025228396,0.488888889,0.6,0.005099417,1
22.247957229614254,0.8,0.025228396,0.488888889,0.4,0.008895941,1
163.39999389648438,0.8,0.025228396,0.488888889,0.2,0.0028951642226895005,1
33.110000610351555,0.8,0.025228396,0.488888889,0.6,0.009909226,1
21.75,0.8,0.025228396,0.488888889,0.4,0.009191821,1
12.130000114440918,0.8,0.025228396,0.488888889,0.6,0.015215033999999999,1
27.020000457763672,0.8,0.025228396,0.488888889,0.2,0.007753937,1
51.18571472167969,0.8,0.025314491,0.5555555560000001,0.8,0.007465021,0
187.75999450683602,0.8,0.025314491,0.5555555560000001,0.6,0.009733108,1
310.6097717285156,0.8,0.025314491,0.5555555560000001,0.8,0.005413156999999999,1
22.079927444458008,0.8,0.025314491,0.5555555560000001,0.4,0.008771797,0
164.24000549316406,0.8,0.025314491,0.5555555560000001,0.4,0.003243102377867759,1
33.009998321533196,0.8,0.025314491,0.5555555560000001,0.4,0.00826337,0
21.96999931335449,0.8,0.025314491,0.5555555560000001,0.4,0.008046115999999999,1
12.710000038146973,0.8,0.025314491,0.5555555560000001,0.8,0.021862146000000002,1
27.209999084472656,0.8,0.025314491,0.5555555560000001,0.4,0.005799554,1
50.08000183105469,0.8,0.025663857,0.533333333,0.6,0.010482313,0
186.5,0.8,0.025663857,0.533333333,0.4,0.0078101180000000004,0
313.00421142578125,0.8,0.025663857,0.533333333,0.8,0.004339903,1
22.10263442993164,0.8,0.025663857,0.533333333,0.4,0.008565439000000001,1
164.83999633789062,0.8,0.025663857,0.533333333,0.6,0.0036812187953705142,1
33.68000030517578,0.8,0.025663857,0.533333333,0.4,0.011059962,1
22.13999938964844,0.8,0.025663857,0.533333333,0.6,0.009226718,1
12.300000190734865,0.8,0.025663857,0.533333333,0.6,0.025528727999999997,0
27.059999465942386,0.8,0.025663857,0.533333333,0.4,0.005083905,0
48.37285614013672,0.6,0.022347042,0.444444444,0.4,0.015994124,0
180.4199981689453,0.6,0.022347042,0.444444444,0.2,0.013093769,0
303.1334228515625,0.6,0.022347042,0.444444444,0.6,0.009478099,0
21.902814865112305,0.6,0.022347042,0.444444444,0.4,0.009016633000000001,0
161.9499969482422,0.6,0.022347042,0.444444444,0.6,0.006418646646359136,0
32.529998779296875,0.6,0.022347042,0.444444444,0.4,0.016813358,0
21.809999465942386,0.6,0.022347042,0.444444444,0.6,0.010461419,0
12.1899995803833,0.6,0.022347042,0.444444444,0.4,0.022167138,0
26.59000015258789,0.6,0.022347042,0.444444444,0.4,0.00841087,0
48.94571304321289,0.6,0.013170262,0.488888889,0.4,0.017961707,1
176.67999267578125,0.6,0.013170262,0.488888889,0.2,0.015779727,0
303.684814453125,0.6,0.013170262,0.488888889,0.8,0.008568322,1
19.79564094543457,0.6,0.013170262,0.488888889,0.4,0.026932977,0
160.17999267578125,0.6,0.013170262,0.488888889,0.6,0.00813887660537314,0
32.18000030517578,0.6,0.013170262,0.488888889,0.4,0.015781053,0
21.149999618530273,0.6,0.013170262,0.488888889,0.6,0.015401041,0
12.31999969482422,0.6,0.013170262,0.488888889,0.6,0.02363058,1
26.59000015258789,0.6,0.013170262,0.488888889,0.4,0.00642776,0
48.98285675048828,0.6,0.011969427,0.444444444,0.4,0.01631855,1
177.75,0.6,0.011969427,0.444444444,0.4,0.014441101000000001,1
302.4429016113281,0.6,0.011969427,0.444444444,0.6,0.009363797,0
19.15077209472656,0.6,0.011969427,0.444444444,0.2,0.02928069,0
160.77000427246094,0.6,0.011969427,0.444444444,0.6,0.00818777364916219,1
32.25,0.6,0.011969427,0.444444444,0.4,0.014079338,1
21.290000915527344,0.6,0.011969427,0.444444444,0.6,0.013927735,1
12.18000030517578,0.6,0.011969427,0.444444444,0.4,0.022208919,0
26.770000457763672,0.6,0.011969427,0.444444444,0.4,0.00733654,1
49.73714447021485,0.6,0.012926663,0.444444444,0.6,0.016738153999999998,1
177.24000549316406,0.6,0.012926663,0.444444444,0.2,0.013793201000000001,0
303.0489501953125,0.6,0.012926663,0.444444444,0.6,0.009431355,1
19.38237953186035,0.6,0.012926663,0.444444444,0.4,0.030188951000000002,1
162.27999877929688,0.6,0.012926663,0.444444444,0.6,0.009038060669935365,1
32.950000762939446,0.6,0.012926663,0.444444444,0.6,0.017816367,1
21.86000061035156,0.6,0.012926663,0.444444444,0.6,0.017259376,1
12.149999618530273,0.6,0.012926663,0.444444444,0.2,0.013138476000000001,0
26.54999923706055,0.6,0.012926663,0.444444444,0.2,0.007573825,0
50.45857238769531,0.6,0.011828527,0.42222222200000004,0.8,0.01531872,1
173.2899932861328,0.6,0.011828527,0.42222222200000004,0.2,0.016908315,0
304.7181091308594,0.6,0.011828527,0.42222222200000004,0.6,0.008991165,1
19.81380653381348,0.6,0.011828527,0.42222222200000004,0.4,0.034435015,1
161.8800048828125,0.6,0.011828527,0.42222222200000004,0.4,0.008800401338687537,0
32.900001525878906,0.6,0.011828527,0.42222222200000004,0.4,0.014060465,0
21.46999931335449,0.6,0.011828527,0.42222222200000004,0.4,0.019279983,0
12.149999618530273,0.6,0.011828527,0.42222222200000004,0.2,0.006686865,0
26.57999992370605,0.6,0.011828527,0.42222222200000004,0.4,0.006697285999999999,1
49.90142822265625,0.6,0.010835768,0.42222222200000004,0.8,0.010709369,0
169.44000244140625,0.6,0.010835768,0.42222222200000004,0.2,0.014831614,0
298.4389343261719,0.6,0.010835768,0.42222222200000004,0.6,0.006805337,0
19.48682975769043,0.6,0.010835768,0.42222222200000004,0.4,0.035927403,0
159.97000122070312,0.6,0.010835768,0.42222222200000004,0.4,0.0076537486476972606,0
31.670000076293945,0.6,0.010835768,0.42222222200000004,0.4,0.014708688999999999,0
21.38999938964844,0.6,0.010835768,0.42222222200000004,0.4,0.017044179,0
12.020000457763672,0.6,0.010835768,0.42222222200000004,0.2,0.0070381409999999995,0
26.15999984741211,0.6,0.010835768,0.42222222200000004,0.4,0.0063838,0
50.3028564453125,0.8,0.011991836,0.533333333,0.8,0.009949748000000001,1
172.02000427246094,0.8,0.011991836,0.533333333,0.4,0.013731054,1
298.453857421875,0.8,0.011991836,0.533333333,0.6,0.0064515430000000006,1
19.636693954467773,0.8,0.011991836,0.533333333,0.6,0.018224386000000002,1
160.16000366210938,0.8,0.011991836,0.533333333,0.6,0.005705431087072325,1
32.11999893188477,0.8,0.011991836,0.533333333,0.6,0.015398637,1
21.489999771118164,0.8,0.011991836,0.533333333,0.6,0.011926931000000002,1
12.039999961853027,0.8,0.011991836,0.533333333,0.2,0.005238014,1
26.07999992370605,0.8,0.011991836,0.533333333,0.4,0.00699542,0
51.36571502685547,0.8,0.015800118999999998,0.577777778,0.8,0.014023811,1
172.7899932861328,0.8,0.015800118999999998,0.577777778,0.4,0.013415048,1
302.8105163574219,0.8,0.015800118999999998,0.577777778,0.8,0.008553133000000001,1
19.618528366088867,0.8,0.015800118999999998,0.577777778,0.6,0.011894142,0
163.47999572753906,0.8,0.015800118999999998,0.577777778,0.6,0.009114589471731287,1
33.029998779296875,0.8,0.015800118999999998,0.577777778,0.6,0.020629836999999998,1
21.790000915527344,0.8,0.015800118999999998,0.577777778,0.6,0.013395048,1
12.100000381469727,0.8,0.015800118999999998,0.577777778,0.4,0.003961981,1
26.20000076293945,0.8,0.015800118999999998,0.577777778,0.4,0.0065617769999999995,1
51.42856979370117,0.6,0.015622941999999999,0.46666666700000003,0.8,0.011188742,1
171.6699981689453,0.6,0.015622941999999999,0.46666666700000003,0.4,0.01413758,0
298.369384765625,0.6,0.015622941999999999,0.46666666700000003,0.6,0.011085639,0
19.350589752197266,0.6,0.015622941999999999,0.46666666700000003,0.4,0.012206848000000001,0
161.8300018310547,0.6,0.015622941999999999,0.46666666700000003,0.4,0.009254724576167658,0
32.759998321533196,0.6,0.015622941999999999,0.46666666700000003,0.4,0.017923628,0
21.559999465942386,0.6,0.015622941999999999,0.46666666700000003,0.4,0.010151498,0
11.899999618530273,0.6,0.015622941999999999,0.46666666700000003,0.4,0.0067751569999999995,0
25.95000076293945,0.6,0.015622941999999999,0.46666666700000003,0.4,0.006826534,0
50.76571273803711,0.6,0.015785284,0.37777777799999995,0.6,0.010865558,0
169.0800018310547,0.6,0.015785284,0.37777777799999995,0.4,0.012697746999999999,0
293.9183349609375,0.6,0.015785284,0.37777777799999995,0.4,0.012967645,0
19.06448745727539,0.6,0.015785284,0.37777777799999995,0.2,0.010712143,0
159.92999267578125,0.6,0.015785284,0.37777777799999995,0.4,0.01110991139116033,0
32.09999847412109,0.6,0.015785284,0.37777777799999995,0.4,0.021649445,0
21.209999084472656,0.6,0.015785284,0.37777777799999995,0.4,0.009830081999999999,0
11.81999969482422,0.6,0.015785284,0.37777777799999995,0.4,0.008119693,0
25.71999931335449,0.6,0.015785284,0.37777777799999995,0.2,0.008373191,0
50.82285690307617,0.8,0.010275555,0.533333333,0.8,0.008882363,1
166.88999938964844,0.8,0.010275555,0.533333333,0.4,0.010844831000000001,0
294.2412414550781,0.8,0.010275555,0.533333333,0.6,0.00906607,1
19.25522232055664,0.8,0.010275555,0.533333333,0.4,0.009412593,1
162.27999877929688,0.8,0.010275555,0.533333333,0.6,0.011688927752822093,1
32.740001678466804,0.8,0.010275555,0.533333333,0.6,0.018159792,1
21.1299991607666,0.8,0.010275555,0.533333333,0.4,0.009839218,0
12.0,0.8,0.010275555,0.533333333,0.6,0.00902548,1
25.90999984741211,0.8,0.010275555,0.533333333,0.4,0.006690373,1
50.35285568237305,0.6,0.013559228000000001,0.444444444,0.6,0.009123045,0
169.0500030517578,0.6,0.013559228000000001,0.444444444,0.4,0.010388039,1
293.9729919433594,0.6,0.013559228000000001,0.444444444,0.4,0.009238402,0
19.096275329589844,0.6,0.013559228000000001,0.444444444,0.2,0.009525435,0
165.86000061035156,0.6,0.013559228000000001,0.444444444,0.6,0.015863509640130374,1
32.790000915527344,0.6,0.013559228000000001,0.444444444,0.6,0.015623426000000001,1
21.200000762939453,0.6,0.013559228000000001,0.444444444,0.4,0.009566778,1
11.920000076293945,0.6,0.013559228000000001,0.444444444,0.4,0.010026041999999999,0
25.88999938964844,0.6,0.013559228000000001,0.444444444,0.4,0.006233137,0
49.52428436279297,0.4,0.015157637,0.26666666699999997,0.4,0.008188266999999999,0
166.13999938964844,0.4,0.015157637,0.26666666699999997,0.2,0.01293558,0
288.2750549316406,0.4,0.015157637,0.26666666699999997,0.2,0.01019542,0
18.837421417236328,0.4,0.015157637,0.26666666699999997,0.2,0.012051458999999999,0
162.02000427246094,0.4,0.015157637,0.26666666699999997,0.4,0.016348072254593487,0
31.79999923706055,0.4,0.015157637,0.26666666699999997,0.4,0.015995611,0
20.790000915527344,0.4,0.015157637,0.26666666699999997,0.2,0.010642694,0
11.600000381469727,0.4,0.015157637,0.26666666699999997,0.2,0.014398478999999999,0
25.40999984741211,0.4,0.015157637,0.26666666699999997,0.2,0.009020877,0
50.28428649902344,0.6,0.014107808999999999,0.4,0.4,0.011012743,1
168.07000732421875,0.6,0.014107808999999999,0.4,0.4,0.013962565,1
286.49163818359375,0.6,0.014107808999999999,0.4,0.2,0.008499448,0
18.95095443725586,0.6,0.014107808999999999,0.4,0.4,0.010525373000000001,1
162.42999267578125,0.6,0.014107808999999999,0.4,0.6,0.014835580150249597,1
31.90999984741211,0.6,0.014107808999999999,0.4,0.6,0.015052558999999998,1
20.8700008392334,0.6,0.014107808999999999,0.4,0.4,0.009301221,1
11.390000343322756,0.6,0.014107808999999999,0.4,0.2,0.014713371999999999,0
25.68000030517578,0.6,0.014107808999999999,0.4,0.4,0.009237631999999999,1
50.50857162475586,0.4,0.018569133,0.444444444,0.6,0.009327034,1
166.72999572753906,0.4,0.018569133,0.444444444,0.4,0.01253974,0
283.1533508300781,0.4,0.018569133,0.444444444,0.2,0.007846325,0
18.841960906982425,0.4,0.018569133,0.444444444,0.4,0.008718603,0
161.38999938964844,0.4,0.018569133,0.444444444,0.6,0.013767969162191362,0
31.59000015258789,0.4,0.018569133,0.444444444,0.6,0.013028894,0
20.84000015258789,0.4,0.018569133,0.444444444,0.4,0.006341964,0
10.8100004196167,0.4,0.018569133,0.444444444,0.2,0.023553206,0
25.690000534057607,0.4,0.018569133,0.444444444,0.6,0.007542864,1
49.34714126586914,0.2,0.021749052,0.288888889,0.4,0.013700848,0
165.0800018310547,0.2,0.021749052,0.288888889,0.4,0.011928488000000001,0
282.93975830078125,0.2,0.021749052,0.288888889,0.0,0.007777467,0
18.58764839172364,0.2,0.021749052,0.288888889,0.2,0.009417086,0
159.02000427246094,0.2,0.021749052,0.288888889,0.4,0.0137661545795836,0
31.170000076293945,0.2,0.021749052,0.288888889,0.4,0.011700405,0
20.18000030517578,0.2,0.021749052,0.288888889,0.4,0.011921575,0
10.640000343322754,0.2,0.021749052,0.288888889,0.0,0.023652752000000003,0
25.38999938964844,0.2,0.021749052,0.288888889,0.4,0.008400959,0
47.144287109375,0.2,0.027611402,0.2,0.4,0.020779273,0
164.6999969482422,0.2,0.027611402,0.2,0.2,0.009800341,0
276.75,0.2,0.027611402,0.2,0.0,0.011970452,0
18.228883743286133,0.2,0.027611402,0.2,0.2,0.011626383999999998,0
153.0,0.2,0.027611402,0.2,0.2,0.016925404942074715,0
30.20000076293945,0.2,0.027611402,0.2,0.2,0.017618902,0
19.809999465942386,0.2,0.027611402,0.2,0.2,0.014925999999999998,0
10.4399995803833,0.2,0.027611402,0.2,0.0,0.026078833,0
24.790000915527344,0.2,0.027611402,0.2,0.4,0.012972833000000001,0
47.80571365356445,0.4,0.022796844,0.333333333,0.6,0.02029418,1
160.97000122070312,0.4,0.022796844,0.333333333,0.2,0.01088701,0
278.86624145507807,0.4,0.022796844,0.333333333,0.2,0.009623300999999999,1
18.81471443176269,0.4,0.022796844,0.333333333,0.4,0.015342843,1
154.17999267578125,0.4,0.022796844,0.333333333,0.4,0.01383747227084665,1
30.54999923706055,0.4,0.022796844,0.333333333,0.4,0.013898336,1
19.899999618530273,0.4,0.022796844,0.333333333,0.4,0.011966711000000001,1
10.06999969482422,0.4,0.022796844,0.333333333,0.0,0.027797831000000002,0
24.78000068664551,0.4,0.022796844,0.333333333,0.4,0.00934552,0
47.23857116699219,0.4,0.022948842999999997,0.311111111,0.4,0.019597667,0
161.82000732421875,0.4,0.022948842999999997,0.311111111,0.2,0.009619764,1
278.7172241210937,0.4,0.022948842999999997,0.311111111,0.2,0.008492873,0
18.764759063720703,0.4,0.022948842999999997,0.311111111,0.2,0.014668468,0
155.88999938964844,0.4,0.022948842999999997,0.311111111,0.4,0.015549571592288522,1
30.76000022888184,0.4,0.022948842999999997,0.311111111,0.4,0.01458131,1
19.93000030517578,0.4,0.022948842999999997,0.311111111,0.4,0.011498625,1
10.079999923706056,0.4,0.022948842999999997,0.311111111,0.2,0.024375755,1
24.79999923706055,0.4,0.022948842999999997,0.311111111,0.4,0.007381778,1
48.47142791748047,0.6,0.021515842,0.46666666700000003,0.4,0.023925303,1
164.52000427246094,0.6,0.021515842,0.46666666700000003,0.4,0.011362213999999999,1
286.3873291015625,0.6,0.021515842,0.46666666700000003,0.4,0.011666273999999999,1
18.969118118286133,0.6,0.021515842,0.46666666700000003,0.4,0.015696314,1
157.67999267578125,0.6,0.021515842,0.46666666700000003,0.6,0.01656551069001761,1
31.420000076293945,0.6,0.021515842,0.46666666700000003,0.6,0.016866958,1
20.190000534057614,0.6,0.021515842,0.46666666700000003,0.6,0.013820259,1
10.68000030517578,0.6,0.021515842,0.46666666700000003,0.4,0.026096154,1
25.32999992370605,0.6,0.021515842,0.46666666700000003,0.4,0.011578093999999999,1
48.74285888671875,0.6,0.019000585,0.5555555560000001,0.6,0.020446322,1
162.60000610351562,0.6,0.019000585,0.5555555560000001,0.4,0.011717034,0
286.794677734375,0.6,0.019000585,0.5555555560000001,0.6,0.01179988,1
18.955495834350586,0.6,0.019000585,0.5555555560000001,0.4,0.013140513000000001,0
158.0,0.6,0.019000585,0.5555555560000001,0.8,0.014034426432777466,1
31.1299991607666,0.6,0.019000585,0.5555555560000001,0.6,0.016053852,0
20.149999618530273,0.6,0.019000585,0.5555555560000001,0.6,0.007882532,0
11.31999969482422,0.6,0.019000585,0.5555555560000001,0.6,0.034935924,1
25.29999923706055,0.6,0.019000585,0.5555555560000001,0.4,0.009479425,0
48.45571517944336,0.8,0.010129908,0.7333333329999999,0.6,0.012696529,0
165.32000732421875,0.8,0.010129908,0.7333333329999999,0.6,0.01460228,1
289.19903564453125,0.8,0.010129908,0.7333333329999999,0.8,0.009101271999999999,1
19.105358123779297,0.8,0.010129908,0.7333333329999999,0.6,0.010861467,1
159.52999877929688,0.8,0.010129908,0.7333333329999999,1.0,0.008399753908425114,1
31.40999984741211,0.8,0.010129908,0.7333333329999999,0.8,0.011628835,1
20.290000915527344,0.8,0.010129908,0.7333333329999999,0.8,0.005605118,1
11.479999542236328,0.8,0.010129908,0.7333333329999999,0.8,0.034003364,1
25.540000915527344,0.8,0.010129908,0.7333333329999999,0.6,0.006650413000000001,1
49.28142929077149,0.8,0.011368857,0.7777777779999999,0.6,0.013298681000000001,1
171.10000610351562,0.8,0.011368857,0.7777777779999999,0.8,0.017065335,1
291.54876708984375,0.8,0.011368857,0.7777777779999999,0.8,0.009196912,1
19.573116302490234,0.8,0.011368857,0.7777777779999999,0.6,0.009330585,1
160.0399932861328,0.8,0.011368857,0.7777777779999999,1.0,0.007496651114028542,1
32.139999389648445,0.8,0.011368857,0.7777777779999999,0.8,0.013959163,1
20.3799991607666,0.8,0.011368857,0.7777777779999999,0.8,0.005583604,1
11.300000190734865,0.8,0.011368857,0.7777777779999999,0.8,0.030051121,0
25.809999465942386,0.8,0.011368857,0.7777777779999999,0.8,0.008684052,1
50.22000122070313,0.6,0.011849358999999999,0.7333333329999999,0.8,0.014735011999999999,1
170.97999572753906,0.6,0.011849358999999999,0.7333333329999999,0.6,0.016149511000000002,0
287.9968566894531,0.6,0.011849358999999999,0.7333333329999999,0.8,0.011526618999999998,0
19.314260482788086,0.6,0.011849358999999999,0.7333333329999999,0.6,0.011444573999999999,0
162.17999267578125,0.6,0.011849358999999999,0.7333333329999999,1.0,0.007952786530895817,1
32.639999389648445,0.6,0.011849358999999999,0.7333333329999999,0.8,0.015695748,1
20.3700008392334,0.6,0.011849358999999999,0.7333333329999999,0.6,0.005380208,0
11.31999969482422,0.6,0.011849358999999999,0.7333333329999999,0.8,0.03020648,1
25.6200008392334,0.6,0.011849358999999999,0.7333333329999999,0.6,0.00999493,0
50.06285858154297,0.4,0.0074088240000000005,0.533333333,0.6,0.010141125,0
169.35000610351562,0.4,0.0074088240000000005,0.533333333,0.4,0.014719118,0
285.8210144042969,0.4,0.0074088240000000005,0.533333333,0.6,0.007533775,0
19.137147903442386,0.4,0.0074088240000000005,0.533333333,0.4,0.011100467,0
161.3699951171875,0.4,0.0074088240000000005,0.533333333,0.8,0.0066551911764308426,0
32.560001373291016,0.4,0.0074088240000000005,0.533333333,0.6,0.011894646000000002,0
20.34000015258789,0.4,0.0074088240000000005,0.533333333,0.4,0.003065632,0
10.68000030517578,0.4,0.0074088240000000005,0.533333333,0.6,0.02960912,0
25.40999984741211,0.4,0.0074088240000000005,0.533333333,0.4,0.007360083000000001,0
50.13714218139648,0.6,0.009471014,0.6,0.6,0.009317924,1
174.6199951171875,0.6,0.009471014,0.6,0.6,0.018608841,1
288.9854431152344,0.6,0.009471014,0.6,0.6,0.009463575,1
18.669391632080078,0.6,0.009471014,0.6,0.4,0.015845305,0
162.8800048828125,0.6,0.009471014,0.6,0.8,0.008120784181338478,1
33.15999984741211,0.6,0.009471014,0.6,0.8,0.013734176,1
20.280000686645508,0.6,0.009471014,0.6,0.4,0.003259352,0
10.890000343322754,0.6,0.009471014,0.6,0.6,0.021556698,1
25.489999771118164,0.6,0.009471014,0.6,0.6,0.007752876999999999,1
49.80428695678711,0.6,0.008350287,0.577777778,0.6,0.009467505,0
179.4199981689453,0.6,0.008350287,0.577777778,0.6,0.020760861999999998,1
289.0400695800781,0.6,0.008350287,0.577777778,0.6,0.00782467,1
18.75567626953125,0.6,0.008350287,0.577777778,0.4,0.015188446999999999,1
163.60000610351562,0.6,0.008350287,0.577777778,0.8,0.007068164782176238,1
33.049999237060554,0.6,0.008350287,0.577777778,0.6,0.012598718,0
20.459999084472656,0.6,0.008350287,0.577777778,0.4,0.0036448929999999997,1
11.0,0.6,0.008350287,0.577777778,0.6,0.020750041,1
25.61000061035156,0.6,0.008350287,0.577777778,0.6,0.006797183,1
49.78714370727539,0.6,0.006764084,0.488888889,0.4,0.006128229000000001,0
180.1300048828125,0.6,0.006764084,0.488888889,0.6,0.014559811,1
291.4841613769531,0.6,0.006764084,0.488888889,0.6,0.007890856,1
18.605812072753906,0.6,0.006764084,0.488888889,0.2,0.011889897,0
163.07000732421875,0.6,0.006764084,0.488888889,0.6,0.007076713734501019,0
33.43000030517578,0.6,0.006764084,0.488888889,0.6,0.010250071999999999,1
20.18000030517578,0.6,0.006764084,0.488888889,0.2,0.00549481,0
11.300000190734865,0.6,0.006764084,0.488888889,0.8,0.023068712999999998,1
25.38999938964844,0.6,0.006764084,0.488888889,0.4,0.006400952,0
49.22285842895508,0.8,0.023073315,0.533333333,0.2,0.004585991,0
180.1300048828125,0.8,0.023073315,0.533333333,0.6,0.01441953,0
293.9878845214844,0.8,0.023073315,0.533333333,0.8,0.007172189,1
18.61035346984864,0.8,0.023073315,0.533333333,0.4,0.009293700000000002,1
164.27000427246094,0.8,0.023073315,0.533333333,0.6,0.005874139752538777,1
34.02000045776367,0.8,0.023073315,0.533333333,0.6,0.010668448999999998,1
19.71999931335449,0.8,0.023073315,0.533333333,0.2,0.00995567,0
11.390000343322756,0.8,0.023073315,0.533333333,0.8,0.024307662,1
25.479999542236328,0.8,0.023073315,0.533333333,0.6,0.005637606999999999,1
48.74142837524414,0.8,0.0285121,0.622222222,0.2,0.005916298,0
182.94000244140625,0.8,0.0285121,0.622222222,0.8,0.015632852,1
291.9411926269531,0.8,0.0285121,0.622222222,0.8,0.007053536,0
18.31970977783203,0.8,0.0285121,0.622222222,0.4,0.010583153999999999,0
164.25,0.8,0.0285121,0.622222222,0.6,0.004899607952431081,0
34.139999389648445,0.8,0.0285121,0.622222222,0.8,0.010883726000000002,1
19.489999771118164,0.8,0.0285121,0.622222222,0.2,0.011993765,0
11.5,0.8,0.0285121,0.622222222,1.0,0.014931765,1
25.54999923706055,0.8,0.0285121,0.622222222,0.8,0.004547703,1
48.41285705566406,0.8,0.02887538,0.533333333,0.0,0.006967758,0
185.2899932861328,0.8,0.02887538,0.533333333,0.8,0.011978207,1
282.7062683105469,0.8,0.02887538,0.533333333,0.6,0.011165827,0
18.2970027923584,0.8,0.02887538,0.533333333,0.4,0.005942586999999999,0
163.99000549316406,0.8,0.02887538,0.533333333,0.4,0.0033447041756810353,0
33.919998168945305,0.8,0.02887538,0.533333333,0.6,0.00848705,0
19.709999084472656,0.8,0.02887538,0.533333333,0.4,0.013661361,1
11.460000038146973,0.8,0.02887538,0.533333333,0.8,0.011694831999999999,0
25.78000068664551,0.8,0.02887538,0.533333333,0.8,0.005718433,1
48.29142761230469,0.8,0.034493263999999996,0.5111111110000001,0.0,0.006141621,0
182.75999450683602,0.8,0.034493263999999996,0.5111111110000001,0.6,0.009211404,0
285.2348327636719,0.8,0.034493263999999996,0.5111111110000001,0.6,0.01291685,1
18.701181411743164,0.8,0.034493263999999996,0.5111111110000001,0.4,0.00943622,1
164.0399932861328,0.8,0.034493263999999996,0.5111111110000001,0.4,0.002521580697712043,1
33.580001831054695,0.8,0.034493263999999996,0.5111111110000001,0.6,0.009828291999999999,0
19.950000762939453,0.8,0.034493263999999996,0.5111111110000001,0.4,0.014321558,1
11.550000190734865,0.8,0.034493263999999996,0.5111111110000001,0.8,0.01124532,1
26.149999618530273,0.8,0.034493263999999996,0.5111111110000001,0.8,0.007647315,1
48.297142028808594,0.8,0.035770453,0.6,0.2,0.006096445,1
184.91000366210938,0.8,0.035770453,0.6,0.6,0.01077278,1
288.1260070800781,0.8,0.035770453,0.6,0.6,0.013252895,1
18.6557674407959,0.8,0.035770453,0.6,0.4,0.008323833000000001,0
164.3800048828125,0.8,0.035770453,0.6,0.6,0.0022882076503275344,1
33.720001220703125,0.8,0.035770453,0.6,0.6,0.008362565,1
20.030000686645508,0.8,0.035770453,0.6,0.6,0.012386526,1
11.59000015258789,0.8,0.035770453,0.6,0.8,0.006483411,1
26.20000076293945,0.8,0.035770453,0.6,1.0,0.006311644,1
47.86571502685547,0.6,0.021537565,0.46666666700000003,0.2,0.0056162059999999995,0
184.7100067138672,0.6,0.021537565,0.46666666700000003,0.6,0.010989098000000001,0
287.21197509765625,0.6,0.021537565,0.46666666700000003,0.4,0.012169448000000001,0
18.483196258544922,0.6,0.021537565,0.46666666700000003,0.2,0.010125073,0
164.0500030517578,0.6,0.021537565,0.46666666700000003,0.4,0.0012179617809614685,0
33.540000915527344,0.6,0.021537565,0.46666666700000003,0.4,0.005900418,0
20.020000457763672,0.6,0.021537565,0.46666666700000003,0.6,0.007927399,0
11.550000190734865,0.6,0.021537565,0.46666666700000003,0.6,0.005580737,0
26.06999969482422,0.6,0.021537565,0.46666666700000003,0.8,0.0065950769999999995,0
47.25714111328125,0.6,0.018893238,0.444444444,0.2,0.006202921,0
184.0399932861328,0.6,0.018893238,0.444444444,0.4,0.008594608,0
286.81951904296875,0.6,0.018893238,0.444444444,0.4,0.01105037,0
18.64214324951172,0.6,0.018893238,0.444444444,0.4,0.008721519,1
163.9499969482422,0.6,0.018893238,0.444444444,0.4,0.0013155279139777296,0
33.779998779296875,0.6,0.018893238,0.444444444,0.4,0.006626071,1
20.1200008392334,0.6,0.018893238,0.444444444,0.8,0.006593752,1
11.5,0.6,0.018893238,0.444444444,0.4,0.004515029,0
25.979999542236328,0.6,0.018893238,0.444444444,0.6,0.006736079,0
47.48571395874024,0.4,0.016524058,0.42222222200000004,0.4,0.005822056999999999,1
180.47999572753903,0.4,0.016524058,0.42222222200000004,0.2,0.009894192,0
283.46136474609375,0.4,0.016524058,0.42222222200000004,0.4,0.007065455,0
18.6557674407959,0.4,0.016524058,0.42222222200000004,0.6,0.008619787,1
163.25,0.4,0.016524058,0.42222222200000004,0.4,0.0018528592104065606,0
33.400001525878906,0.4,0.016524058,0.42222222200000004,0.4,0.007587089,0
19.76000022888184,0.4,0.016524058,0.42222222200000004,0.6,0.007914725,0
11.420000076293945,0.4,0.016524058,0.42222222200000004,0.4,0.00521068,0
25.63999938964844,0.4,0.016524058,0.42222222200000004,0.4,0.007553076,0
48.01856994628906,0.2,0.010811397,0.46666666700000003,0.6,0.007564695,1
182.2899932861328,0.2,0.010811397,0.46666666700000003,0.4,0.009169098,1
286.2780456542969,0.2,0.010811397,0.46666666700000003,0.4,0.007263974,1
18.67847442626953,0.2,0.010811397,0.46666666700000003,0.6,0.004445242,1
163.9499969482422,0.2,0.010811397,0.46666666700000003,0.4,0.0026494714313806287,1
33.700000762939446,0.2,0.010811397,0.46666666700000003,0.6,0.007378796,1
19.780000686645508,0.2,0.010811397,0.46666666700000003,0.6,0.00568183,1
11.43000030517578,0.2,0.010811397,0.46666666700000003,0.4,0.003815132,1
25.6299991607666,0.2,0.010811397,0.46666666700000003,0.2,0.004760647,0
47.48857116699219,0.2,0.009506691999999999,0.37777777799999995,0.4,0.009748503,0
181.82000732421875,0.2,0.009506691999999999,0.37777777799999995,0.2,0.007331921999999999,0
287.3858337402344,0.2,0.009506691999999999,0.37777777799999995,0.4,0.006010675,1
18.328792572021484,0.2,0.009506691999999999,0.37777777799999995,0.6,0.007703785,0
164.97000122070312,0.2,0.009506691999999999,0.37777777799999995,0.4,0.0034792112631463245,1
33.799999237060554,0.2,0.009506691999999999,0.37777777799999995,0.6,0.0071384330000000005,1
19.57999992370605,0.2,0.009506691999999999,0.37777777799999995,0.4,0.006902078000000001,0
11.449999809265135,0.2,0.009506691999999999,0.37777777799999995,0.4,0.00347244,1
25.420000076293945,0.2,0.009506691999999999,0.37777777799999995,0.0,0.006016926,0
46.77999877929688,0.4,0.008117793,0.46666666700000003,0.4,0.01094613,0
180.00999450683594,0.4,0.008117793,0.46666666700000003,0.2,0.009106598,0
263.63531494140625,0.4,0.008117793,0.46666666700000003,0.4,0.021904872000000002,0
18.28337860107422,0.4,0.008117793,0.46666666700000003,0.6,0.006349276,0
166.2100067138672,0.4,0.008117793,0.46666666700000003,0.6,0.0045810106273172545,1
34.18000030517578,0.4,0.008117793,0.46666666700000003,0.8,0.008319341999999999,1
19.75,0.4,0.008117793,0.46666666700000003,0.6,0.008538691999999999,1
11.470000267028807,0.4,0.008117793,0.46666666700000003,0.6,0.003131543,1
25.3700008392334,0.4,0.008117793,0.46666666700000003,0.0,0.005417936999999999,0
47.407142639160156,0.4,0.009702639,0.42222222200000004,0.6,0.01108454,1
178.33999633789062,0.4,0.009702639,0.42222222200000004,0.2,0.010236573,0
261.7177734375,0.4,0.009702639,0.42222222200000004,0.4,0.023086278,0
18.05177116394043,0.4,0.009702639,0.42222222200000004,0.4,0.007162897,0
165.94000244140625,0.4,0.009702639,0.42222222200000004,0.6,0.004783984465009304,0
33.630001068115234,0.4,0.009702639,0.42222222200000004,0.6,0.01010648,0
19.6200008392334,0.4,0.009702639,0.42222222200000004,0.4,0.008856135,0
11.350000381469727,0.4,0.009702639,0.42222222200000004,0.6,0.004358152,0
25.07999992370605,0.4,0.009702639,0.42222222200000004,0.0,0.007013659,0
48.26571273803711,0.4,0.009223414000000001,0.5111111110000001,0.6,0.013739295,1
178.82000732421875,0.4,0.009223414000000001,0.5111111110000001,0.4,0.006906161,1
259.07992553710943,0.4,0.009223414000000001,0.5111111110000001,0.4,0.022760423999999998,0
18.160762786865234,0.4,0.009223414000000001,0.5111111110000001,0.4,0.008224277,1
165.39999389648438,0.4,0.009223414000000001,0.5111111110000001,0.6,0.004580917235595649,0
33.669998168945305,0.4,0.009223414000000001,0.5111111110000001,0.8,0.00809451,1
19.86000061035156,0.4,0.009223414000000001,0.5111111110000001,0.6,0.007724081,1
11.350000381469727,0.4,0.009223414000000001,0.5111111110000001,0.6,0.002966849,0
25.149999618530273,0.4,0.009223414000000001,0.5111111110000001,0.2,0.004954470999999999,1
48.91571426391602,0.4,0.009591445,0.5111111110000001,0.6,0.014188445,1
183.8699951171875,0.4,0.009591445,0.5111111110000001,0.4,0.010548525,1
261.16635131835943,0.4,0.009591445,0.5111111110000001,0.4,0.022383719,1
18.569482803344727,0.4,0.009591445,0.5111111110000001,0.4,0.012481978000000001,1
164.75,0.4,0.009591445,0.5111111110000001,0.4,0.004509306622704871,0
34.110000610351555,0.4,0.009591445,0.5111111110000001,0.8,0.008911724000000001,1
21.40999984741211,0.4,0.009591445,0.5111111110000001,0.6,0.023130904,1
11.399999618530273,0.4,0.009591445,0.5111111110000001,0.6,0.003672757,1
25.76000022888184,0.4,0.009591445,0.5111111110000001,0.4,0.009727365,1
50.099998474121094,0.4,0.010841771000000002,0.577777778,0.8,0.016823113,1
185.88999938964844,0.4,0.010841771000000002,0.577777778,0.6,0.012230088,1
260.8533935546875,0.4,0.010841771000000002,0.577777778,0.2,0.021849456,0
18.61489486694336,0.4,0.010841771000000002,0.577777778,0.6,0.00922686,1
168.27999877929688,0.4,0.010841771000000002,0.577777778,0.4,0.007550298840897809,1
34.75,0.4,0.010841771000000002,0.577777778,0.8,0.012070823,1
21.459999084472656,0.4,0.010841771000000002,0.577777778,0.8,0.021575716,1
11.630000114440918,0.4,0.010841771000000002,0.577777778,0.6,0.007357906,1
25.520000457763672,0.4,0.010841771000000002,0.577777778,0.4,0.00995202,0
50.43000030517578,0.2,0.010216392,0.6,1.0,0.015156305,1
185.4199981689453,0.2,0.010216392,0.6,0.6,0.01074477,0
260.8285522460937,0.2,0.010216392,0.6,0.2,0.005339839,0
18.405994415283203,0.2,0.010216392,0.6,0.6,0.010975756000000001,0
167.6699981689453,0.2,0.010216392,0.6,0.2,0.0067719714646954565,0
34.830001831054695,0.2,0.010216392,0.6,0.8,0.010282738,1
21.940000534057614,0.2,0.010216392,0.6,0.8,0.024312702000000002,1
11.949999809265135,0.2,0.010216392,0.6,0.6,0.012511557,1
25.61000061035156,0.2,0.010216392,0.6,0.6,0.010263965,1
50.06000137329102,0.4,0.006046248000000001,0.7111111109999999,0.8,0.013942433999999998,0
182.3000030517578,0.4,0.006046248000000001,0.7111111109999999,0.6,0.012254646999999999,0
264.68844604492193,0.4,0.006046248000000001,0.7111111109999999,0.4,0.0068448630000000005,1
18.478654861450195,0.4,0.006046248000000001,0.7111111109999999,0.8,0.009231755999999999,1
168.49000549316406,0.4,0.006046248000000001,0.7111111109999999,0.4,0.0074251966519463,1
34.970001220703125,0.4,0.006046248000000001,0.7111111109999999,1.0,0.007868388,1
22.479999542236328,0.4,0.006046248000000001,0.7111111109999999,1.0,0.027918761,1
11.93000030517578,0.4,0.006046248000000001,0.7111111109999999,0.6,0.010753863999999998,0
26.190000534057607,0.4,0.006046248000000001,0.7111111109999999,0.8,0.012507273000000001,1
50.02142715454102,0.6,0.00627929,0.7555555559999999,0.6,0.010474433,0
196.6300048828125,0.6,0.00627929,0.7555555559999999,0.6,0.027437677999999997,1
267.14248657226557,0.6,0.00627929,0.7555555559999999,0.6,0.006683354,1
18.637601852416992,0.6,0.00627929,0.7555555559999999,0.8,0.009744542,1
170.3699951171875,0.6,0.00627929,0.7555555559999999,0.6,0.00900592276566422,1
35.25,0.6,0.00627929,0.7555555559999999,1.0,0.009231888,1
22.6299991607666,0.6,0.00627929,0.7555555559999999,1.0,0.026806797,1
11.949999809265135,0.6,0.00627929,0.7555555559999999,0.8,0.011089145,1
26.3799991607666,0.6,0.00627929,0.7555555559999999,0.8,0.013399987,1
49.53571319580078,0.6,0.007442071999999999,0.688888889,0.4,0.009723026999999999,0
195.07000732421875,0.6,0.007442071999999999,0.688888889,0.4,0.023376288,0
267.246826171875,0.6,0.007442071999999999,0.688888889,0.6,0.005150826,1
18.405994415283203,0.6,0.007442071999999999,0.688888889,0.6,0.007728786999999999,0
170.77999877929688,0.6,0.007442071999999999,0.688888889,0.8,0.008701266426090329,1
35.290000915527344,0.6,0.007442071999999999,0.688888889,1.0,0.006845225999999999,1
22.79999923706055,0.6,0.007442071999999999,0.688888889,1.0,0.012699971000000001,1
11.850000381469727,0.6,0.007442071999999999,0.688888889,0.6,0.011881731999999999,0
26.709999084472656,0.6,0.007442071999999999,0.688888889,0.8,0.011050981999999999,1
50.01856994628906,0.4,0.006712571,0.644444444,0.4,0.006830414,1
195.80999755859366,0.4,0.006712571,0.644444444,0.4,0.02193777,1
270.29202270507807,0.4,0.006712571,0.644444444,0.8,0.007190104,1
18.33333396911621,0.4,0.006712571,0.644444444,0.4,0.008029213,0
170.5800018310547,0.4,0.006712571,0.644444444,0.6,0.004650203071005601,0
35.959999084472656,0.4,0.006712571,0.644444444,1.0,0.0068897640000000005,1
23.149999618530273,0.4,0.006712571,0.644444444,1.0,0.015303086,1
11.789999961853027,0.4,0.006712571,0.644444444,0.4,0.008859301,0
25.920000076293945,0.4,0.006712571,0.644444444,0.8,0.01510301,0
49.46857070922852,0.6,0.004608772,0.6,0.2,0.0077122219999999995,0
201.19000244140625,0.6,0.004608772,0.6,0.6,0.026927222,1
267.5399169921875,0.6,0.004608772,0.6,0.8,0.009207452,0
18.201635360717773,0.6,0.004608772,0.6,0.4,0.007221481,0
172.14999389648438,0.6,0.004608772,0.6,0.8,0.0057659893653112726,1
36.36999893188477,0.6,0.004608772,0.6,1.0,0.008709632,1
22.90999984741211,0.6,0.004608772,0.6,0.8,0.012903065,0
11.699999809265135,0.6,0.004608772,0.6,0.2,0.004883017,0
25.65999984741211,0.6,0.004608772,0.6,0.6,0.016403855,0
49.74285888671875,0.4,0.006968116999999999,0.577777778,0.4,0.007353785,1
198.4499969482422,0.4,0.006968116999999999,0.577777778,0.6,0.026285693,0
265.22000122070307,0.4,0.006968116999999999,0.577777778,0.6,0.007981993,0
18.315168380737305,0.4,0.006968116999999999,0.577777778,0.4,0.007679455,1
172.8699951171875,0.4,0.006968116999999999,0.577777778,0.8,0.005624350112957165,1
36.13999938964844,0.4,0.006968116999999999,0.577777778,0.8,0.009170507,0
23.229999542236328,0.4,0.006968116999999999,0.577777778,0.8,0.010774096,1
11.529999732971193,0.4,0.006968116999999999,0.577777778,0.2,0.007454281,0
25.809999465942386,0.4,0.006968116999999999,0.577777778,0.6,0.013043507,1
49.93857192993164,0.2,0.006846641,0.533333333,0.6,0.007986571999999999,1
199.97000122070312,0.2,0.006846641,0.533333333,0.6,0.012096228999999998,1
266.16384887695307,0.2,0.006846641,0.533333333,0.6,0.006839454,1
18.59218978881836,0.2,0.006846641,0.533333333,0.4,0.008984173,1
170.6199951171875,0.2,0.006846641,0.533333333,0.6,0.005995888296579663,0
35.25,0.2,0.006846641,0.533333333,0.6,0.012494429,0
23.5,0.2,0.006846641,0.533333333,0.8,0.011764163999999999,1
11.25,0.2,0.006846641,0.533333333,0.0,0.011975891,0
26.059999465942386,0.2,0.006846641,0.533333333,0.6,0.013529815,1
49.53571319580078,0.2,0.005701647,0.444444444,0.6,0.007657965,0
197.1100006103516,0.2,0.005701647,0.444444444,0.6,0.013369925,0
265.40878295898443,0.2,0.005701647,0.444444444,0.4,0.007328708000000001,0
18.528610229492188,0.2,0.005701647,0.444444444,0.4,0.007182733,0
168.4600067138672,0.2,0.005701647,0.444444444,0.4,0.008046507396499017,0
34.669998168945305,0.2,0.005701647,0.444444444,0.4,0.015558263999999999,0
23.61000061035156,0.2,0.005701647,0.444444444,0.8,0.011197908000000001,1
11.050000190734863,0.2,0.005701647,0.444444444,0.0,0.013857811999999999,0
25.790000915527344,0.2,0.005701647,0.444444444,0.4,0.013100051000000001,0
49.52285766601562,0.4,0.005424143,0.488888889,0.4,0.00576034,0
197.6000061035156,0.4,0.005424143,0.488888889,0.6,0.013108423000000001,1
265.92044067382807,0.4,0.005424143,0.488888889,0.4,0.00543533,1
18.533151626586914,0.4,0.005424143,0.488888889,0.6,0.006442223,1
168.88999938964844,0.4,0.005424143,0.488888889,0.6,0.008322789734517238,1
34.86999893188477,0.4,0.005424143,0.488888889,0.4,0.012914904,1
23.25,0.4,0.005424143,0.488888889,0.6,0.01117729,0
11.199999809265137,0.4,0.005424143,0.488888889,0.2,0.015560072,1
25.8700008392334,0.4,0.005424143,0.488888889,0.6,0.007805065,1
49.657142639160156,0.4,0.011143533,0.577777778,0.6,0.004103475,1
200.8000030517578,0.4,0.011143533,0.577777778,0.6,0.010852158,1
267.10275268554693,0.4,0.011143533,0.577777778,0.6,0.004288158,1
18.62851905822754,0.4,0.011143533,0.577777778,0.8,0.006034666,1
169.10000610351562,0.4,0.011143533,0.577777778,0.6,0.006730711062918389,1
35.20000076293945,0.4,0.011143533,0.577777778,0.4,0.012527348999999998,1
22.76000022888184,0.4,0.011143533,0.577777778,0.6,0.013318908999999999,0
11.3100004196167,0.4,0.011143533,0.577777778,0.4,0.015997649,1
25.82999992370605,0.4,0.011143533,0.577777778,0.6,0.006108136,0
49.92142868041992,0.6,0.00907458,0.644444444,0.6,0.004058979,1
203.94000244140625,0.6,0.00907458,0.644444444,0.8,0.011255848,1
269.57666015625,0.6,0.00907458,0.644444444,0.8,0.004406302,1
18.878292083740234,0.6,0.00907458,0.644444444,0.8,0.0074687830000000005,1
170.3800048828125,0.6,0.00907458,0.644444444,0.6,0.0074081254048590185,1
35.61999893188477,0.6,0.00907458,0.644444444,0.6,0.013648926,1
23.03000068664551,0.6,0.00907458,0.644444444,0.6,0.012897958999999999,1
11.369999885559082,0.6,0.00907458,0.644444444,0.6,0.014152663000000001,1
25.670000076293945,0.6,0.00907458,0.644444444,0.4,0.006177873,0
49.604286193847656,0.6,0.01093444,0.5555555560000001,0.4,0.004542646,0
204.3800048828125,0.6,0.01093444,0.5555555560000001,0.8,0.010155474,1
265.99496459960943,0.6,0.01093444,0.5555555560000001,0.6,0.006351829,0
18.646684646606445,0.6,0.01093444,0.5555555560000001,0.6,0.006897424,0
169.5,0.6,0.01093444,0.5555555560000001,0.6,0.00583800396033822,0
34.97999954223633,0.6,0.01093444,0.5555555560000001,0.6,0.012317122,0
23.40999984741211,0.6,0.01093444,0.5555555560000001,0.6,0.013873411,1
11.300000190734865,0.6,0.01093444,0.5555555560000001,0.6,0.010527078,0
25.36000061035156,0.6,0.01093444,0.5555555560000001,0.2,0.006655906,0
49.5099983215332,0.8,0.011591038,0.622222222,0.4,0.0033093890000000003,0
206.07000732421875,0.8,0.011591038,0.622222222,1.0,0.008948829,1
265.7962646484375,0.8,0.011591038,0.622222222,0.6,0.0059338609999999995,0
18.56494140625,0.8,0.011591038,0.622222222,0.6,0.007090245,0
172.24000549316406,0.8,0.011591038,0.622222222,0.8,0.006539119983167148,1
35.72999954223633,0.8,0.011591038,0.622222222,0.8,0.013314496,1
23.709999084472656,0.8,0.011591038,0.622222222,0.6,0.015500236,1
11.270000457763672,0.8,0.011591038,0.622222222,0.6,0.007502494,0
25.31999969482422,0.8,0.011591038,0.622222222,0.2,0.00489924,0
48.64285659790039,0.6,0.013047079,0.46666666700000003,0.4,0.00676038,0
202.55999755859366,0.6,0.013047079,0.46666666700000003,0.8,0.011858258,0
263.06402587890625,0.6,0.013047079,0.46666666700000003,0.4,0.007604189,0
18.35149955749512,0.6,0.013047079,0.46666666700000003,0.4,0.009340632,0
169.9199981689453,0.6,0.013047079,0.46666666700000003,0.6,0.00872254563928377,0
35.189998626708984,0.6,0.013047079,0.46666666700000003,0.6,0.015183432,0
23.40999984741211,0.6,0.013047079,0.46666666700000003,0.6,0.014981248,0
11.050000190734863,0.6,0.013047079,0.46666666700000003,0.4,0.008691744,0
25.03000068664551,0.6,0.013047079,0.46666666700000003,0.0,0.0065695169999999995,0
47.61428451538086,0.4,0.012234092,0.333333333,0.2,0.010447143,0
192.50999450683602,0.4,0.012234092,0.333333333,0.6,0.018542383,0
257.53497314453125,0.4,0.012234092,0.333333333,0.2,0.010918546000000001,0
18.074478149414066,0.4,0.012234092,0.333333333,0.2,0.011330537,0
168.86000061035156,0.4,0.012234092,0.333333333,0.4,0.009721498204233823,0
34.18000030517578,0.4,0.012234092,0.333333333,0.4,0.019030934,0
23.63999938964844,0.4,0.012234092,0.333333333,0.8,0.012731164,1
11.010000228881836,0.4,0.012234092,0.333333333,0.2,0.007451428,0
24.56999969482422,0.4,0.012234092,0.333333333,0.0,0.009935868,0
48.02000045776367,0.2,0.013711401000000002,0.24444444399999998,0.2,0.011086877,1
194.80999755859366,0.2,0.013711401000000002,0.24444444399999998,0.6,0.017804384,1
263.51608276367193,0.2,0.013711401000000002,0.24444444399999998,0.2,0.013711036000000001,1
16.762035369873047,0.2,0.013711401000000002,0.24444444399999998,0.0,0.023171525,0
170.5,0.2,0.013711401000000002,0.24444444399999998,0.4,0.010150039392613336,1
33.939998626708984,0.2,0.013711401000000002,0.24444444399999998,0.2,0.018048921000000002,0
23.54999923706055,0.2,0.013711401000000002,0.24444444399999998,0.6,0.011119998999999998,0
10.920000076293944,0.2,0.013711401000000002,0.24444444399999998,0.0,0.00802531,0
24.520000457763672,0.2,0.013711401000000002,0.24444444399999998,0.0,0.009103994,0
48.5528564453125,0.4,0.012356458999999998,0.288888889,0.4,0.012035619,1
197.08999633789062,0.4,0.012356458999999998,0.288888889,0.6,0.019713623,1
263.19317626953125,0.4,0.012356458999999998,0.288888889,0.2,0.011298836999999999,0
16.571298599243164,0.4,0.012356458999999998,0.288888889,0.0,0.022993653,0
170.44000244140625,0.4,0.012356458999999998,0.288888889,0.4,0.009187426966248788,0
33.90999984741211,0.4,0.012356458999999998,0.288888889,0.2,0.014632213,0
23.8799991607666,0.4,0.012356458999999998,0.288888889,0.6,0.01062251,1
10.920000076293944,0.4,0.012356458999999998,0.288888889,0.0,0.006794005,0
24.690000534057607,0.4,0.012356458999999998,0.288888889,0.2,0.008075351,1
48.64714431762695,0.2,0.011556331999999999,0.333333333,0.6,0.012043851999999999,1
198.8000030517578,0.2,0.011556331999999999,0.333333333,0.6,0.019795093,1
263.90853881835943,0.2,0.011556331999999999,0.333333333,0.4,0.011693038000000001,1
16.40781021118164,0.2,0.011556331999999999,0.333333333,0.0,0.024090046,0
170.58999633789062,0.2,0.011556331999999999,0.333333333,0.4,0.006130389991914389,1
34.5,0.2,0.011556331999999999,0.333333333,0.2,0.013823849,1
23.540000915527344,0.2,0.011556331999999999,0.333333333,0.4,0.010907066000000002,0
10.829999923706056,0.2,0.011556331999999999,0.333333333,0.0,0.007911391,0
24.71999931335449,0.2,0.011556331999999999,0.333333333,0.4,0.00800289,1
47.888572692871094,0.2,0.014318783,0.333333333,0.6,0.011659625,0
198.6499938964844,0.2,0.014318783,0.333333333,0.6,0.016539388999999998,0
260.32186889648443,0.2,0.014318783,0.333333333,0.4,0.012355265,0
16.339691162109375,0.2,0.014318783,0.333333333,0.0,0.022620962999999997,0
170.16000366210938,0.2,0.014318783,0.333333333,0.4,0.003940590246137769,0
34.27000045776367,0.2,0.014318783,0.333333333,0.2,0.012134503999999999,0
23.21999931335449,0.2,0.014318783,0.333333333,0.4,0.011095285,0
10.779999732971193,0.2,0.014318783,0.333333333,0.0,0.00493058,0
24.489999771118164,0.2,0.014318783,0.333333333,0.4,0.007573056,0
47.77142715454102,0.2,0.013657051000000002,0.333333333,0.6,0.007919789,0
196.22000122070312,0.2,0.013657051000000002,0.333333333,0.6,0.009062907,0
257.52008056640625,0.2,0.013657051000000002,0.333333333,0.4,0.010304242,0
16.262489318847653,0.2,0.013657051000000002,0.333333333,0.0,0.020546863000000002,0
168.25999450683594,0.2,0.013657051000000002,0.333333333,0.4,0.004926150157582225,0
33.15999984741211,0.2,0.013657051000000002,0.333333333,0.2,0.012872218999999999,0
22.86000061035156,0.2,0.013657051000000002,0.333333333,0.2,0.012231081000000001,0
10.829999923706056,0.2,0.013657051000000002,0.333333333,0.2,0.005134245999999999,1
24.170000076293945,0.2,0.013657051000000002,0.333333333,0.4,0.006510768,0
47.45571517944336,0.4,0.011602293999999999,0.26666666699999997,0.4,0.007537373000000001,0
193.2700042724609,0.4,0.011602293999999999,0.26666666699999997,0.4,0.009680243,0
257.4555053710937,0.4,0.011602293999999999,0.26666666699999997,0.2,0.005709501999999999,0
16.335149765014652,0.4,0.011602293999999999,0.26666666699999997,0.2,0.006917851,1
167.99000549316406,0.4,0.011602293999999999,0.26666666699999997,0.2,0.003304632208149702,0
33.040000915527344,0.4,0.011602293999999999,0.26666666699999997,0.2,0.012191636,0
22.61000061035156,0.4,0.011602293999999999,0.26666666699999997,0.2,0.013656885,0
10.81999969482422,0.4,0.011602293999999999,0.26666666699999997,0.2,0.0036840429999999997,0
24.149999618530273,0.4,0.011602293999999999,0.26666666699999997,0.4,0.006269271999999999,0
48.1114273071289,0.2,0.010955002,0.311111111,0.4,0.008081534,1
192.25999450683602,0.2,0.010955002,0.311111111,0.2,0.008384682,0
258.15594482421875,0.2,0.010955002,0.311111111,0.4,0.0060085519999999995,1
16.353315353393555,0.2,0.010955002,0.311111111,0.4,0.0048644429999999995,1
167.75,0.2,0.010955002,0.311111111,0.2,0.003519991664354036,0
32.990001678466804,0.2,0.010955002,0.311111111,0.2,0.01231752,0
22.68000030517578,0.2,0.010955002,0.311111111,0.2,0.01147353,1
11.100000381469727,0.2,0.010955002,0.311111111,0.4,0.008859656,1
24.190000534057607,0.2,0.010955002,0.311111111,0.4,0.005213919,1
47.85714340209961,0.2,0.013883899,0.288888889,0.2,0.008750203,0
195.0,0.2,0.013883899,0.288888889,0.2,0.00949974,1
257.39093017578125,0.2,0.013883899,0.288888889,0.2,0.006057625,0
16.598546981811527,0.2,0.013883899,0.288888889,0.6,0.005890459,1
167.17999267578125,0.2,0.013883899,0.288888889,0.0,0.004023575253668457,0
33.400001525878906,0.2,0.013883899,0.288888889,0.2,0.01132332,1
22.5,0.2,0.013883899,0.288888889,0.2,0.010213277,0
11.350000381469727,0.2,0.013883899,0.288888889,0.6,0.011715806,1
24.670000076293945,0.2,0.013883899,0.288888889,0.4,0.008939494000000001,1
48.2014274597168,0.4,0.017183287,0.444444444,0.4,0.007070334,1
194.1300048828125,0.4,0.017183287,0.444444444,0.2,0.010241128,0
258.7669677734375,0.4,0.017183287,0.444444444,0.4,0.00440873,1
16.784740447998047,0.4,0.017183287,0.444444444,0.8,0.007303626,1
167.5,0.4,0.017183287,0.444444444,0.2,0.0039022808043435797,1
33.700000762939446,0.4,0.017183287,0.444444444,0.4,0.011786392,1
22.209999084472656,0.4,0.017183287,0.444444444,0.2,0.010072273,0
11.850000381469727,0.4,0.017183287,0.444444444,0.8,0.019603014,1
24.76000022888184,0.4,0.017183287,0.444444444,0.6,0.007808288,1
49.68999862670898,0.6,0.01397363,0.6,0.6,0.012757553,1
196.69000244140625,0.6,0.01397363,0.6,0.4,0.010432027,1
262.8007202148437,0.6,0.01397363,0.6,0.6,0.005373844,1
16.97547721862793,0.6,0.01397363,0.6,1.0,0.008631405,1
168.92999267578125,0.6,0.01397363,0.6,0.4,0.0033765317432450353,1
34.220001220703125,0.6,0.01397363,0.6,0.6,0.008394475,1
22.51000022888184,0.6,0.01397363,0.6,0.4,0.009673005,1
11.670000076293945,0.6,0.01397363,0.6,0.6,0.021713346,0
25.01000022888184,0.6,0.01397363,0.6,0.8,0.007214365,1
49.35857009887695,0.4,0.022043913,0.577777778,0.6,0.012769777,0
192.3999938964844,0.4,0.022043913,0.577777778,0.4,0.011787404,0
261.10177612304693,0.4,0.022043913,0.577777778,0.6,0.006616645,0
16.634878158569336,0.4,0.022043913,0.577777778,0.8,0.011750646000000002,0
166.55999755859375,0.4,0.022043913,0.577777778,0.4,0.0058615031744089045,0
32.880001068115234,0.4,0.022043913,0.577777778,0.6,0.015502396000000002,0
22.0,0.4,0.022043913,0.577777778,0.4,0.012017100000000001,0
11.279999732971193,0.4,0.022043913,0.577777778,0.6,0.028212481,0
24.43000030517578,0.4,0.022043913,0.577777778,0.8,0.011687011,0
49.44285583496094,0.6,0.02149509,0.533333333,0.6,0.010347831,1
193.6499938964844,0.6,0.02149509,0.533333333,0.6,0.0120416,1
262.32382202148443,0.6,0.02149509,0.533333333,0.6,0.007008589,1
16.544050216674805,0.6,0.02149509,0.533333333,0.6,0.012620253,0
166.08999633789062,0.6,0.02149509,0.533333333,0.4,0.006140128015569185,0
32.720001220703125,0.6,0.02149509,0.533333333,0.6,0.016172972,0
22.09000015258789,0.6,0.02149509,0.533333333,0.4,0.012216091,1
11.09000015258789,0.6,0.02149509,0.533333333,0.4,0.026405654,0
24.21999931335449,0.6,0.02149509,0.533333333,0.6,0.013074947,0
49.06285858154297,0.6,0.021609623999999997,0.42222222200000004,0.6,0.010827886,0
188.32000732421875,0.6,0.021609623999999997,0.42222222200000004,0.4,0.01469605,0
259.84991455078125,0.6,0.021609623999999997,0.42222222200000004,0.6,0.008302061,0
16.39872932434082,0.6,0.021609623999999997,0.42222222200000004,0.4,0.011377861000000001,0
165.0500030517578,0.6,0.021609623999999997,0.42222222200000004,0.4,0.006712861586326722,0
32.330001831054695,0.6,0.021609623999999997,0.42222222200000004,0.4,0.016071231000000002,0
21.729999542236328,0.6,0.021609623999999997,0.42222222200000004,0.4,0.013888186,0
11.06999969482422,0.6,0.021609623999999997,0.42222222200000004,0.2,0.022261842999999996,0
23.90999984741211,0.6,0.021609623999999997,0.42222222200000004,0.4,0.011666232,0
48.29142761230469,0.4,0.018544135,0.311111111,0.4,0.012533751000000001,0
185.69000244140625,0.4,0.018544135,0.311111111,0.4,0.016596871000000003,0
258.84646606445307,0.4,0.018544135,0.311111111,0.4,0.00800517,0
16.330608367919922,0.4,0.018544135,0.311111111,0.2,0.009965178,0
164.75,0.4,0.018544135,0.311111111,0.2,0.0066935617913259065,0
32.189998626708984,0.4,0.018544135,0.311111111,0.2,0.015140917,0
21.82999992370605,0.4,0.018544135,0.311111111,0.6,0.01223079,1
10.960000038146973,0.4,0.018544135,0.311111111,0.0,0.015438618000000001,0
24.01000022888184,0.4,0.018544135,0.311111111,0.4,0.011773073,1
47.43428421020508,0.4,0.019657561,0.222222222,0.2,0.009907168000000001,0
187.5500030517578,0.4,0.019657561,0.222222222,0.4,0.015962805,1
257.8380126953125,0.4,0.019657561,0.222222222,0.2,0.0056666880000000005,0
16.153497695922848,0.4,0.019657561,0.222222222,0.0,0.009861501,0
163.69000244140625,0.4,0.019657561,0.222222222,0.0,0.006272903065382876,0
31.84000015258789,0.4,0.019657561,0.222222222,0.0,0.01422944,0
22.059999465942386,0.4,0.019657561,0.222222222,0.6,0.011636481,1
11.100000381469727,0.4,0.019657561,0.222222222,0.2,0.014955389,1
24.059999465942386,0.4,0.019657561,0.222222222,0.4,0.010170173000000001,1
47.46285629272461,0.4,0.014701711999999999,0.333333333,0.4,0.008693653,1
188.0500030517578,0.4,0.014701711999999999,0.333333333,0.6,0.012133793,1
257.90756225585943,0.4,0.014701711999999999,0.333333333,0.4,0.004427684,1
16.058128356933597,0.4,0.014701711999999999,0.333333333,0.0,0.007029454,0
164.33999633789062,0.4,0.014701711999999999,0.333333333,0.2,0.004261189450655793,1
31.25,0.4,0.014701711999999999,0.333333333,0.0,0.010103793,0
21.81999969482422,0.4,0.014701711999999999,0.333333333,0.6,0.009281042,0
11.25,0.4,0.014701711999999999,0.333333333,0.4,0.010974274,1
23.940000534057607,0.4,0.014701711999999999,0.333333333,0.4,0.006529526999999999,0
47.355712890625,0.4,0.020370201,0.355555556,0.2,0.008803611999999999,0
189.67999267578125,0.4,0.020370201,0.355555556,0.6,0.012567987,1
256.6954345703125,0.4,0.020370201,0.355555556,0.2,0.0044315859999999995,0
16.10354232788086,0.4,0.020370201,0.355555556,0.2,0.006503055,1
164.83999633789062,0.4,0.020370201,0.355555556,0.4,0.004305321383397006,1
31.6299991607666,0.4,0.020370201,0.355555556,0.2,0.011562552,1
21.76000022888184,0.4,0.020370201,0.355555556,0.4,0.009012808,0
11.1899995803833,0.4,0.020370201,0.355555556,0.4,0.008672161,0
23.959999084472656,0.4,0.020370201,0.355555556,0.6,0.004977393,1
46.55714416503906,0.4,0.019767124,0.355555556,0.2,0.010639135,0
186.52999877929688,0.4,0.019767124,0.355555556,0.6,0.010384601,0
253.1087646484375,0.4,0.019767124,0.355555556,0.2,0.005339933000000001,0
16.008174896240234,0.4,0.019767124,0.355555556,0.2,0.005930708000000001,0
163.17999267578125,0.4,0.019767124,0.355555556,0.4,0.005067075109763332,0
31.18000030517578,0.4,0.019767124,0.355555556,0.2,0.012024086000000002,0
21.3799991607666,0.4,0.019767124,0.355555556,0.4,0.009246065999999999,0
10.93000030517578,0.4,0.019767124,0.355555556,0.4,0.012958461000000001,0
23.709999084472656,0.4,0.019767124,0.355555556,0.6,0.004504340999999999,0
46.657142639160156,0.4,0.014711186999999999,0.4,0.4,0.007924044,1
186.2899932861328,0.4,0.014711186999999999,0.4,0.6,0.007848815,0
250.73422241210938,0.4,0.014711186999999999,0.4,0.2,0.006443906,0
15.735694885253904,0.4,0.014711186999999999,0.4,0.2,0.008504161,0
163.1699981689453,0.4,0.014711186999999999,0.4,0.4,0.004715794886201742,0
31.6299991607666,0.4,0.014711186999999999,0.4,0.4,0.014044456,1
21.38999938964844,0.4,0.014711186999999999,0.4,0.4,0.008419223,1
10.880000114440918,0.4,0.014711186999999999,0.4,0.4,0.011886031000000002,0
24.040000915527344,0.4,0.014711186999999999,0.4,0.6,0.006451519,1
47.49142837524414,0.4,0.015608551000000002,0.5111111110000001,0.6,0.007950406,1
189.9600067138672,0.4,0.015608551000000002,0.5111111110000001,0.6,0.009785584,1
252.54244995117188,0.4,0.015608551000000002,0.5111111110000001,0.4,0.007107061,1
15.772025108337402,0.4,0.015608551000000002,0.5111111110000001,0.4,0.006796853,1
164.1199951171875,0.4,0.015608551000000002,0.5111111110000001,0.6,0.004593425679251755,1
32.080001831054695,0.4,0.015608551000000002,0.5111111110000001,0.6,0.014715293999999999,1
21.81999969482422,0.4,0.015608551000000002,0.5111111110000001,0.4,0.010332609,1
11.020000457763672,0.4,0.015608551000000002,0.5111111110000001,0.4,0.011904816,1
24.21999931335449,0.4,0.015608551000000002,0.5111111110000001,0.6,0.007532523,1
46.67856979370117,0.4,0.017955693999999998,0.4,0.4,0.011253116,0
185.97999572753903,0.4,0.017955693999999998,0.4,0.4,0.01344276,0
249.84996032714844,0.4,0.017955693999999998,0.4,0.2,0.00918542,0
15.55858325958252,0.4,0.017955693999999998,0.4,0.4,0.008322652,0
162.3300018310547,0.4,0.017955693999999998,0.4,0.4,0.005980571636819957,0
31.15999984741211,0.4,0.017955693999999998,0.4,0.6,0.016744936000000002,0
21.420000076293945,0.4,0.017955693999999998,0.4,0.4,0.011823085,0
10.710000038146973,0.4,0.017955693999999998,0.4,0.2,0.014828262,0
23.739999771118164,0.4,0.017955693999999998,0.4,0.6,0.010498688,0
46.4514274597168,0.4,0.013505149,0.37777777799999995,0.4,0.011774851999999999,0
183.6499938964844,0.4,0.013505149,0.37777777799999995,0.2,0.014214837,0
248.56829833984366,0.4,0.013505149,0.37777777799999995,0.2,0.009271394,0
15.881017684936525,0.4,0.013505149,0.37777777799999995,0.4,0.011901811000000002,1
162.6699981689453,0.4,0.013505149,0.37777777799999995,0.4,0.005790972294274686,1
30.79999923706055,0.4,0.013505149,0.37777777799999995,0.4,0.016623599,0
21.420000076293945,0.4,0.013505149,0.37777777799999995,0.4,0.011273135,0
10.81999969482422,0.4,0.013505149,0.37777777799999995,0.4,0.015815736,1
24.0,0.4,0.013505149,0.37777777799999995,0.6,0.012522014,1
45.751426696777344,0.6,0.010943729,0.488888889,0.4,0.011416117,0
186.3699951171875,0.6,0.010943729,0.488888889,0.4,0.013855618,1
240.9429016113281,0.6,0.010943729,0.488888889,0.2,0.012612354,0
15.894640922546387,0.6,0.010943729,0.488888889,0.6,0.010888948999999998,1
164.44000244140625,0.6,0.010943729,0.488888889,0.6,0.0059530837441361005,1
31.18000030517578,0.6,0.010943729,0.488888889,0.6,0.016245746000000002,1
21.190000534057614,0.6,0.010943729,0.488888889,0.4,0.009928,0
10.81999969482422,0.6,0.010943729,0.488888889,0.4,0.011168743,0
24.26000022888184,0.6,0.010943729,0.488888889,0.8,0.012601871,1
45.04571533203125,0.8,0.011448561999999999,0.5111111110000001,0.2,0.014071523999999998,0
187.72000122070312,0.8,0.011448561999999999,0.5111111110000001,0.6,0.015047018,1
240.7243194580078,0.8,0.011448561999999999,0.5111111110000001,0.2,0.010917491000000001,0
15.89009952545166,0.8,0.011448561999999999,0.5111111110000001,0.6,0.007541831999999999,0
165.02000427246094,0.8,0.011448561999999999,0.5111111110000001,0.8,0.00664626075973591,1
31.90999984741211,0.8,0.011448561999999999,0.5111111110000001,0.6,0.018041774,1
21.32999992370605,0.8,0.011448561999999999,0.5111111110000001,0.4,0.011155825,1
10.8100004196167,0.8,0.011448561999999999,0.5111111110000001,0.4,0.010438655,0
24.46999931335449,0.8,0.011448561999999999,0.5111111110000001,0.8,0.011549456999999999,1
46.47142791748047,0.8,0.012032033999999999,0.488888889,0.2,0.016825354,1
194.22999572753903,0.8,0.012032033999999999,0.488888889,0.6,0.018042766000000002,1
244.90711975097656,0.8,0.012032033999999999,0.488888889,0.2,0.012950324,1
16.030881881713867,0.8,0.012032033999999999,0.488888889,0.6,0.008852027,1
166.22000122070312,0.8,0.012032033999999999,0.488888889,0.8,0.006936200182464833,1
32.650001525878906,0.8,0.012032033999999999,0.488888889,0.6,0.019834412,1
21.649999618530273,0.8,0.012032033999999999,0.488888889,0.4,0.010135716999999999,1
10.789999961853027,0.8,0.012032033999999999,0.488888889,0.2,0.008235156,0
24.76000022888184,0.8,0.012032033999999999,0.488888889,0.8,0.012422223,1
46.08714294433594,0.8,0.009043817,0.5111111110000001,0.2,0.015056028,0
191.6300048828125,0.8,0.009043817,0.5111111110000001,0.6,0.016529628,0
241.9314727783203,0.8,0.009043817,0.5111111110000001,0.2,0.013248038,0
15.949136734008787,0.8,0.009043817,0.5111111110000001,0.6,0.007165285,0
165.67999267578125,0.8,0.009043817,0.5111111110000001,0.8,0.005404629149004856,0
32.200000762939446,0.8,0.009043817,0.5111111110000001,0.6,0.016855252,0
21.399999618530273,0.8,0.009043817,0.5111111110000001,0.4,0.008778828,0
10.93000030517578,0.8,0.009043817,0.5111111110000001,0.4,0.005204016,1
24.649999618530273,0.8,0.009043817,0.5111111110000001,0.8,0.009347095,0
47.31857299804688,0.6,0.012345403000000001,0.577777778,0.4,0.01942673,1
194.16000366210938,0.6,0.012345403000000001,0.577777778,0.8,0.016664484,1
238.55841064453125,0.6,0.012345403000000001,0.577777778,0.2,0.015010537,0
15.99909210205078,0.6,0.012345403000000001,0.577777778,0.6,0.00364694,1
166.1199951171875,0.6,0.012345403000000001,0.577777778,0.8,0.005516881238905584,1
32.459999084472656,0.6,0.012345403000000001,0.577777778,0.8,0.01615949,1
21.709999084472656,0.6,0.012345403000000001,0.577777778,0.6,0.01167602,1
10.949999809265137,0.6,0.012345403000000001,0.577777778,0.4,0.0035158240000000003,1
24.6299991607666,0.6,0.012345403000000001,0.577777778,0.6,0.007318973,0
46.62142944335938,0.6,0.012350873,0.488888889,0.4,0.019359421,0
192.5500030517578,0.6,0.012350873,0.488888889,0.6,0.015360753000000001,0
235.90565490722656,0.6,0.012350873,0.488888889,0.2,0.011099071,0
15.849227905273438,0.6,0.012350873,0.488888889,0.4,0.005348783,0
165.07000732421875,0.6,0.012350873,0.488888889,0.6,0.004604822787955304,0
31.13999938964844,0.6,0.012350873,0.488888889,0.6,0.021825035,0
21.200000762939453,0.6,0.012350873,0.488888889,0.6,0.014226778999999998,0
11.0,0.6,0.012350873,0.488888889,0.6,0.004429069,1
24.29999923706055,0.6,0.012350873,0.488888889,0.4,0.007831963,0
47.43428421020508,0.6,0.014240231,0.5555555560000001,0.6,0.019761484,1
201.25,0.6,0.014240231,0.5555555560000001,0.6,0.022948626,1
239.84007263183602,0.6,0.014240231,0.5555555560000001,0.4,0.014253218,1
15.885558128356935,0.6,0.014240231,0.5555555560000001,0.6,0.005750086999999999,1
167.6199951171875,0.6,0.014240231,0.5555555560000001,0.6,0.00698897952547969,1
31.57999992370605,0.6,0.014240231,0.5555555560000001,0.6,0.0199685,1
21.34000015258789,0.6,0.014240231,0.5555555560000001,0.6,0.014226156,1
11.0,0.6,0.014240231,0.5555555560000001,0.6,0.00424424,0
25.20000076293945,0.6,0.014240231,0.5555555560000001,0.4,0.013508146,1
47.894287109375,0.6,0.013336309,0.5555555560000001,0.6,0.015370952,1
202.3500061035156,0.6,0.013336309,0.5555555560000001,0.6,0.017105943999999998,1
245.2300109863281,0.6,0.013336309,0.5555555560000001,0.4,0.01527265,1
15.935513496398926,0.6,0.013336309,0.5555555560000001,0.6,0.004607077,1
170.00999450683594,0.6,0.013336309,0.5555555560000001,0.6,0.008386301791906435,1
32.34000015258789,0.6,0.013336309,0.5555555560000001,0.6,0.02014362,1
21.489999771118164,0.6,0.013336309,0.5555555560000001,0.6,0.012631497,1
10.920000076293944,0.6,0.013336309,0.5555555560000001,0.6,0.005328746999999999,0
25.79999923706055,0.6,0.013336309,0.5555555560000001,0.4,0.015899781,1
47.72000122070313,0.8,0.020195493000000002,0.666666667,0.6,0.014444891000000001,0
204.17999267578125,0.8,0.020195493000000002,0.666666667,0.8,0.016237448999999998,1
247.17735290527344,0.8,0.020195493000000002,0.666666667,0.6,0.014430805,1
16.144414901733402,0.8,0.020195493000000002,0.666666667,0.8,0.006209065,1
170.5399932861328,0.8,0.020195493000000002,0.666666667,0.8,0.00836004152834572,1
32.43000030517578,0.8,0.020195493000000002,0.666666667,0.8,0.017943694,1
21.38999938964844,0.8,0.020195493000000002,0.666666667,0.6,0.011252696999999999,0
11.06999969482422,0.8,0.020195493000000002,0.666666667,0.6,0.005480991,1
25.6200008392334,0.8,0.020195493000000002,0.666666667,0.4,0.016406583,0
47.952857971191406,1.0,0.01629524,0.7111111109999999,0.6,0.0100769,1
204.4900054931641,1.0,0.01629524,0.7111111109999999,0.8,0.013900611,1
251.5538787841797,1.0,0.01629524,0.7111111109999999,0.8,0.015183563,1
16.530426025390625,1.0,0.01629524,0.7111111109999999,0.8,0.010364609,1
171.5500030517578,1.0,0.01629524,0.7111111109999999,0.8,0.009013378533199471,1
32.90999984741211,1.0,0.01629524,0.7111111109999999,0.8,0.019289017,1
22.15999984741211,1.0,0.01629524,0.7111111109999999,0.6,0.015555136,1
11.380000114440918,1.0,0.01629524,0.7111111109999999,0.6,0.010715766000000002,1
26.0,1.0,0.01629524,0.7111111109999999,0.6,0.019210733,1
49.03714370727539,1.0,0.022434862000000003,0.8888888890000001,0.8,0.011652603000000001,1
209.4900054931641,1.0,0.022434862000000003,0.8888888890000001,1.0,0.017132399,1
258.83154296875,1.0,0.022434862000000003,0.8888888890000001,1.0,0.018745742,1
16.825613021850586,1.0,0.022434862000000003,0.8888888890000001,1.0,0.012062638999999998,1
174.5399932861328,1.0,0.022434862000000003,0.8888888890000001,1.0,0.011235099524856212,1
33.049999237060554,1.0,0.022434862000000003,0.8888888890000001,1.0,0.012006733,1
22.53000068664551,1.0,0.022434862000000003,0.8888888890000001,0.8,0.014196213000000001,1
11.600000381469727,1.0,0.022434862000000003,0.8888888890000001,0.6,0.013668956999999999,1
26.020000457763672,1.0,0.022434862000000003,0.8888888890000001,0.8,0.016684925,1
49.91857147216797,1.0,0.021189213,0.8666666670000001,0.8,0.011760498999999999,1
213.19000244140625,1.0,0.021189213,0.8666666670000001,1.0,0.011628174,1
264.49969482421875,1.0,0.021189213,0.8666666670000001,1.0,0.019789956,1
16.56221580505371,1.0,0.021189213,0.8666666670000001,0.8,0.014735099,0
175.42999267578125,1.0,0.021189213,0.8666666670000001,1.0,0.009165338975852632,1
33.060001373291016,1.0,0.021189213,0.8666666670000001,1.0,0.00924131,1
22.440000534057614,1.0,0.021189213,0.8666666670000001,0.6,0.0136744,0
11.970000267028807,1.0,0.021189213,0.8666666670000001,0.8,0.020048265,1
26.03000068664551,1.0,0.021189213,0.8666666670000001,0.8,0.00935437,1
50.251426696777344,0.8,0.023417253,0.8444444440000001,0.8,0.011154553999999999,1
214.19000244140625,0.8,0.023417253,0.8444444440000001,1.0,0.01147313,1
265.95025634765625,0.8,0.023417253,0.8444444440000001,1.0,0.01639218,1
16.439599990844727,0.8,0.023417253,0.8444444440000001,0.6,0.015586827,0
177.7100067138672,0.8,0.023417253,0.8444444440000001,1.0,0.008912994758124626,1
33.209999084472656,0.8,0.023417253,0.8444444440000001,1.0,0.005335561999999999,1
22.75,0.8,0.023417253,0.8444444440000001,0.6,0.015031512,1
11.920000076293945,0.8,0.023417253,0.8444444440000001,0.8,0.019429146,0
26.32999992370605,0.8,0.023417253,0.8444444440000001,0.8,0.0068975040000000005,1
51.02857208251953,0.8,0.015410768,0.8888888890000001,1.0,0.013519788000000001,1
216.7400054931641,0.8,0.015410768,0.8888888890000001,1.0,0.012045463000000001,1
271.533935546875,0.8,0.015410768,0.8888888890000001,1.0,0.019003045,1
16.553133010864258,0.8,0.015410768,0.8888888890000001,0.6,0.014346207,1
176.47999572753906,0.8,0.015410768,0.8888888890000001,0.8,0.009673793506223657,0
34.09000015258789,0.8,0.015410768,0.8888888890000001,1.0,0.01007859,1
23.229999542236328,0.8,0.015410768,0.8888888890000001,0.8,0.018320619,1
12.279999732971193,0.8,0.015410768,0.8888888890000001,0.8,0.022722162999999997,1
26.770000457763672,0.8,0.015410768,0.8888888890000001,1.0,0.008844366999999999,1
51.38714218139648,0.6,0.017318656,0.7777777779999999,1.0,0.013949228999999999,1
218.27999877929688,0.6,0.017318656,0.7777777779999999,1.0,0.013162848000000001,1
264.27615356445307,0.6,0.017318656,0.7777777779999999,0.8,0.020807606,0
16.544050216674805,0.6,0.017318656,0.7777777779999999,0.4,0.00967397,0
176.49000549316406,0.6,0.017318656,0.7777777779999999,0.8,0.008500652952370548,1
33.939998626708984,0.6,0.017318656,0.7777777779999999,0.8,0.007998403000000001,0
23.09000015258789,0.6,0.017318656,0.7777777779999999,0.6,0.012326321000000001,0
12.199999809265135,0.6,0.017318656,0.7777777779999999,0.6,0.018424363,0
26.920000076293945,0.6,0.017318656,0.7777777779999999,1.0,0.006998596,1
50.57143020629883,0.4,0.020611768,0.577777778,0.8,0.012601701000000002,0
212.5500030517578,0.4,0.020611768,0.577777778,0.8,0.013522767,0
261.93637084960943,0.4,0.020611768,0.577777778,0.6,0.016792149,0
16.02634048461914,0.4,0.020611768,0.577777778,0.2,0.012361093,0
174.99000549316406,0.4,0.020611768,0.577777778,0.6,0.006714613187668578,0
33.139999389648445,0.4,0.020611768,0.577777778,0.6,0.011861799,0
22.85000038146973,0.4,0.020611768,0.577777778,0.4,0.011065783999999999,0
11.84000015258789,0.4,0.020611768,0.577777778,0.4,0.02045956,0
26.6299991607666,0.4,0.020611768,0.577777778,0.8,0.008999285,0
50.53571319580078,0.2,0.021286676,0.444444444,0.6,0.009148015,0
211.22999572753903,0.2,0.021286676,0.444444444,0.6,0.011232448999999999,0
265.27960205078125,0.2,0.021286676,0.444444444,0.6,0.014965053999999998,1
16.017257690429688,0.2,0.021286676,0.444444444,0.2,0.009343533000000001,0
174.0500030517578,0.2,0.021286676,0.444444444,0.4,0.00676914017383252,0
32.59999847412109,0.2,0.021286676,0.444444444,0.4,0.015060179,0
22.450000762939453,0.2,0.021286676,0.444444444,0.4,0.013767938,0
11.800000190734865,0.2,0.021286676,0.444444444,0.2,0.014755927,0
26.540000915527344,0.2,0.021286676,0.444444444,0.6,0.009598335999999999,0
51.145713806152344,0.2,0.016938624,0.488888889,0.6,0.010228559,1
213.5,0.2,0.016938624,0.488888889,0.6,0.012443639,1
267.390869140625,0.2,0.016938624,0.488888889,0.6,0.015459948999999999,1
16.094459533691403,0.2,0.016938624,0.488888889,0.4,0.008826848,1
174.32000732421875,0.2,0.016938624,0.488888889,0.4,0.004480057271747354,1
32.689998626708984,0.2,0.016938624,0.488888889,0.4,0.0147049,1
22.479999542236328,0.2,0.016938624,0.488888889,0.4,0.011272269,1
12.18000030517578,0.2,0.016938624,0.488888889,0.4,0.020361182,1
26.6299991607666,0.2,0.016938624,0.488888889,0.6,0.007971517,1
51.11000061035156,0.0,0.017883327,0.311111111,0.4,0.0072751840000000005,0
210.3800048828125,0.0,0.017883327,0.311111111,0.4,0.012985284,0
262.760986328125,0.0,0.017883327,0.311111111,0.4,0.014723917,0
15.953678131103516,0.0,0.017883327,0.311111111,0.2,0.009195073,0
174.22999572753906,0.0,0.017883327,0.311111111,0.4,0.003199038879928557,0
32.049999237060554,0.0,0.017883327,0.311111111,0.2,0.013320852,0
22.270000457763672,0.0,0.017883327,0.311111111,0.2,0.008920812,0
12.09000015258789,0.0,0.017883327,0.311111111,0.2,0.015798753999999998,0
26.46999931335449,0.0,0.017883327,0.311111111,0.4,0.005830969,0
52.13142776489258,0.2,0.015976992,0.4,0.4,0.00986679,1
212.8699951171875,0.2,0.015976992,0.4,0.4,0.013931368999999999,1
296.87908935546875,0.2,0.015976992,0.4,0.6,0.035347078,1
15.935513496398926,0.2,0.015976992,0.4,0.2,0.009313049,0
175.5399932861328,0.2,0.015976992,0.4,0.4,0.004691451716476407,1
32.09000015258789,0.2,0.015976992,0.4,0.4,0.012690435,1
22.3700008392334,0.2,0.015976992,0.4,0.4,0.008613552,1
12.289999961853027,0.2,0.015976992,0.4,0.4,0.01780434,1
26.78000068664551,0.2,0.015976992,0.4,0.4,0.0070525990000000005,1
53.4000015258789,0.2,0.013968643999999999,0.42222222200000004,0.6,0.011558848,1
211.52999877929688,0.2,0.013968643999999999,0.42222222200000004,0.4,0.009940216,0
295.5477600097656,0.2,0.013968643999999999,0.42222222200000004,0.6,0.034473251,0
15.90372371673584,0.2,0.013968643999999999,0.42222222200000004,0.2,0.003453468,0
175.27999877929688,0.2,0.013968643999999999,0.42222222200000004,0.4,0.003287861281319841,0
31.489999771118164,0.2,0.013968643999999999,0.42222222200000004,0.4,0.011715723,0
22.280000686645508,0.2,0.013968643999999999,0.42222222200000004,0.4,0.0073393830000000005,0
12.170000076293945,0.2,0.013968643999999999,0.42222222200000004,0.4,0.013855511000000001,0
26.59000015258789,0.2,0.013968643999999999,0.42222222200000004,0.4,0.006317034,0
53.83571243286133,0.4,0.017327452,0.577777778,0.8,0.01304947,1
218.05999755859366,0.4,0.017327452,0.577777778,0.6,0.014872213,1
299.3281555175781,0.4,0.017327452,0.577777778,0.6,0.034478776,1
16.171661376953125,0.4,0.017327452,0.577777778,0.4,0.006709616,1
185.2100067138672,0.4,0.017327452,0.577777778,0.6,0.013543963271880566,1
32.639999389648445,0.4,0.017327452,0.577777778,0.6,0.01576072,1
23.059999465942386,0.4,0.017327452,0.577777778,0.6,0.010840076,1
12.100000381469727,0.4,0.017327452,0.577777778,0.4,0.014330201,0
27.540000915527344,0.4,0.017327452,0.577777778,0.6,0.012786667,1
55.27142715454102,0.6,0.016831467,0.42222222200000004,0.8,0.015969023,1
215.5500030517578,0.6,0.016831467,0.42222222200000004,0.4,0.015025007,0
295.7514343261719,0.6,0.016831467,0.42222222200000004,0.4,0.035276879,0
16.021799087524414,0.6,0.016831467,0.42222222200000004,0.2,0.0075990269999999995,0
183.6499938964844,0.6,0.016831467,0.42222222200000004,0.4,0.014918290741100324,0
32.080001831054695,0.6,0.016831467,0.42222222200000004,0.4,0.018639929,0
22.989999771118164,0.6,0.016831467,0.42222222200000004,0.4,0.011179936000000001,0
12.920000076293945,0.6,0.016831467,0.42222222200000004,0.4,0.021443235,1
27.059999465942386,0.6,0.016831467,0.42222222200000004,0.4,0.015594308000000001,0
55.32714462280274,0.8,0.018328316,0.577777778,1.0,0.016030983999999998,1
213.2100067138672,0.8,0.018328316,0.577777778,0.4,0.014273481000000001,0
301.5338134765625,0.8,0.018328316,0.577777778,0.6,0.035724168,1
16.453224182128903,0.8,0.018328316,0.577777778,0.4,0.011235064,1
184.8999938964844,0.8,0.018328316,0.577777778,0.6,0.016176304163321734,1
32.470001220703125,0.8,0.018328316,0.577777778,0.6,0.01715578,1
22.809999465942386,0.8,0.018328316,0.577777778,0.4,0.010877517,0
13.0,0.8,0.018328316,0.577777778,0.6,0.021203789,1
27.10000038146973,0.8,0.018328316,0.577777778,0.6,0.014688302,1
56.18571472167969,0.8,0.020074032,0.6,1.0,0.015137621,1
216.5200042724609,0.8,0.020074032,0.6,0.4,0.015011263,1
307.11749267578125,0.8,0.020074032,0.6,0.6,0.01345876,1
16.66666603088379,0.8,0.020074032,0.6,0.6,0.013601875,1
185.17999267578125,0.8,0.020074032,0.6,0.6,0.014975412634342747,1
32.549999237060554,0.8,0.020074032,0.6,0.6,0.017398913999999998,1
23.1299991607666,0.8,0.020074032,0.6,0.4,0.012785228999999999,1
13.0600004196167,0.8,0.020074032,0.6,0.6,0.018818356,1
27.53000068664551,0.8,0.020074032,0.6,0.6,0.015519452,1
56.92856979370117,0.8,0.012802921,0.688888889,1.0,0.012915076000000001,1
213.4900054931641,0.8,0.012802921,0.688888889,0.4,0.016551098,0
307.4900817871094,0.8,0.012802921,0.688888889,0.8,0.012804513,1
16.843778610229492,0.8,0.012802921,0.688888889,0.8,0.015328246,1
183.6999969482422,0.8,0.012802921,0.688888889,0.6,0.01627763030712491,0
32.209999084472656,0.8,0.012802921,0.688888889,0.6,0.015748524,0
23.03000068664551,0.8,0.012802921,0.688888889,0.4,0.012845243000000001,0
13.149999618530273,0.8,0.012802921,0.688888889,0.8,0.018243791999999998,1
27.90999984741211,0.8,0.012802921,0.688888889,0.8,0.016861097,1
57.63000106811523,0.8,0.008863425,0.622222222,1.0,0.01374745,1
214.17999267578125,0.8,0.008863425,0.622222222,0.4,0.011023423000000001,1
309.2486267089844,0.8,0.008863425,0.622222222,0.8,0.011390088999999999,1
17.016347885131836,0.8,0.008863425,0.622222222,0.8,0.014007806999999999,1
182.92999267578125,0.8,0.008863425,0.622222222,0.4,0.005785506473186196,0
32.150001525878906,0.8,0.008863425,0.622222222,0.4,0.00881716,0
22.899999618530273,0.8,0.008863425,0.622222222,0.2,0.006972430999999999,0
13.119999885559082,0.8,0.008863425,0.622222222,0.8,0.017549697,0
28.07999992370605,0.8,0.008863425,0.622222222,0.8,0.01093375,1
56.08428573608398,0.6,0.015111328,0.6,0.8,0.013778035,0
222.5200042724609,0.6,0.015111328,0.6,0.6,0.016509162,1
301.6480712890625,0.6,0.015111328,0.6,0.8,0.013915755,0
16.712080001831055,0.6,0.015111328,0.6,0.8,0.015730596,0
181.3500061035156,0.6,0.015111328,0.6,0.4,0.005828340539143803,0
30.709999084472656,0.6,0.015111328,0.6,0.4,0.014343827,0
22.53000068664551,0.6,0.015111328,0.6,0.2,0.009596753000000001,0
12.970000267028807,0.6,0.015111328,0.6,0.6,0.0062825630000000006,0
27.32999992370605,0.6,0.015111328,0.6,0.8,0.012789781,0
55.97428512573242,0.6,0.015518843000000001,0.5555555560000001,0.6,0.01396869,0
223.8999938964844,0.6,0.015518843000000001,0.5555555560000001,0.8,0.015578304,1
303.4960632324219,0.6,0.015518843000000001,0.5555555560000001,0.8,0.011230722,1
16.453224182128903,0.6,0.015518843000000001,0.5555555560000001,0.6,0.013442949,0
181.8000030517578,0.6,0.015518843000000001,0.5555555560000001,0.4,0.004963329974142215,1
30.670000076293945,0.6,0.015518843000000001,0.5555555560000001,0.2,0.012172903999999998,0
22.54999923706055,0.6,0.015518843000000001,0.5555555560000001,0.4,0.00820838,1
12.720000267028807,0.6,0.015518843000000001,0.5555555560000001,0.4,0.008899225,0
27.71999931335449,0.6,0.015518843000000001,0.5555555560000001,0.8,0.015348137,1
55.78285598754883,0.6,0.013082034,0.37777777799999995,0.4,0.011549067,0
222.5200042724609,0.6,0.013082034,0.37777777799999995,0.6,0.01370607,0
299.89447021484375,0.6,0.013082034,0.37777777799999995,0.6,0.009900606999999999,0
15.971843719482422,0.6,0.013082034,0.37777777799999995,0.4,0.016699923000000002,0
181.8500061035156,0.6,0.013082034,0.37777777799999995,0.4,0.004715473727155461,1
30.57999992370605,0.6,0.013082034,0.37777777799999995,0.0,0.012267047,0
22.32999992370605,0.6,0.013082034,0.37777777799999995,0.2,0.00735381,0
12.600000381469727,0.6,0.013082034,0.37777777799999995,0.2,0.009862932,0
27.399999618530273,0.6,0.013082034,0.37777777799999995,0.6,0.014483503,0
56.67856979370117,0.8,0.013583254,0.355555556,0.4,0.012116213,1
221.32000732421875,0.8,0.013583254,0.355555556,0.6,0.011985806000000002,0
301.4245300292969,0.8,0.013583254,0.355555556,0.6,0.01067837,1
15.985467910766602,0.8,0.013583254,0.355555556,0.4,0.014745174,1
180.75,0.8,0.013583254,0.355555556,0.4,0.004326828481005261,0
30.11000061035156,0.8,0.013583254,0.355555556,0.0,0.013251853000000001,0
22.239999771118164,0.8,0.013583254,0.355555556,0.2,0.0072952369999999996,0
12.970000267028807,0.8,0.013583254,0.355555556,0.2,0.014357703999999999,1
27.270000457763672,0.8,0.013583254,0.355555556,0.4,0.012671783999999998,0
55.558570861816406,0.6,0.019037484,0.24444444399999998,0.2,0.013604069,0
211.6999969482422,0.6,0.019037484,0.24444444399999998,0.4,0.020032721,0
294.28594970703125,0.6,0.019037484,0.24444444399999998,0.4,0.014271126,0
15.599454879760742,0.6,0.019037484,0.24444444399999998,0.2,0.017525666999999998,0
178.0500030517578,0.6,0.019037484,0.24444444399999998,0.4,0.00647604895266937,0
29.54999923706055,0.6,0.019037484,0.24444444399999998,0.0,0.016599016,0
21.71999931335449,0.6,0.019037484,0.24444444399999998,0.2,0.010842528,0
12.869999885559082,0.6,0.019037484,0.24444444399999998,0.2,0.01544346,0
26.79999923706055,0.6,0.019037484,0.24444444399999998,0.2,0.014900601999999999,0
56.08142852783203,0.8,0.013473723,0.355555556,0.4,0.010121982,1
209.9600067138672,0.8,0.013473723,0.355555556,0.2,0.013888695,0
298.6426086425781,0.8,0.013473723,0.355555556,0.6,0.012316462,1
15.567666053771973,0.8,0.013473723,0.355555556,0.2,0.014357047,0
178.8300018310547,0.8,0.013473723,0.355555556,0.6,0.0056247838360794005,1
30.190000534057607,0.8,0.013473723,0.355555556,0.2,0.011972642,1
21.809999465942386,0.8,0.013473723,0.355555556,0.4,0.008439826999999999,1
12.739999771118164,0.8,0.013473723,0.355555556,0.2,0.015177083999999999,0
26.920000076293945,0.8,0.013473723,0.355555556,0.4,0.01045425,1
53.90999984741211,0.6,0.018413805,0.26666666699999997,0.4,0.017473555,0
201.47999572753903,0.6,0.018413805,0.26666666699999997,0.0,0.020726105,0
286.89404296875,0.6,0.018413805,0.26666666699999997,0.4,0.018959175,0
14.777475357055664,0.6,0.018413805,0.26666666699999997,0.2,0.02141091,0
171.47999572753906,0.6,0.018413805,0.26666666699999997,0.4,0.013348613343747205,0
28.8799991607666,0.6,0.018413805,0.26666666699999997,0.2,0.020390527,0
20.850000381469727,0.6,0.018413805,0.26666666699999997,0.2,0.017065592,0
12.770000457763672,0.6,0.018413805,0.26666666699999997,0.4,0.011793003,1
25.940000534057607,0.6,0.018413805,0.26666666699999997,0.2,0.014881077,0
53.37428665161133,0.6,0.021221827000000002,0.333333333,0.4,0.018777001,0
202.6999969482422,0.6,0.021221827000000002,0.333333333,0.2,0.020704461,1
287.64910888671875,0.6,0.021221827000000002,0.333333333,0.6,0.017112144,1
14.818346977233887,0.6,0.021221827000000002,0.333333333,0.4,0.016112568,1
172.97999572753906,0.6,0.021221827000000002,0.333333333,0.4,0.015043079687892568,1
28.35000038146973,0.6,0.021221827000000002,0.333333333,0.2,0.023473985,0
20.790000915527344,0.6,0.021221827000000002,0.333333333,0.2,0.015689913,0
12.449999809265135,0.6,0.021221827000000002,0.333333333,0.4,0.014917968,0
25.68000030517578,0.6,0.021221827000000002,0.333333333,0.2,0.014576904,0
50.45857238769531,0.4,0.04119885,0.24444444399999998,0.2,0.026491109,0
193.6999969482422,0.4,0.04119885,0.24444444399999998,0.2,0.028506028,0
271.24581909179693,0.4,0.04119885,0.24444444399999998,0.4,0.027496815,0
13.991826057434082,0.4,0.04119885,0.24444444399999998,0.2,0.027097338,0
166.22000122070312,0.4,0.04119885,0.24444444399999998,0.4,0.021649211048332263,0
26.020000457763672,0.4,0.04119885,0.24444444399999998,0.2,0.036837474,0
20.11000061035156,0.4,0.04119885,0.24444444399999998,0.2,0.021425431,0
11.18000030517578,0.4,0.04119885,0.24444444399999998,0.2,0.029446552999999997,0
24.479999542236328,0.4,0.04119885,0.24444444399999998,0.2,0.022973806,0
53.43000030517578,0.6,0.056266575,0.444444444,0.4,0.034316695,1
205.08999633789062,0.6,0.056266575,0.444444444,0.4,0.031573178,1
284.8523254394531,0.6,0.056266575,0.444444444,0.6,0.032792853999999996,1
14.318800926208494,0.6,0.056266575,0.444444444,0.4,0.026941587000000003,1
170.61000061035156,0.6,0.056266575,0.444444444,0.6,0.023943817963261352,1
27.60000038146973,0.6,0.056266575,0.444444444,0.4,0.045262274000000005,1
20.600000381469727,0.6,0.056266575,0.444444444,0.4,0.021622362000000003,1
11.800000190734865,0.6,0.056266575,0.444444444,0.4,0.038995759,1
25.57999992370605,0.6,0.056266575,0.444444444,0.4,0.028513717,1
51.95571517944336,0.4,0.065493601,0.311111111,0.2,0.037953077,0
194.1300048828125,0.4,0.065493601,0.311111111,0.4,0.040617334,0
272.73114013671875,0.4,0.065493601,0.311111111,0.4,0.038342525,0
13.560400009155273,0.4,0.065493601,0.311111111,0.4,0.037127102,0
162.5399932861328,0.4,0.065493601,0.311111111,0.4,0.03252784184191086,0
26.479999542236328,0.4,0.065493601,0.311111111,0.2,0.049046571,0
19.93000030517578,0.4,0.065493601,0.311111111,0.2,0.027298487000000003,0
11.75,0.4,0.065493601,0.311111111,0.4,0.037823016,0
24.20000076293945,0.4,0.065493601,0.311111111,0.2,0.038407861,0
53.38571548461914,0.6,0.075580935,0.488888889,0.4,0.035713923,1
198.3600006103516,0.6,0.075580935,0.488888889,0.6,0.036897493999999996,1
279.24874877929693,0.6,0.075580935,0.488888889,0.6,0.03525406,1
14.100817680358887,0.6,0.075580935,0.488888889,0.6,0.034945937999999996,1
166.72999572753906,0.6,0.075580935,0.488888889,0.6,0.029463395010803688,1
27.70000076293945,0.6,0.075580935,0.488888889,0.4,0.049582703,1
20.76000022888184,0.6,0.075580935,0.488888889,0.4,0.026824345,1
12.039999961853027,0.6,0.075580935,0.488888889,0.4,0.042288217,1
25.190000534057607,0.6,0.075580935,0.488888889,0.4,0.039308848,1
53.855712890625,0.4,0.07703241599999999,0.533333333,0.6,0.035487249,1
202.3000030517578,0.4,0.07703241599999999,0.533333333,0.6,0.039659032000000004,1
280.06344604492193,0.4,0.07703241599999999,0.533333333,0.6,0.03531118,1
14.677565574645994,0.4,0.07703241599999999,0.533333333,0.6,0.042573123,1
168.1999969482422,0.4,0.07703241599999999,0.533333333,0.6,0.029477251253859957,1
27.38999938964844,0.4,0.07703241599999999,0.533333333,0.4,0.048150628,0
20.649999618530273,0.4,0.07703241599999999,0.533333333,0.4,0.027308546,0
12.0600004196167,0.4,0.07703241599999999,0.533333333,0.6,0.037608695,1
25.10000038146973,0.4,0.07703241599999999,0.533333333,0.4,0.038018791,0
54.77285766601562,0.6,0.061717863,0.7111111109999999,0.8,0.027967642999999997,1
202.9499969482422,0.6,0.061717863,0.7111111109999999,0.8,0.031421517999999996,1
276.8145751953125,0.6,0.061717863,0.7111111109999999,0.6,0.026226207,0
14.727519989013672,0.6,0.061717863,0.7111111109999999,0.8,0.032098441,1
172.99000549316406,0.6,0.061717863,0.7111111109999999,0.8,0.027356935673676547,1
27.63999938964844,0.6,0.061717863,0.7111111109999999,0.6,0.033538723,1
20.88999938964844,0.6,0.061717863,0.7111111109999999,0.6,0.02309139,1
12.5,0.6,0.061717863,0.7111111109999999,0.8,0.024503938,1
25.51000022888184,0.6,0.061717863,0.7111111109999999,0.6,0.031939922,1
54.354286193847656,0.4,0.045456968,0.533333333,0.6,0.01771834,0
197.67999267578125,0.4,0.045456968,0.533333333,0.6,0.024854466000000002,0
267.75848388671875,0.4,0.045456968,0.533333333,0.4,0.022736679,0
14.809264183044435,0.4,0.045456968,0.533333333,0.8,0.028534731,1
171.24000549316406,0.4,0.045456968,0.533333333,0.6,0.02409801854152945,0
27.56999969482422,0.4,0.045456968,0.533333333,0.4,0.02190073,0
20.790000915527344,0.4,0.045456968,0.533333333,0.4,0.019175577,0
12.420000076293945,0.4,0.045456968,0.533333333,0.6,0.014692705,0
25.35000038146973,0.4,0.045456968,0.533333333,0.4,0.024207398999999998,0
54.34857177734375,0.4,0.03615965,0.577777778,0.6,0.0122208,0
195.92999267578125,0.4,0.03615965,0.577777778,0.6,0.015937021000000003,0
264.85238647460943,0.4,0.03615965,0.577777778,0.4,0.01639686,0
14.25522232055664,0.4,0.03615965,0.577777778,0.8,0.025424021,0
171.47999572753906,0.4,0.03615965,0.577777778,0.8,0.014918134591017719,1
27.46999931335449,0.4,0.03615965,0.577777778,0.4,0.014510211,0
20.670000076293945,0.4,0.03615965,0.577777778,0.4,0.013825131000000001,0
12.550000190734865,0.4,0.03615965,0.577777778,0.8,0.015938643,1
25.25,0.4,0.03615965,0.577777778,0.4,0.014206683999999999,0
52.2928581237793,0.2,0.027895717999999996,0.37777777799999995,0.4,0.014281033,0
182.5200042724609,0.2,0.027895717999999996,0.37777777799999995,0.4,0.025267672,0
250.8087310791016,0.2,0.027895717999999996,0.37777777799999995,0.2,0.022222241,0
13.401453018188475,0.2,0.027895717999999996,0.37777777799999995,0.6,0.029431831000000002,0
163.8300018310547,0.2,0.027895717999999996,0.37777777799999995,0.6,0.01868479378780482,0
25.190000534057607,0.2,0.027895717999999996,0.37777777799999995,0.2,0.021895618999999998,0
19.770000457763672,0.2,0.027895717999999996,0.37777777799999995,0.2,0.014204248999999999,0
11.56999969482422,0.2,0.027895717999999996,0.37777777799999995,0.6,0.026620011000000002,0
24.670000076293945,0.2,0.027895717999999996,0.37777777799999995,0.2,0.010618927,0
50.8614273071289,0.2,0.026847422000000003,0.26666666699999997,0.2,0.017994943,0
178.92999267578125,0.2,0.026847422000000003,0.26666666699999997,0.2,0.025228922999999997,0
243.87384033203125,0.2,0.026847422000000003,0.26666666699999997,0.0,0.027168772,0
10.717529296875,0.2,0.026847422000000003,0.26666666699999997,0.4,0.061305704,0
157.5399932861328,0.2,0.026847422000000003,0.26666666699999997,0.4,0.024600164015710246,0
24.78000068664551,0.2,0.026847422000000003,0.26666666699999997,0.2,0.022912599999999998,0
19.190000534057614,0.2,0.026847422000000003,0.26666666699999997,0.2,0.019011988,0
11.739999771118164,0.2,0.026847422000000003,0.26666666699999997,0.6,0.029226414,1
24.04999923706055,0.2,0.026847422000000003,0.26666666699999997,0.2,0.014930711000000001,0
50.91999816894531,0.0,0.023263335,0.24444444399999998,0.2,0.014819325,1
177.5399932861328,0.0,0.023263335,0.24444444399999998,0.0,0.026139999,0
247.4754180908203,0.0,0.023263335,0.24444444399999998,0.2,0.027802316,1
11.10354232788086,0.0,0.023263335,0.24444444399999998,0.4,0.067828409,1
158.97999572753906,0.0,0.023263335,0.24444444399999998,0.4,0.020732663601027476,1
25.059999465942386,0.0,0.023263335,0.24444444399999998,0.2,0.023346994,1
19.3799991607666,0.0,0.023263335,0.24444444399999998,0.2,0.018667718,1
12.130000114440918,0.0,0.023263335,0.24444444399999998,0.6,0.02857353,1
23.979999542236328,0.0,0.023263335,0.24444444399999998,0.0,0.012245898,0
53.37142944335938,0.2,0.030914908999999997,0.42222222200000004,0.4,0.022919495,1
193.5500030517578,0.2,0.030914908999999997,0.42222222200000004,0.2,0.038981981,1
257.73370361328125,0.2,0.030914908999999997,0.42222222200000004,0.4,0.029549588999999998,1
11.144413948059082,0.2,0.030914908999999997,0.42222222200000004,0.4,0.06745451200000001,1
164.32000732421875,0.2,0.030914908999999997,0.42222222200000004,0.6,0.025427266238840902,1
26.20000076293945,0.2,0.030914908999999997,0.42222222200000004,0.4,0.031938657999999995,1
19.709999084472656,0.2,0.030914908999999997,0.42222222200000004,0.4,0.021115909,1
12.649999618530273,0.2,0.030914908999999997,0.42222222200000004,0.8,0.035867307,1
24.71999931335449,0.2,0.030914908999999997,0.42222222200000004,0.2,0.017163297,1
53.7400016784668,0.4,0.036215944,0.577777778,0.6,0.024279627999999998,1
193.72999572753903,0.4,0.036215944,0.577777778,0.4,0.037397433,1
259.95425415039057,0.4,0.036215944,0.577777778,0.6,0.029102039,1
11.44868278503418,0.4,0.036215944,0.577777778,0.6,0.065432616,1
166.75999450683594,0.4,0.036215944,0.577777778,0.6,0.028116768576679173,1
26.68000030517578,0.4,0.036215944,0.577777778,0.6,0.034877347999999996,1
19.799999237060547,0.4,0.036215944,0.577777778,0.6,0.020874744,1
12.970000267028807,0.4,0.036215944,0.577777778,0.8,0.038833206,1
24.899999618530273,0.4,0.036215944,0.577777778,0.4,0.017830653000000002,1
53.388572692871094,0.4,0.032225336,0.577777778,0.6,0.018022591,0
192.02999877929688,0.4,0.032225336,0.577777778,0.4,0.025463898999999998,0
258.33975219726557,0.4,0.032225336,0.577777778,0.6,0.019739289,0
11.366939544677734,0.4,0.032225336,0.577777778,0.6,0.054882272999999995,0
165.5800018310547,0.4,0.032225336,0.577777778,0.6,0.020609650916284392,0
25.899999618530273,0.4,0.032225336,0.577777778,0.6,0.024124511,0
19.420000076293945,0.4,0.032225336,0.577777778,0.6,0.01600485,0
12.920000076293945,0.4,0.032225336,0.577777778,0.8,0.023986682000000002,0
24.56999969482422,0.4,0.032225336,0.577777778,0.4,0.015887196,0
54.797142028808594,0.6,0.03283727,0.7111111109999999,0.8,0.01782459,1
199.2700042724609,0.6,0.03283727,0.7111111109999999,0.6,0.029070565,1
261.72772216796875,0.6,0.03283727,0.7111111109999999,0.8,0.016832145,1
11.271571159362793,0.6,0.03283727,0.7111111109999999,0.6,0.016506049,0
169.13999938964844,0.6,0.03283727,0.7111111109999999,0.8,0.01723098248407576,1
26.649999618530273,0.6,0.03283727,0.7111111109999999,0.8,0.026660758,1
19.770000457763672,0.6,0.03283727,0.7111111109999999,0.8,0.01374191,1
12.920000076293945,0.6,0.03283727,0.7111111109999999,0.6,0.021048046,0
25.25,0.6,0.03283727,0.7111111109999999,0.6,0.016396049,1
55.709999084472656,0.8,0.037097038,0.7333333329999999,0.8,0.020926043999999998,1
206.52999877929688,0.8,0.037097038,0.7333333329999999,0.8,0.034803476,1
267.7982177734375,0.8,0.037097038,0.7333333329999999,0.8,0.018517292,1
11.861943244934082,0.8,0.037097038,0.7333333329999999,0.6,0.019778071,1
172.6199951171875,0.8,0.037097038,0.7333333329999999,0.8,0.01951780149612366,1
27.90999984741211,0.8,0.037097038,0.7333333329999999,0.8,0.033856792999999996,1
20.299999237060547,0.8,0.037097038,0.7333333329999999,0.8,0.017123373,1
12.859999656677244,0.8,0.037097038,0.7333333329999999,0.4,0.015332887,0
25.84000015258789,0.8,0.037097038,0.7333333329999999,0.8,0.0204872,1
55.71285629272461,0.6,0.024112221,0.644444444,0.8,0.011307741000000001,1
210.9199981689453,0.6,0.024112221,0.644444444,0.8,0.02101929,1
268.60299682617193,0.6,0.024112221,0.644444444,0.8,0.010827979,1
11.830154418945312,0.6,0.024112221,0.644444444,0.4,0.01957786,0
172.50999450683594,0.6,0.024112221,0.644444444,0.6,0.012927408868550604,0
27.8700008392334,0.6,0.024112221,0.644444444,0.6,0.025045246,0
20.239999771118164,0.6,0.024112221,0.644444444,0.6,0.014308929,0
12.869999885559082,0.6,0.024112221,0.644444444,0.4,0.006914636,1
26.229999542236328,0.6,0.024112221,0.644444444,0.8,0.017333963,1
54.97571563720703,0.6,0.020159877,0.5555555560000001,0.6,0.012572796,0
215.22999572753903,0.6,0.020159877,0.5555555560000001,0.8,0.024920155,1
268.73214721679693,0.6,0.020159877,0.5555555560000001,0.8,0.009201008,1
11.82107162475586,0.6,0.020159877,0.5555555560000001,0.2,0.014270941,0
171.91000366210938,0.6,0.020159877,0.5555555560000001,0.4,0.010653210862850095,0
28.06999969482422,0.6,0.020159877,0.5555555560000001,0.6,0.022816354,1
20.1299991607666,0.6,0.020159877,0.5555555560000001,0.4,0.014482648,0
13.25,0.6,0.020159877,0.5555555560000001,0.4,0.007760544,1
26.60000038146973,0.6,0.020159877,0.5555555560000001,0.8,0.018698853,1
54.43285751342773,0.6,0.017690575,0.577777778,0.6,0.013239811,0
212.5399932861328,0.6,0.017690575,0.577777778,0.8,0.025664792000000002,0
264.52947998046875,0.6,0.017690575,0.577777778,0.8,0.011086638999999999,0
11.657584190368652,0.6,0.017690575,0.577777778,0.2,0.015608981000000001,0
170.3300018310547,0.6,0.017690575,0.577777778,0.4,0.011076185343716941,0
27.84000015258789,0.6,0.017690575,0.577777778,0.6,0.01860803,0
19.989999771118164,0.6,0.017690575,0.577777778,0.4,0.012035225,0
13.350000381469727,0.6,0.017690575,0.577777778,0.6,0.008498971,1
26.209999084472656,0.6,0.017690575,0.577777778,0.8,0.018980592,0
53.43571472167969,0.4,0.018381296000000002,0.444444444,0.4,0.011626895,0
210.0,0.4,0.018381296000000002,0.444444444,0.6,0.020514429,0
260.7242431640625,0.4,0.018381296000000002,0.444444444,0.6,0.011340744,0
11.053587913513184,0.4,0.018381296000000002,0.444444444,0.2,0.024293274,0
166.97999572753906,0.4,0.018381296000000002,0.444444444,0.2,0.0107097000021236,0
26.96999931335449,0.4,0.018381296000000002,0.444444444,0.4,0.01906653,0
19.63999938964844,0.4,0.018381296000000002,0.444444444,0.2,0.011932443999999999,0
13.390000343322756,0.4,0.018381296000000002,0.444444444,0.8,0.009098221,1
25.79999923706055,0.4,0.018381296000000002,0.444444444,0.6,0.01657396,0
54.248573303222656,0.2,0.019758802,0.311111111,0.4,0.011337505,1
216.17999267578125,0.2,0.019758802,0.311111111,0.6,0.019113546000000002,1
259.40283203125,0.2,0.019758802,0.311111111,0.4,0.007715604,0
10.73115348815918,0.2,0.019758802,0.311111111,0.0,0.019651879,0
165.11000061035156,0.2,0.019758802,0.311111111,0.0,0.008834554070604373,0
26.489999771118164,0.2,0.019758802,0.311111111,0.2,0.013170126,0
19.540000915527344,0.2,0.019758802,0.311111111,0.0,0.007589111999999999,0
12.359999656677244,0.2,0.019758802,0.311111111,0.8,0.023554047999999998,0
25.51000022888184,0.2,0.019758802,0.311111111,0.4,0.014148745,0
54.84714126586914,0.4,0.036831181,0.4,0.4,0.013534008,1
219.8999938964844,0.4,0.036831181,0.4,0.6,0.018303926,1
265.28955078125,0.4,0.036831181,0.4,0.4,0.01165324,1
10.962760925292967,0.4,0.036831181,0.4,0.2,0.023432442,1
167.30999755859375,0.4,0.036831181,0.4,0.2,0.011371992153931624,1
27.6299991607666,0.4,0.036831181,0.4,0.4,0.021490514,1
20.07999992370605,0.4,0.036831181,0.4,0.2,0.012525098,1
12.760000228881836,0.4,0.036831181,0.4,0.8,0.029871024,1
26.0,0.4,0.036831181,0.4,0.4,0.014971803,1
54.87714385986328,0.2,0.038177168,0.37777777799999995,0.6,0.010997199,1
217.25999450683602,0.2,0.038177168,0.37777777799999995,0.4,0.016618162,0
265.75155639648443,0.2,0.038177168,0.37777777799999995,0.4,0.011905378000000001,1
10.840145111083984,0.2,0.038177168,0.37777777799999995,0.2,0.02551584,0
165.25,0.2,0.038177168,0.37777777799999995,0.2,0.013138882785085506,0
26.71999931335449,0.2,0.038177168,0.37777777799999995,0.2,0.026642329,0
19.899999618530273,0.2,0.038177168,0.37777777799999995,0.2,0.013230967,0
12.81999969482422,0.2,0.038177168,0.37777777799999995,0.8,0.024906247000000003,1
26.21999931335449,0.2,0.038177168,0.37777777799999995,0.4,0.013842901999999999,1
53.92571258544922,0.2,0.041224145,0.355555556,0.6,0.012489793,0
211.38999938964844,0.2,0.041224145,0.355555556,0.4,0.019522167,0
260.72921752929693,0.2,0.041224145,0.355555556,0.4,0.012557328999999999,0
10.286103248596193,0.2,0.041224145,0.355555556,0.2,0.032971844,0
161.3699951171875,0.2,0.041224145,0.355555556,0.2,0.0159966307474212,0
26.0,0.2,0.041224145,0.355555556,0.2,0.030392789,0
19.700000762939453,0.2,0.041224145,0.355555556,0.2,0.013850053000000001,0
12.5,0.2,0.041224145,0.355555556,0.6,0.028389002000000003,0
25.739999771118164,0.2,0.041224145,0.355555556,0.4,0.014571885,0
54.27714157104492,0.4,0.041158393,0.5111111110000001,0.8,0.010129421,1
216.55999755859366,0.4,0.041158393,0.5111111110000001,0.6,0.022023467,1
263.34716796875,0.4,0.041158393,0.5111111110000001,0.6,0.01168852,1
10.254314422607422,0.4,0.041158393,0.5111111110000001,0.2,0.023227647999999997,0
162.4199981689453,0.4,0.041158393,0.5111111110000001,0.4,0.013364443800486587,1
26.75,0.4,0.041158393,0.5111111110000001,0.4,0.029912014,1
20.280000686645508,0.4,0.041158393,0.5111111110000001,0.4,0.016236622,1
12.890000343322756,0.4,0.041158393,0.5111111110000001,0.6,0.034029758,1
25.88999938964844,0.4,0.041158393,0.5111111110000001,0.6,0.012608808,1
54.94571304321289,0.6,0.040018818,0.644444444,0.8,0.009550589,1
219.52999877929688,0.6,0.040018818,0.644444444,0.6,0.018880649,1
263.04913330078125,0.6,0.040018818,0.644444444,0.6,0.010901217,0
10.308810234069824,0.6,0.040018818,0.644444444,0.4,0.01845651,1
163.42999267578125,0.6,0.040018818,0.644444444,0.6,0.012368342845957852,1
27.71999931335449,0.6,0.040018818,0.644444444,0.6,0.033604838,1
20.76000022888184,0.6,0.040018818,0.644444444,0.6,0.019952031000000002,1
13.0,0.6,0.040018818,0.644444444,0.8,0.020351876,1
26.040000915527344,0.6,0.040018818,0.644444444,0.8,0.011519514,1
55.61428451538086,0.6,0.024557793999999997,0.644444444,0.8,0.0097774,1
222.57000732421875,0.6,0.024557793999999997,0.644444444,0.6,0.018208632,1
264.31588745117193,0.6,0.024557793999999997,0.644444444,0.6,0.007325678,1
10.413260459899902,0.6,0.024557793999999997,0.644444444,0.4,0.016166394,1
167.24000549316406,0.6,0.024557793999999997,0.644444444,0.6,0.014366019029648056,1
28.149999618530273,0.6,0.024557793999999997,0.644444444,0.6,0.028100276,1
21.1200008392334,0.6,0.024557793999999997,0.644444444,0.6,0.017893131,1
13.09000015258789,0.6,0.024557793999999997,0.644444444,0.8,0.015263993,1
26.5,0.6,0.024557793999999997,0.644444444,0.8,0.011210903999999999,1
56.13714218139648,0.8,0.0324306,0.7555555559999999,0.8,0.011548295,1
226.77999877929688,0.8,0.0324306,0.7555555559999999,0.8,0.019590613,1
269.5269775390625,0.8,0.0324306,0.7555555559999999,0.6,0.010920453,1
10.567666053771973,0.8,0.0324306,0.7555555559999999,0.6,0.016894998999999997,1
170.08999633789062,0.8,0.0324306,0.7555555559999999,0.8,0.015311791613507196,1
28.95000076293945,0.8,0.0324306,0.7555555559999999,0.8,0.027197079,1
21.540000915527344,0.8,0.0324306,0.7555555559999999,0.8,0.020077573,1
13.399999618530273,0.8,0.0324306,0.7555555559999999,0.8,0.019059994,1
26.989999771118164,0.8,0.0324306,0.7555555559999999,0.8,0.013216713,1
57.21428680419922,1.0,0.025858947,0.933333333,1.0,0.011918347,1
239.3000030517578,1.0,0.025858947,0.933333333,1.0,0.025228496,1
271.5736694335937,1.0,0.025858947,0.933333333,0.8,0.008659456999999999,1
10.68574047088623,1.0,0.025858947,0.933333333,0.8,0.008907597,1
172.99000549316406,1.0,0.025858947,0.933333333,1.0,0.014025840695891585,1
29.229999542236328,1.0,0.025858947,0.933333333,1.0,0.023742223,1
21.96999931335449,1.0,0.025858947,0.933333333,1.0,0.022060091,1
13.300000190734865,1.0,0.025858947,0.933333333,0.8,0.015560328,0
27.1200008392334,1.0,0.025858947,0.933333333,1.0,0.010518717,1
58.80428695678711,0.8,0.024626473,0.8444444440000001,1.0,0.016173018,1
241.69000244140625,0.8,0.024626473,0.8444444440000001,1.0,0.022334557,1
271.56869506835943,0.8,0.024626473,0.8444444440000001,0.6,0.006654944,0
10.40417766571045,0.8,0.024626473,0.8444444440000001,0.8,0.013559383999999999,0
173.1300048828125,0.8,0.024626473,0.8444444440000001,1.0,0.012886338100834024,1
29.020000457763672,0.8,0.024626473,0.8444444440000001,0.8,0.019409866,0
21.93000030517578,0.8,0.024626473,0.8444444440000001,0.8,0.016535891,0
12.979999542236328,0.8,0.024626473,0.8444444440000001,0.6,0.014132361999999999,0
27.209999084472656,0.8,0.024626473,0.8444444440000001,1.0,0.010016922,1
59.06428527832031,0.6,0.018779392,0.7555555559999999,1.0,0.014593753999999999,1
233.25,0.6,0.018779392,0.7555555559999999,0.8,0.026575822000000002,0
271.548828125,0.6,0.018779392,0.7555555559999999,0.6,0.006443231999999999,0
10.204360008239746,0.6,0.018779392,0.7555555559999999,0.6,0.016337603,0
174.72000122070312,0.6,0.018779392,0.7555555559999999,1.0,0.013479421425029671,1
28.35000038146973,0.6,0.018779392,0.7555555559999999,0.6,0.016775041,0
22.200000762939453,0.6,0.018779392,0.7555555559999999,0.8,0.014264552,1
13.029999732971193,0.6,0.018779392,0.7555555559999999,0.6,0.013196036999999999,1
26.979999542236328,0.6,0.018779392,0.7555555559999999,0.8,0.010548713999999999,0
58.87714385986328,0.4,0.021207987,0.6,0.8,0.012793871000000002,0
231.8699951171875,0.4,0.021207987,0.6,0.6,0.024989545,0
267.8578491210937,0.4,0.021207987,0.6,0.4,0.008198565,0
10.89009952545166,0.4,0.021207987,0.6,0.6,0.027751303999999997,1
173.02000427246094,0.4,0.021207987,0.6,0.8,0.010762826063604495,0
29.540000915527344,0.4,0.021207987,0.6,0.6,0.022067651,1
21.940000534057614,0.4,0.021207987,0.6,0.6,0.013138683,0
12.920000076293945,0.4,0.021207987,0.6,0.4,0.013499826000000001,0
25.989999771118164,0.4,0.021207987,0.6,0.6,0.014354463000000001,0
57.40285873413086,0.2,0.011258651000000001,0.4,0.6,0.015921576,0
223.22999572753903,0.2,0.011258651000000001,0.4,0.4,0.028658925,0
258.64773559570307,0.2,0.011258651000000001,0.4,0.2,0.011132353999999999,0
10.354223251342773,0.2,0.011258651000000001,0.4,0.4,0.034627278,0
168.6199951171875,0.2,0.011258651000000001,0.4,0.6,0.012440689261244371,0
28.34000015258789,0.2,0.011258651000000001,0.4,0.4,0.024508388,0
21.6200008392334,0.2,0.011258651000000001,0.4,0.4,0.012078453000000001,0
12.539999961853027,0.2,0.011258651000000001,0.4,0.2,0.014645748,0
25.059999465942386,0.2,0.011258651000000001,0.4,0.4,0.017812952,0
57.75714111328125,0.2,0.013474429,0.355555556,0.6,0.0133184,1
223.6100006103516,0.2,0.013474429,0.355555556,0.4,0.017957843,1
261.0570678710937,0.2,0.013474429,0.355555556,0.2,0.011476648,1
10.136240005493164,0.2,0.013474429,0.355555556,0.2,0.036603161,0
169.33999633789062,0.2,0.013474429,0.355555556,0.6,0.009884711684846486,1
28.899999618530273,0.2,0.013474429,0.355555556,0.4,0.026526034,1
22.15999984741211,0.2,0.013474429,0.355555556,0.4,0.013081262,1
12.100000381469727,0.2,0.013474429,0.355555556,0.2,0.020170757,0
25.059999465942386,0.2,0.013474429,0.355555556,0.2,0.016849624,0
57.5957145690918,0.4,0.014595513999999999,0.42222222200000004,0.4,0.008319331,0
229.8500061035156,0.4,0.014595513999999999,0.42222222200000004,0.4,0.021541502,1
264.22647094726557,0.4,0.014595513999999999,0.42222222200000004,0.4,0.013901115,1
10.31335163116455,0.4,0.014595513999999999,0.42222222200000004,0.4,0.034827904,1
174.50999450683594,0.4,0.014595513999999999,0.42222222200000004,0.6,0.01582891011468999,1
29.709999084472656,0.4,0.014595513999999999,0.42222222200000004,0.6,0.030694693,1
22.239999771118164,0.4,0.014595513999999999,0.42222222200000004,0.6,0.013439159,1
11.600000381469727,0.4,0.014595513999999999,0.42222222200000004,0.2,0.02362318,0
25.440000534057607,0.4,0.014595513999999999,0.42222222200000004,0.2,0.019218651,1
57.03714370727539,0.6,0.014509669,0.488888889,0.2,0.009374674,0
224.2100067138672,0.6,0.014509669,0.488888889,0.4,0.019464894,0
267.92739868164057,0.6,0.014509669,0.488888889,0.6,0.016687814,1
10.712987899780273,0.6,0.014509669,0.488888889,0.6,0.038736681,1
177.7100067138672,0.6,0.014509669,0.488888889,0.6,0.017659570054940458,1
30.1299991607666,0.6,0.014509669,0.488888889,0.8,0.028904519,1
22.540000915527344,0.6,0.014509669,0.488888889,0.6,0.013674626,1
12.789999961853027,0.6,0.014509669,0.488888889,0.2,0.043369994,1
25.670000076293945,0.6,0.014509669,0.488888889,0.4,0.019336271999999998,1
56.71571350097656,0.6,0.018915013999999997,0.488888889,0.2,0.009868078,0
229.7100067138672,0.6,0.018915013999999997,0.488888889,0.6,0.023187725,1
262.7113037109375,0.6,0.018915013999999997,0.488888889,0.6,0.017863012,0
10.53133487701416,0.6,0.018915013999999997,0.488888889,0.4,0.02868782,0
177.5500030517578,0.6,0.018915013999999997,0.488888889,0.6,0.01589367563169249,0
29.45000076293945,0.6,0.018915013999999997,0.488888889,0.6,0.025023217,0
22.309999465942386,0.6,0.018915013999999997,0.488888889,0.6,0.013373111000000002,0
13.020000457763672,0.6,0.018915013999999997,0.488888889,0.4,0.045278155,1
25.57999992370605,0.6,0.018915013999999997,0.488888889,0.4,0.012698712,0
55.79571533203125,0.8,0.018009752,0.577777778,0.2,0.008104317,0
222.44000244140625,0.8,0.018009752,0.577777778,0.6,0.022064997000000003,0
262.045654296875,0.8,0.018009752,0.577777778,0.6,0.011492898999999999,0
10.799273490905762,0.8,0.018009752,0.577777778,0.6,0.023934697,1
179.1699981689453,0.8,0.018009752,0.577777778,0.8,0.012632380504701146,1
29.649999618530273,0.8,0.018009752,0.577777778,0.8,0.018256861,1
22.209999084472656,0.8,0.018009752,0.577777778,0.6,0.01135253,0
13.260000228881836,0.8,0.018009752,0.577777778,0.6,0.043082432999999996,1
25.45000076293945,0.8,0.018009752,0.577777778,0.4,0.0065585240000000005,0
54.47428512573242,0.6,0.022407306000000002,0.444444444,0.0,0.011606618,0
216.22999572753903,0.6,0.022407306000000002,0.444444444,0.4,0.027308071,0
255.8559112548828,0.6,0.022407306000000002,0.444444444,0.4,0.014354048000000001,0
10.195277214050293,0.6,0.022407306000000002,0.444444444,0.6,0.030910047000000003,0
174.8699951171875,0.6,0.022407306000000002,0.444444444,0.6,0.016578301964168277,0
28.739999771118164,0.6,0.022407306000000002,0.444444444,0.6,0.020443133,0
21.34000015258789,0.6,0.022407306000000002,0.444444444,0.4,0.014191463999999999,0
13.239999771118164,0.6,0.022407306000000002,0.444444444,0.6,0.036366562000000005,0
24.88999938964844,0.6,0.022407306000000002,0.444444444,0.4,0.01095932,0
53.51428604125977,0.4,0.024660977999999997,0.288888889,0.0,0.01457223,0
211.97999572753903,0.4,0.024660977999999997,0.288888889,0.2,0.02565792,0
246.15896606445312,0.4,0.024660977999999997,0.288888889,0.2,0.019505923,0
10.081744194030762,0.4,0.024660977999999997,0.288888889,0.4,0.029642593999999998,0
173.2899932861328,0.4,0.024660977999999997,0.288888889,0.4,0.012279303993432798,0
27.940000534057607,0.4,0.024660977999999997,0.288888889,0.4,0.020404749,0
20.6200008392334,0.4,0.024660977999999997,0.288888889,0.2,0.020217328,0
12.470000267028807,0.4,0.024660977999999997,0.288888889,0.6,0.039733512,0
24.53000068664551,0.4,0.024660977999999997,0.288888889,0.2,0.010819308,0
53.21428680419922,0.4,0.029668424,0.288888889,0.0,0.013753796,0
212.5,0.4,0.029668424,0.288888889,0.4,0.021240988,1
249.32835388183602,0.4,0.029668424,0.288888889,0.2,0.019279667,1
10.45413303375244,0.4,0.029668424,0.288888889,0.4,0.029280101,1
174.74000549316406,0.4,0.029668424,0.288888889,0.4,0.010285387728572971,1
28.690000534057607,0.4,0.029668424,0.288888889,0.4,0.022946064,1
21.21999931335449,0.4,0.029668424,0.288888889,0.2,0.023339053999999998,1
12.0600004196167,0.4,0.029668424,0.288888889,0.4,0.025792058,0
25.34000015258789,0.4,0.029668424,0.288888889,0.2,0.015615289,1
54.03571319580078,0.6,0.029160659,0.444444444,0.2,0.015713946,1
219.5,0.6,0.029160659,0.444444444,0.4,0.022923109,1
250.7193145751953,0.6,0.029160659,0.444444444,0.4,0.01650177,1
10.835603713989258,0.6,0.029160659,0.444444444,0.6,0.033186822000000005,1
176.85000610351562,0.6,0.029160659,0.444444444,0.6,0.012520332181507648,1
29.51000022888184,0.6,0.029160659,0.444444444,0.6,0.024148576,1
21.850000381469727,0.6,0.029160659,0.444444444,0.4,0.027236029,1
12.449999809265135,0.6,0.029160659,0.444444444,0.4,0.028663142000000003,1
25.88999938964844,0.6,0.029160659,0.444444444,0.4,0.019255037,1
53.90999984741211,0.6,0.033352952000000005,0.533333333,0.2,0.012934998999999999,0
221.50999450683602,0.6,0.033352952000000005,0.533333333,0.6,0.018424815,1
255.6919708251953,0.6,0.033352952000000005,0.533333333,0.6,0.019961728,1
11.376021385192873,0.6,0.033352952000000005,0.533333333,0.6,0.038073266,1
181.69000244140625,0.6,0.033352952000000005,0.533333333,0.6,0.016169060477131913,1
30.06999969482422,0.6,0.033352952000000005,0.533333333,0.6,0.02658567,1
22.030000686645508,0.6,0.033352952000000005,0.533333333,0.6,0.027987167,1
12.470000267028807,0.6,0.033352952000000005,0.533333333,0.4,0.025297802,1
26.34000015258789,0.6,0.033352952000000005,0.533333333,0.6,0.021714876,1
52.82857131958008,0.6,0.028405892999999998,0.644444444,0.2,0.012210303,0
224.7400054931641,0.6,0.028405892999999998,0.644444444,0.8,0.015757638,1
255.8956451416016,0.6,0.028405892999999998,0.644444444,0.8,0.015396868999999999,1
11.298819541931152,0.6,0.028405892999999998,0.644444444,0.6,0.02824467,0
182.38999938964844,0.6,0.028405892999999998,0.644444444,0.8,0.012139686185516094,1
29.90999984741211,0.6,0.028405892999999998,0.644444444,0.6,0.021511573,0
22.290000915527344,0.6,0.028405892999999998,0.644444444,0.8,0.022513287000000003,1
12.6899995803833,0.6,0.028405892999999998,0.644444444,0.6,0.028524592999999997,1
26.25,0.6,0.028405892999999998,0.644444444,0.6,0.017997452,0
55.54428482055664,0.8,0.029610437000000003,0.8444444440000001,0.4,0.018966938,1
231.32000732421875,0.8,0.029610437000000003,0.8444444440000001,1.0,0.017682296,1
266.84939575195307,0.8,0.029610437000000003,0.8444444440000001,1.0,0.016377972,1
11.689373016357422,0.8,0.029610437000000003,0.8444444440000001,0.8,0.032930674,1
186.6199951171875,0.8,0.029610437000000003,0.8444444440000001,1.0,0.014971034894399375,1
30.96999931335449,0.8,0.029610437000000003,0.8444444440000001,0.8,0.023032352000000002,1
22.8799991607666,0.8,0.029610437000000003,0.8444444440000001,1.0,0.02105924,1
13.149999618530273,0.8,0.029610437000000003,0.8444444440000001,0.8,0.024142984,1
26.940000534057607,0.8,0.029610437000000003,0.8444444440000001,0.8,0.020361881999999998,1
57.18428421020508,0.6,0.024360833999999998,0.8444444440000001,0.6,0.023750941,1
235.47999572753903,0.6,0.024360833999999998,0.8444444440000001,1.0,0.020788418,1
269.83499145507807,0.6,0.024360833999999998,0.8444444440000001,1.0,0.016040561000000002,1
11.771117210388185,0.6,0.024360833999999998,0.8444444440000001,0.8,0.026941892000000002,1
185.0,0.6,0.024360833999999998,0.8444444440000001,0.8,0.015033668579429556,0
30.93000030517578,0.6,0.024360833999999998,0.8444444440000001,0.6,0.017922013,0
22.989999771118164,0.6,0.024360833999999998,0.8444444440000001,1.0,0.016201206,1
13.329999923706055,0.6,0.024360833999999998,0.8444444440000001,1.0,0.020304851999999998,1
27.0,0.6,0.024360833999999998,0.8444444440000001,0.8,0.014203158,1
57.45571517944336,0.6,0.018007818999999998,0.8,0.6,0.021613021,1
236.80999755859366,0.6,0.018007818999999998,0.8,1.0,0.015329792,1
272.477783203125,0.6,0.018007818999999998,0.8,1.0,0.016883616,1
11.74841022491455,0.6,0.018007818999999998,0.8,0.6,0.020029713,0
186.1199951171875,0.6,0.018007818999999998,0.8,0.8,0.013829456892774998,1
31.11000061035156,0.6,0.018007818999999998,0.8,0.6,0.013369658000000001,1
23.1200008392334,0.6,0.018007818999999998,0.8,1.0,0.011394337,1
13.649999618530273,0.6,0.018007818999999998,0.8,1.0,0.018638397,1
26.959999084472656,0.6,0.018007818999999998,0.8,0.6,0.010158504,0
58.34714126586914,0.6,0.013864613000000001,0.7777777779999999,0.8,0.024250726,1
236.1499938964844,0.6,0.013864613000000001,0.7777777779999999,0.8,0.014055773999999998,0
277.6889038085937,0.6,0.013864613000000001,0.7777777779999999,1.0,0.016741891000000002,1
11.639418601989744,0.6,0.013864613000000001,0.7777777779999999,0.4,0.011910289,0
186.82000732421875,0.6,0.013864613000000001,0.7777777779999999,0.8,0.009108112071919307,1
31.13999938964844,0.6,0.013864613000000001,0.7777777779999999,0.6,0.009767194,1
23.38999938964844,0.6,0.013864613000000001,0.7777777779999999,1.0,0.012082365,1
13.699999809265135,0.6,0.013864613000000001,0.7777777779999999,1.0,0.019049708000000002,1
27.18000030517578,0.6,0.013864613000000001,0.7777777779999999,0.6,0.008314309,1
60.28571319580078,0.8,0.011873608,0.8444444440000001,1.0,0.026883708,1
246.7100067138672,0.8,0.011873608,0.8444444440000001,0.8,0.020082896,1
293.92828369140625,0.8,0.011873608,0.8444444440000001,1.0,0.028278675,1
11.857402801513672,0.8,0.011873608,0.8444444440000001,0.6,0.014298636000000002,1
190.52999877929688,0.8,0.011873608,0.8444444440000001,0.8,0.0123093004064645,1
31.85000038146973,0.8,0.011873608,0.8444444440000001,0.8,0.01326307,1
23.5,0.8,0.011873608,0.8444444440000001,1.0,0.010662523,1
13.5,0.8,0.011873608,0.8444444440000001,0.8,0.018440956,0
27.270000457763672,0.8,0.011873608,0.8444444440000001,0.8,0.00829319,1
59.998573303222656,0.6,0.00773728,0.644444444,0.8,0.017555075,0
242.3300018310547,0.6,0.00773728,0.644444444,0.6,0.017777971,0
289.3232421875,0.6,0.00773728,0.644444444,0.8,0.022851012999999996,0
11.2897367477417,0.6,0.00773728,0.644444444,0.4,0.016960343,0
186.58999633789062,0.6,0.00773728,0.644444444,0.6,0.011806727099079912,0
31.229999542236328,0.6,0.00773728,0.644444444,0.6,0.010068397,0
23.28000068664551,0.6,0.00773728,0.644444444,0.8,0.00724102,0
13.079999923706055,0.6,0.00773728,0.644444444,0.6,0.017413375,0
26.979999542236328,0.6,0.00773728,0.644444444,0.6,0.005162929,0
60.31999969482422,0.8,0.008543031,0.644444444,0.8,0.012721325,1
243.8800048828125,0.8,0.008543031,0.644444444,0.6,0.015460482,1
293.3470458984375,0.8,0.008543031,0.644444444,0.8,0.023394877999999997,1
11.630335807800293,0.8,0.008543031,0.644444444,0.4,0.021595517999999998,1
178.89999389648438,0.8,0.008543031,0.644444444,0.6,0.0183132578394525,0
31.8799991607666,0.8,0.008543031,0.644444444,0.8,0.013972751,1
23.399999618530273,0.8,0.008543031,0.644444444,0.8,0.007310395,1
13.079999923706055,0.8,0.008543031,0.644444444,0.4,0.014675728,0
27.309999465942386,0.8,0.008543031,0.644444444,0.6,0.0071637540000000005,1
56.94571304321289,0.6,0.008782350999999999,0.533333333,0.6,0.022959958,0
231.52999877929688,0.6,0.008782350999999999,0.533333333,0.4,0.024458808999999998,0
288.4737548828125,0.6,0.008782350999999999,0.533333333,0.6,0.0247586,0
11.344232559204102,0.6,0.008782350999999999,0.533333333,0.4,0.026129657999999997,0
177.38999938964844,0.6,0.008782350999999999,0.533333333,0.4,0.018790540131116758,0
31.489999771118164,0.6,0.008782350999999999,0.533333333,0.6,0.015255501999999999,0
24.239999771118164,0.6,0.008782350999999999,0.533333333,0.8,0.013358947,1
13.15999984741211,0.6,0.008782350999999999,0.533333333,0.4,0.011097773,1
27.1299991607666,0.6,0.008782350999999999,0.533333333,0.6,0.008185652,0
56.47285842895508,0.6,0.010405942,0.444444444,0.4,0.021517677000000002,0
233.6100006103516,0.6,0.010405942,0.444444444,0.6,0.025698142,1
289.94915771484375,0.6,0.010405942,0.444444444,0.6,0.021956515,1
11.235240936279297,0.6,0.010405942,0.444444444,0.4,0.026195764,0
177.25,0.6,0.010405942,0.444444444,0.2,0.01819616772441418,0
31.53000068664551,0.6,0.010405942,0.444444444,0.6,0.0153167,1
23.61000061035156,0.6,0.010405942,0.444444444,0.6,0.016221333,0
12.869999885559082,0.6,0.010405942,0.444444444,0.2,0.014772463000000001,0
27.040000915527344,0.6,0.010405942,0.444444444,0.4,0.007217055,0
56.12428665161133,0.6,0.009776139,0.444444444,0.2,0.016107193,0
234.77999877929688,0.6,0.009776139,0.444444444,0.6,0.017756331,1
293.3371276855469,0.6,0.009776139,0.444444444,0.6,0.01259736,1
11.525885581970215,0.6,0.009776139,0.444444444,0.4,0.027623948,1
181.6300048828125,0.6,0.009776139,0.444444444,0.2,0.019166617109408732,1
32.11999893188477,0.6,0.009776139,0.444444444,0.6,0.014499099,1
24.03000068664551,0.6,0.009776139,0.444444444,0.6,0.01883857,1
13.140000343322756,0.6,0.009776139,0.444444444,0.4,0.016048569,1
27.15999984741211,0.6,0.009776139,0.444444444,0.4,0.007442368,1
57.96714401245117,0.8,0.009675963000000001,0.644444444,0.4,0.021721654,1
237.6100006103516,0.8,0.009675963000000001,0.644444444,0.8,0.016616368,1
296.282958984375,0.8,0.009675963000000001,0.644444444,0.8,0.01147241,1
11.816530227661133,0.8,0.009675963000000001,0.644444444,0.6,0.023092405,1
182.25,0.8,0.009675963000000001,0.644444444,0.4,0.015713484098913662,1
32.86999893188477,0.8,0.009675963000000001,0.644444444,0.8,0.015275832,1
24.59000015258789,0.8,0.009675963000000001,0.644444444,0.8,0.021627071,1
13.350000381469727,0.8,0.009675963000000001,0.644444444,0.6,0.013022694,1
27.190000534057607,0.8,0.009675963000000001,0.644444444,0.6,0.0055363999999999995,1
56.82428741455078,0.6,0.017680061,0.533333333,0.2,0.024593326000000002,0
227.1499938964844,0.6,0.017680061,0.533333333,0.6,0.024141467000000003,0
289.69580078125,0.6,0.017680061,0.533333333,0.6,0.013137413999999998,0
11.376021385192873,0.6,0.017680061,0.533333333,0.4,0.02451443,0
180.3600006103516,0.6,0.017680061,0.533333333,0.4,0.009544883627491963,0
32.36999893188477,0.6,0.017680061,0.533333333,0.6,0.014155458000000001,0
24.6299991607666,0.6,0.017680061,0.533333333,0.8,0.02092148,1
13.5,0.6,0.017680061,0.533333333,0.8,0.015269878999999998,1
26.809999465942386,0.6,0.017680061,0.533333333,0.4,0.005885296999999999,0
57.22857284545898,0.6,0.01683085,0.644444444,0.4,0.014828305,1
198.3999938964844,0.6,0.01683085,0.644444444,0.6,0.039327201,0
291.2606201171875,0.6,0.01683085,0.644444444,0.8,0.01089519,1
11.693914413452148,0.6,0.01683085,0.644444444,0.6,0.025183307999999998,1
181.97000122070312,0.6,0.01683085,0.644444444,0.6,0.00964211472689033,1
32.400001525878906,0.6,0.01683085,0.644444444,0.8,0.011894159,1
24.70000076293945,0.6,0.01683085,0.644444444,0.8,0.014310416999999999,1
14.369999885559082,0.6,0.01683085,0.644444444,0.8,0.026935526,1
26.59000015258789,0.6,0.01683085,0.644444444,0.4,0.00620827,0
57.81285858154297,0.6,0.026503852999999997,0.7555555559999999,0.6,0.015209521,1
206.77999877929688,0.6,0.026503852999999997,0.7555555559999999,0.6,0.045978042000000004,1
297.40069580078125,0.6,0.026503852999999997,0.7555555559999999,0.8,0.014088493999999998,1
12.257039070129395,0.6,0.026503852999999997,0.7555555559999999,0.8,0.032892846,1
185.8800048828125,0.6,0.026503852999999997,0.7555555559999999,0.8,0.01378168677401313,1
33.65999984741211,0.6,0.026503852999999997,0.7555555559999999,0.8,0.019417872,1
25.1299991607666,0.6,0.026503852999999997,0.7555555559999999,1.0,0.012594171999999999,1
14.270000457763672,0.6,0.026503852999999997,0.7555555559999999,0.8,0.023920012,0
27.25,0.6,0.026503852999999997,0.7555555559999999,0.6,0.010509082,1
57.849998474121094,0.4,0.026967646,0.7111111109999999,0.8,0.014103528999999998,1
217.32000732421875,0.4,0.026967646,0.7111111109999999,0.6,0.055170792,1
298.1309509277344,0.4,0.026967646,0.7111111109999999,0.8,0.012242645,1
12.688465118408205,0.4,0.026967646,0.7111111109999999,0.8,0.034758687999999996,1
187.4499969482422,0.4,0.026967646,0.7111111109999999,0.8,0.010528762498862608,1
33.689998626708984,0.4,0.026967646,0.7111111109999999,0.8,0.015853661,1
24.979999542236328,0.4,0.026967646,0.7111111109999999,0.8,0.010230147,0
13.949999809265135,0.4,0.026967646,0.7111111109999999,0.6,0.024209143,0
26.979999542236328,0.4,0.026967646,0.7111111109999999,0.4,0.011603171,0
57.82571411132813,0.2,0.027808375,0.5111111110000001,0.6,0.007620427,0
213.50999450683602,0.2,0.027808375,0.5111111110000001,0.4,0.056266384,0
294.4051818847656,0.2,0.027808375,0.5111111110000001,0.6,0.012733568,0
12.084468841552734,0.2,0.027808375,0.5111111110000001,0.6,0.03923575,0
184.6300048828125,0.2,0.027808375,0.5111111110000001,0.6,0.012854855223019792,0
32.77000045776367,0.2,0.027808375,0.5111111110000001,0.6,0.016645224,0
24.540000915527344,0.2,0.027808375,0.5111111110000001,0.6,0.009092118,0
13.399999618530273,0.2,0.027808375,0.5111111110000001,0.4,0.028898102999999998,0
26.6299991607666,0.2,0.027808375,0.5111111110000001,0.2,0.01397677,0
56.644287109375,0.2,0.024109399,0.46666666700000003,0.6,0.007763473000000001,0
212.1000061035156,0.2,0.024109399,0.46666666700000003,0.4,0.048782806,0
287.45538330078125,0.2,0.024109399,0.46666666700000003,0.6,0.013008283,0
11.643959999084473,0.2,0.024109399,0.46666666700000003,0.6,0.039070439,0
181.3500061035156,0.2,0.024109399,0.46666666700000003,0.6,0.01433383245249841,0
31.690000534057607,0.2,0.024109399,0.46666666700000003,0.6,0.02019433,0
23.899999618530273,0.2,0.024109399,0.46666666700000003,0.4,0.013982775,0
13.350000381469727,0.2,0.024109399,0.46666666700000003,0.2,0.027397175,0
25.989999771118164,0.2,0.024109399,0.46666666700000003,0.2,0.015988221,0
56.77285766601562,0.4,0.025673552999999998,0.488888889,0.6,0.006794499,1
215.6199951171875,0.4,0.025673552999999998,0.488888889,0.6,0.026788314,1
290.52044677734375,0.4,0.025673552999999998,0.488888889,0.6,0.014060513,1
11.766575813293455,0.4,0.025673552999999998,0.488888889,0.6,0.035587697,1
183.9199981689453,0.4,0.025673552999999998,0.488888889,0.6,0.015382803001559631,1
32.279998779296875,0.4,0.025673552999999998,0.488888889,0.6,0.023732519,1
23.85000038146973,0.4,0.025673552999999998,0.488888889,0.2,0.013832753,0
14.40999984741211,0.4,0.025673552999999998,0.488888889,0.2,0.030388428999999998,1
26.01000022888184,0.4,0.025673552999999998,0.488888889,0.4,0.014500957,1
57.58142852783203,0.4,0.018766566999999998,0.5111111110000001,0.6,0.007601004000000001,1
218.2899932861328,0.4,0.018766566999999998,0.5111111110000001,0.6,0.020817306,1
296.8194885253906,0.4,0.018766566999999998,0.5111111110000001,0.6,0.01418069,1
12.188919067382812,0.4,0.018766566999999998,0.5111111110000001,0.6,0.033135318999999996,1
187.3000030517578,0.4,0.018766566999999998,0.5111111110000001,0.6,0.014760903782250404,1
33.110000610351555,0.4,0.018766566999999998,0.5111111110000001,0.6,0.021097266,1
24.20000076293945,0.4,0.018766566999999998,0.5111111110000001,0.2,0.013285998,1
15.140000343322756,0.4,0.018766566999999998,0.5111111110000001,0.4,0.039128508,1
26.53000068664551,0.4,0.018766566999999998,0.5111111110000001,0.4,0.013535151,1
57.17714309692383,0.4,0.018302113000000002,0.4,0.4,0.008876742,0
216.47999572753903,0.4,0.018302113000000002,0.4,0.4,0.012281231,0
296.14385986328125,0.4,0.018302113000000002,0.4,0.4,0.014144843999999998,0
12.24795627593994,0.4,0.018302113000000002,0.4,0.6,0.027064377,1
186.3800048828125,0.4,0.018302113000000002,0.4,0.4,0.014054029709941258,0
32.549999237060554,0.4,0.018302113000000002,0.4,0.4,0.024301692000000003,0
23.739999771118164,0.4,0.018302113000000002,0.4,0.2,0.01589387,0
14.779999732971193,0.4,0.018302113000000002,0.4,0.4,0.039399187999999995,0
26.25,0.4,0.018302113000000002,0.4,0.4,0.01366432,0
57.104286193847656,0.6,0.016165474,0.5555555560000001,0.4,0.009047632,0
217.0,0.6,0.016165474,0.5555555560000001,0.6,0.009255287,1
302.1994934082031,0.6,0.016165474,0.5555555560000001,0.6,0.015735083,1
12.661216735839846,0.6,0.016165474,0.5555555560000001,0.8,0.024292212999999997,1
187.32000732421875,0.6,0.016165474,0.5555555560000001,0.6,0.01205393029258718,1
32.86999893188477,0.6,0.016165474,0.5555555560000001,0.6,0.020806346,1
24.28000068664551,0.6,0.016165474,0.5555555560000001,0.4,0.016920354,1
14.59000015258789,0.6,0.016165474,0.5555555560000001,0.4,0.034084917,0
26.79999923706055,0.6,0.016165474,0.5555555560000001,0.6,0.015260273000000001,1
58.03285598754883,0.8,0.013306543,0.688888889,0.6,0.008213657,1
217.9900054931641,0.8,0.013306543,0.688888889,0.8,0.008846964,1
304.1915283203125,0.8,0.013306543,0.688888889,0.8,0.012332193,1
12.643052101135256,0.8,0.013306543,0.688888889,0.8,0.017288651000000002,0
187.25,0.8,0.013306543,0.688888889,0.6,0.008575625891460692,0
33.610000610351555,0.8,0.013306543,0.688888889,0.8,0.018717548,1
24.75,0.8,0.013306543,0.688888889,0.6,0.015575863,1
14.460000038146973,0.8,0.013306543,0.688888889,0.4,0.035120703999999996,0
27.15999984741211,0.8,0.013306543,0.688888889,0.8,0.01314024,1
56.46857070922852,0.6,0.016520265,0.5111111110000001,0.4,0.013150732,0
211.22000122070312,0.6,0.016520265,0.5111111110000001,0.6,0.011739083,0
298.5333251953125,0.6,0.016520265,0.5111111110000001,0.6,0.013919802,0
11.957311630249025,0.6,0.016520265,0.5111111110000001,0.6,0.026030271,0
182.2400054931641,0.6,0.016520265,0.5111111110000001,0.4,0.011092465398506243,0
31.59000015258789,0.6,0.016520265,0.5111111110000001,0.6,0.027014222,0
23.84000015258789,0.6,0.016520265,0.5111111110000001,0.6,0.022510994,0
14.359999656677244,0.6,0.016520265,0.5111111110000001,0.2,0.020623693999999998,0
26.20000076293945,0.6,0.016520265,0.5111111110000001,0.6,0.020055543999999998,0
55.03142929077149,0.6,0.015065185,0.444444444,0.2,0.015392348,0
210.7899932861328,0.6,0.015065185,0.444444444,0.4,0.009669671,0
295.6173095703125,0.6,0.015065185,0.444444444,0.4,0.011536979,0
12.152588844299315,0.6,0.015065185,0.444444444,0.6,0.022117816000000002,1
183.3500061035156,0.6,0.015065185,0.444444444,0.4,0.008635123430234077,1
31.729999542236328,0.6,0.015065185,0.444444444,0.6,0.02275806,1
24.059999465942386,0.6,0.015065185,0.444444444,0.6,0.021421612000000003,1
14.420000076293945,0.6,0.015065185,0.444444444,0.2,0.011327493999999999,1
26.28000068664551,0.6,0.015065185,0.444444444,0.6,0.016667763999999998,1
54.94571304321289,0.8,0.021450337000000003,0.577777778,0.2,0.014299643999999999,0
217.38999938964844,0.8,0.021450337000000003,0.577777778,0.6,0.014273491999999999,1
302.20941162109375,0.8,0.021450337000000003,0.577777778,0.6,0.015541623000000001,1
12.524977684020994,0.8,0.021450337000000003,0.577777778,0.6,0.027277664,1
187.3800048828125,0.8,0.021450337000000003,0.577777778,0.6,0.01204870672021128,1
32.36999893188477,0.8,0.021450337000000003,0.577777778,0.8,0.023409421,1
24.85000038146973,0.8,0.021450337000000003,0.577777778,0.8,0.024186875,1
14.270000457763672,0.8,0.021450337000000003,0.577777778,0.2,0.00865231,0
26.90999984741211,0.8,0.021450337000000003,0.577777778,0.8,0.019351455,1
54.18000030517578,0.6,0.019736128000000002,0.46666666700000003,0.2,0.016831959,0
218.92999267578125,0.6,0.019736128000000002,0.46666666700000003,0.6,0.015209876,1
304.5194091796875,0.6,0.019736128000000002,0.46666666700000003,0.6,0.012980706000000002,1
12.406903266906738,0.6,0.019736128000000002,0.46666666700000003,0.4,0.022414852000000002,0
187.3500061035156,0.6,0.019736128000000002,0.46666666700000003,0.4,0.011072031396451696,0
32.299999237060554,0.6,0.019736128000000002,0.46666666700000003,0.6,0.021875713999999997,0
24.6299991607666,0.6,0.019736128000000002,0.46666666700000003,0.6,0.021408217,0
14.050000190734865,0.6,0.019736128000000002,0.46666666700000003,0.2,0.00916467,0
26.76000022888184,0.6,0.019736128000000002,0.46666666700000003,0.6,0.016275809,0
55.547142028808594,0.6,0.019210509,0.488888889,0.2,0.018626435,1
217.8300018310547,0.6,0.019210509,0.488888889,0.4,0.015302308,0
306.28790283203125,0.6,0.019210509,0.488888889,0.6,0.012823846000000002,1
12.824705123901367,0.6,0.019210509,0.488888889,0.6,0.028862909,1
188.75,0.6,0.019210509,0.488888889,0.6,0.012491807556002104,1
32.959999084472656,0.6,0.019210509,0.488888889,0.6,0.021459804,1
25.34000015258789,0.6,0.019210509,0.488888889,0.6,0.023302057999999997,1
14.09000015258789,0.6,0.019210509,0.488888889,0.4,0.00795202,1
26.739999771118164,0.6,0.019210509,0.488888889,0.4,0.013738718,0
54.96714401245117,0.6,0.019894029,0.488888889,0.2,0.015323711,0
211.9900054931641,0.6,0.019894029,0.488888889,0.4,0.014452986000000001,0
303.75933837890625,0.6,0.019894029,0.488888889,0.6,0.010754791000000001,0
12.683923721313475,0.6,0.019894029,0.488888889,0.6,0.020210676,0
186.6199951171875,0.6,0.019894029,0.488888889,0.6,0.00939763739296328,0
31.989999771118164,0.6,0.019894029,0.488888889,0.6,0.015325488,0
24.940000534057607,0.6,0.019894029,0.488888889,0.6,0.019105585,0
13.75,0.6,0.019894029,0.488888889,0.4,0.011395009,0
26.06999969482422,0.6,0.019894029,0.488888889,0.4,0.011680725,0
53.91571426391602,0.4,0.018811311,0.355555556,0.2,0.014059318999999999,0
204.5200042724609,0.4,0.018811311,0.355555556,0.4,0.021093322999999997,0
298.49359130859375,0.4,0.018811311,0.355555556,0.6,0.012268282,0
12.39327907562256,0.4,0.018811311,0.355555556,0.4,0.021527319,0
185.72999572753903,0.4,0.018811311,0.355555556,0.4,0.009133272175036565,0
30.81999969482422,0.4,0.018811311,0.355555556,0.4,0.021753922000000002,0
24.34000015258789,0.4,0.018811311,0.355555556,0.4,0.022071504,0
13.5,0.4,0.018811311,0.355555556,0.2,0.014195712,0
25.540000915527344,0.4,0.018811311,0.355555556,0.2,0.015136005,0
53.56285858154297,0.4,0.01415531,0.222222222,0.2,0.015056718,0
197.13999938964844,0.4,0.01415531,0.222222222,0.2,0.022048063,0
295.5179443359375,0.4,0.01415531,0.222222222,0.4,0.009802169,0
12.711172103881836,0.4,0.01415531,0.222222222,0.4,0.020528855,1
185.2400054931641,0.4,0.01415531,0.222222222,0.2,0.005264946806438797,0
30.60000038146973,0.4,0.01415531,0.222222222,0.2,0.019147528,0
24.290000915527344,0.4,0.01415531,0.222222222,0.2,0.01591542,0
13.25,0.4,0.01415531,0.222222222,0.2,0.015818976999999998,0
25.29999923706055,0.4,0.01415531,0.222222222,0.0,0.012220908999999999,0
52.71571350097656,0.4,0.016997176,0.2,0.2,0.015432738,0
189.25,0.4,0.016997176,0.2,0.0,0.028635723999999998,0
288.5929870605469,0.4,0.016997176,0.2,0.2,0.012960087,0
12.198001861572266,0.4,0.016997176,0.2,0.4,0.02671775,0
181.47999572753903,0.4,0.016997176,0.2,0.2,0.00929253639932973,0
29.90999984741211,0.4,0.016997176,0.2,0.2,0.023224837999999998,0
23.56999969482422,0.4,0.016997176,0.2,0.2,0.020073162,0
13.43000030517578,0.4,0.016997176,0.2,0.4,0.015452567,1
25.0,0.4,0.016997176,0.2,0.0,0.01347762,0
53.78714370727539,0.2,0.01566767,0.088888889,0.2,0.014451008999999999,1
192.33999633789062,0.2,0.01566767,0.088888889,0.2,0.030896363,1
288.1260070800781,0.2,0.01566767,0.088888889,0.0,0.012122214,0
12.10263442993164,0.2,0.01566767,0.088888889,0.2,0.021546417,0
181.30999755859366,0.2,0.01566767,0.088888889,0.0,0.007985360461796962,0
29.809999465942386,0.2,0.01566767,0.088888889,0.0,0.019806827,0
23.239999771118164,0.2,0.01566767,0.088888889,0.0,0.017107996,0
13.390000343322756,0.2,0.01566767,0.088888889,0.2,0.015478853999999998,0
24.790000915527344,0.2,0.01566767,0.088888889,0.0,0.015008133,0
52.42714309692383,0.2,0.012652441,0.088888889,0.2,0.017419673,0
188.9900054931641,0.2,0.012652441,0.088888889,0.2,0.029017792,0
283.2129821777344,0.2,0.012652441,0.088888889,0.0,0.013881441999999999,0
11.707538604736328,0.2,0.012652441,0.088888889,0.2,0.025880032999999997,0
177.9499969482422,0.2,0.012652441,0.088888889,0.0,0.009434761642919086,0
29.0,0.2,0.012652441,0.088888889,0.0,0.019355323,0
22.70000076293945,0.2,0.012652441,0.088888889,0.0,0.018598087,0
13.140000343322756,0.2,0.012652441,0.088888889,0.2,0.014386864,0
24.46999931335449,0.2,0.012652441,0.088888889,0.0,0.012578612,0
51.93857192993164,0.2,0.010655588999999998,0.111111111,0.2,0.015457816000000001,0
182.3999938964844,0.2,0.010655588999999998,0.111111111,0.2,0.028944215,0
279.68093872070307,0.2,0.010655588999999998,0.111111111,0.0,0.012908656999999999,0
11.53042697906494,0.2,0.010655588999999998,0.111111111,0.2,0.02432275,0
177.05999755859375,0.2,0.010655588999999998,0.111111111,0.0,0.009481232700009208,0
28.739999771118164,0.2,0.010655588999999998,0.111111111,0.0,0.013833642,0
22.729999542236328,0.2,0.010655588999999998,0.111111111,0.2,0.014050843,1
12.899999618530273,0.2,0.010655588999999998,0.111111111,0.2,0.014403478999999999,0
24.29999923706055,0.2,0.010655588999999998,0.111111111,0.0,0.009902102,0
53.73143005371094,0.2,0.014387134,0.288888889,0.4,0.021052664,1
194.1499938964844,0.2,0.014387134,0.288888889,0.4,0.034611085,1
292.1945495605469,0.2,0.014387134,0.288888889,0.2,0.019863371,1
12.048137664794922,0.2,0.014387134,0.288888889,0.2,0.028172567000000003,1
182.2100067138672,0.2,0.014387134,0.288888889,0.2,0.014770843059644146,1
29.8700008392334,0.2,0.014387134,0.288888889,0.2,0.020269614,1
23.459999084472656,0.2,0.014387134,0.288888889,0.4,0.020063228,1
13.489999771118164,0.2,0.014387134,0.288888889,0.4,0.019847065,1
24.8700008392334,0.2,0.014387134,0.288888889,0.2,0.012714056000000001,1
53.31428527832031,0.2,0.012157573,0.333333333,0.4,0.019442186,0
188.38999938964844,0.2,0.012157573,0.333333333,0.4,0.032540173,0
289.58154296875,0.2,0.012157573,0.333333333,0.2,0.016965252,0
12.216167449951172,0.2,0.012157573,0.333333333,0.4,0.022887556,1
180.94000244140625,0.2,0.012157573,0.333333333,0.2,0.01210523485437754,0
29.739999771118164,0.2,0.012157573,0.333333333,0.2,0.016630253,0
23.57999992370605,0.2,0.012157573,0.333333333,0.6,0.015157878,1
13.81999969482422,0.2,0.012157573,0.333333333,0.4,0.022022591,1
24.84000015258789,0.2,0.012157573,0.333333333,0.2,0.01058378,0
54.599998474121094,0.4,0.021278689,0.488888889,0.4,0.020200397,1
192.2899932861328,0.4,0.021278689,0.488888889,0.4,0.033414995,1
297.75836181640625,0.4,0.021278689,0.488888889,0.4,0.022288961,1
12.69300651550293,0.4,0.021278689,0.488888889,0.6,0.029130588,1
188.0,0.4,0.021278689,0.488888889,0.4,0.0197215774274006,1
31.35000038146973,0.4,0.021278689,0.488888889,0.4,0.02678875,1
24.90999984741211,0.4,0.021278689,0.488888889,0.8,0.023638454,1
14.34000015258789,0.4,0.021278689,0.488888889,0.6,0.028952243,1
25.57999992370605,0.4,0.021278689,0.488888889,0.4,0.014861918,1
55.41857147216797,0.4,0.018830171,0.644444444,0.6,0.01814186,1
197.1300048828125,0.4,0.018830171,0.644444444,0.6,0.034965666,1
304.90191650390625,0.4,0.018830171,0.644444444,0.6,0.023676852999999998,1
12.815622329711914,0.4,0.018830171,0.644444444,0.8,0.024533522000000002,1
189.4499969482422,0.4,0.018830171,0.644444444,0.6,0.0175577673749918,1
31.670000076293945,0.4,0.018830171,0.644444444,0.6,0.023395801,1
24.920000076293945,0.4,0.018830171,0.644444444,1.0,0.019071593,1
14.239999771118164,0.4,0.018830171,0.644444444,0.6,0.026612817999999996,0
25.28000068664551,0.4,0.018830171,0.644444444,0.4,0.014625795,0
55.67142868041992,0.4,0.019875126,0.688888889,0.8,0.017190586,1
196.02999877929688,0.4,0.019875126,0.688888889,0.6,0.02910776,0
308.1756286621094,0.4,0.019875126,0.688888889,0.8,0.023329972999999997,1
12.570390701293945,0.4,0.019875126,0.688888889,0.8,0.025334995,0
189.66000366210938,0.4,0.019875126,0.688888889,0.8,0.016779188535796716,1
31.20000076293945,0.4,0.019875126,0.688888889,0.6,0.024570801,0
24.63999938964844,0.4,0.019875126,0.688888889,0.8,0.021054484,0
14.029999732971193,0.4,0.019875126,0.688888889,0.6,0.025909277999999997,0
25.21999931335449,0.4,0.019875126,0.688888889,0.4,0.013711032,0
56.144287109375,0.4,0.01665202,0.688888889,0.8,0.011985569,1
196.2400054931641,0.4,0.01665202,0.688888889,0.6,0.016438248,1
310.80352783203125,0.4,0.01665202,0.688888889,0.8,0.016086938000000002,1
12.770209312438965,0.4,0.01665202,0.688888889,0.8,0.019534285,1
190.83999633789062,0.4,0.01665202,0.688888889,0.8,0.012206265234286546,1
31.899999618530273,0.4,0.01665202,0.688888889,0.6,0.02119436,1
25.01000022888184,0.4,0.01665202,0.688888889,0.8,0.017634511999999998,1
14.34000015258789,0.4,0.01665202,0.688888889,0.6,0.021181097000000003,1
25.70000076293945,0.4,0.01665202,0.688888889,0.4,0.012826176000000002,1
55.849998474121094,0.4,0.015289758,0.688888889,0.8,0.011481196,0
191.9900054931641,0.4,0.015289758,0.688888889,0.6,0.014836128,0
309.8695983886719,0.4,0.015289758,0.688888889,0.8,0.014899377,0
12.797456741333008,0.4,0.015289758,0.688888889,0.8,0.017171712,1
192.94000244140625,0.4,0.015289758,0.688888889,1.0,0.013013067574730076,1
31.729999542236328,0.4,0.015289758,0.688888889,0.6,0.021389746,0
25.35000038146973,0.4,0.015289758,0.688888889,0.8,0.0193304,1
14.140000343322756,0.4,0.015289758,0.688888889,0.4,0.019077982,0
25.65999984741211,0.4,0.015289758,0.688888889,0.4,0.012896207,0
55.58428573608398,0.2,0.009656705,0.577777778,0.6,0.007609571999999999,0
195.32000732421875,0.2,0.009656705,0.577777778,0.6,0.014164719,1
309.6808166503906,0.2,0.009656705,0.577777778,0.6,0.009373889,0
12.901906967163086,0.2,0.009656705,0.577777778,0.8,0.010997383000000001,1
194.0500030517578,0.2,0.009656705,0.577777778,1.0,0.006359995937238431,1
31.540000915527344,0.2,0.009656705,0.577777778,0.4,0.011760169,0
25.65999984741211,0.2,0.009656705,0.577777778,0.8,0.01049541,1
13.989999771118164,0.2,0.009656705,0.577777778,0.2,0.013674299,0
25.60000038146973,0.2,0.009656705,0.577777778,0.2,0.007405726,0
55.808570861816406,0.2,0.014219201,0.444444444,0.6,0.005418145,1
190.47999572753903,0.2,0.014219201,0.444444444,0.4,0.014086625,0
306.0345458984375,0.2,0.014219201,0.444444444,0.4,0.006930523,0
12.561307907104492,0.2,0.014219201,0.444444444,0.6,0.014345186999999999,0
191.5800018310547,0.2,0.014219201,0.444444444,0.8,0.007363182845542155,0
30.739999771118164,0.2,0.014219201,0.444444444,0.2,0.014791634,0
24.709999084472656,0.2,0.014219201,0.444444444,0.6,0.017819646,0
13.960000038146973,0.2,0.014219201,0.444444444,0.2,0.012708467,0
25.399999618530273,0.2,0.014219201,0.444444444,0.2,0.006622655999999999,0
56.23143005371094,0.4,0.017996361000000002,0.577777778,0.6,0.006021001,1
193.02999877929688,0.4,0.017996361000000002,0.577777778,0.6,0.015648053999999998,1
311.68280029296875,0.4,0.017996361000000002,0.577777778,0.4,0.008474389,1
12.670299530029295,0.4,0.017996361000000002,0.577777778,0.8,0.012253468,1
194.55999755859366,0.4,0.017996361000000002,0.577777778,0.8,0.010252448803527357,1
31.690000534057607,0.4,0.017996361000000002,0.577777778,0.4,0.018004407,1
25.01000022888184,0.4,0.017996361000000002,0.577777778,0.8,0.018000625,1
13.979999542236328,0.4,0.017996361000000002,0.577777778,0.4,0.010045554,1
25.70000076293945,0.4,0.017996361000000002,0.577777778,0.4,0.008510175,1
55.97714233398438,0.2,0.020930534,0.37777777799999995,0.4,0.0052266859999999995,0
189.5200042724609,0.2,0.020930534,0.37777777799999995,0.4,0.019070529,0
310.67437744140625,0.2,0.020930534,0.37777777799999995,0.2,0.007416016,0
12.415985107421875,0.2,0.020930534,0.37777777799999995,0.6,0.013088613,0
192.17999267578125,0.2,0.020930534,0.37777777799999995,0.6,0.01145467569128986,0
31.31999969482422,0.2,0.020930534,0.37777777799999995,0.2,0.015852361000000002,0
24.0,0.2,0.020930534,0.37777777799999995,0.6,0.023074143,0
13.850000381469727,0.2,0.020930534,0.37777777799999995,0.2,0.0074862340000000005,0
25.51000022888184,0.2,0.020930534,0.37777777799999995,0.2,0.006182264,0
55.54428482055664,0.2,0.02489493,0.355555556,0.4,0.0057249069999999996,0
180.50999450683602,0.2,0.02489493,0.355555556,0.4,0.02424734,0
310.7935791015625,0.2,0.02489493,0.355555556,0.4,0.006891776,1
12.170753479003904,0.2,0.02489493,0.355555556,0.4,0.016612135,0
191.1499938964844,0.2,0.02489493,0.355555556,0.4,0.010325783293736587,0
30.82999992370605,0.2,0.02489493,0.355555556,0.2,0.01791552,0
23.559999465942386,0.2,0.02489493,0.355555556,0.4,0.024021900000000002,0
13.850000381469727,0.2,0.02489493,0.355555556,0.2,0.004696835999999999,0
25.76000022888184,0.2,0.02489493,0.355555556,0.4,0.007830988,1
54.31285858154297,0.2,0.022668717999999997,0.288888889,0.4,0.009207418,0
180.2100067138672,0.2,0.022668717999999997,0.288888889,0.2,0.021110785,0
307.03802490234375,0.2,0.022668717999999997,0.288888889,0.4,0.009186682,0
11.980018615722654,0.2,0.022668717999999997,0.288888889,0.2,0.018114091000000002,0
188.72000122070312,0.2,0.022668717999999997,0.288888889,0.2,0.011717664206850198,0
29.8700008392334,0.2,0.022668717999999997,0.288888889,0.2,0.022945617999999997,0
23.309999465942386,0.2,0.022668717999999997,0.288888889,0.2,0.023698386000000002,0
13.9399995803833,0.2,0.022668717999999997,0.288888889,0.4,0.003874815,1
25.59000015258789,0.2,0.022668717999999997,0.288888889,0.4,0.008683215,0
54.13428497314453,0.4,0.018542757,0.333333333,0.2,0.009057983,0
181.25999450683602,0.4,0.018542757,0.333333333,0.4,0.017320097,1
307.76824951171875,0.4,0.018542757,0.333333333,0.6,0.007307482,1
11.880108833312988,0.4,0.018542757,0.333333333,0.2,0.014502206,0
187.47999572753903,0.4,0.018542757,0.333333333,0.2,0.0104860493175157,0
29.03000068664551,0.4,0.018542757,0.333333333,0.2,0.023497061,0
23.309999465942386,0.4,0.018542757,0.333333333,0.2,0.016293858999999997,0
14.010000228881836,0.4,0.018542757,0.333333333,0.6,0.004450254,1
25.559999465942386,0.4,0.018542757,0.333333333,0.4,0.007355181,0
54.43142700195313,0.2,0.015047451000000002,0.24444444399999998,0.2,0.008640388,1
181.25999450683602,0.2,0.015047451000000002,0.24444444399999998,0.2,0.014642648000000001,0
310.95751953125,0.2,0.015047451000000002,0.24444444399999998,0.6,0.0056887430000000004,1
11.734786987304688,0.2,0.015047451000000002,0.24444444399999998,0.0,0.015213323999999999,0
183.57000732421875,0.2,0.015047451000000002,0.24444444399999998,0.0,0.011546181198928664,0
29.209999084472656,0.2,0.015047451000000002,0.24444444399999998,0.2,0.018556269,1
23.229999542236328,0.2,0.015047451000000002,0.24444444399999998,0.0,0.014552083,0
14.09000015258789,0.2,0.015047451000000002,0.24444444399999998,0.6,0.005305769,1
26.0,0.2,0.015047451000000002,0.24444444399999998,0.4,0.008435851,1
54.6014289855957,0.2,0.013292298000000001,0.26666666699999997,0.4,0.008360601,1
179.3300018310547,0.2,0.013292298000000001,0.26666666699999997,0.2,0.013135443,0
308.9058532714844,0.2,0.013292298000000001,0.26666666699999997,0.6,0.00636124,0
11.412352561950685,0.2,0.013292298000000001,0.26666666699999997,0.0,0.016694345,0
182.88999938964844,0.2,0.013292298000000001,0.26666666699999997,0.0,0.009840500508023788,0
28.61000061035156,0.2,0.013292298000000001,0.26666666699999997,0.2,0.020329313999999998,0
23.10000038146973,0.2,0.013292298000000001,0.26666666699999997,0.0,0.007594546999999999,0
13.979999542236328,0.2,0.013292298000000001,0.26666666699999997,0.6,0.005007381,0
25.53000068664551,0.2,0.013292298000000001,0.26666666699999997,0.4,0.010572627,0
56.56428527832031,0.4,0.015892421,0.42222222200000004,0.6,0.014003812,1
182.5200042724609,0.4,0.015892421,0.42222222200000004,0.4,0.007184891,1
313.1482849121094,0.4,0.015892421,0.42222222200000004,0.6,0.00903125,1
11.766575813293455,0.4,0.015892421,0.42222222200000004,0.2,0.018951806,1
187.2400054931641,0.4,0.015892421,0.42222222200000004,0.2,0.013525554412698444,1
29.170000076293945,0.4,0.015892421,0.42222222200000004,0.4,0.021115036,1
23.84000015258789,0.4,0.015892421,0.42222222200000004,0.2,0.010334801,1
14.09000015258789,0.4,0.015892421,0.42222222200000004,0.8,0.006581066,1
26.03000068664551,0.4,0.015892421,0.42222222200000004,0.4,0.012529572,1
56.63571548461914,0.4,0.014326849,0.42222222200000004,0.8,0.009822341,1
174.35000610351562,0.4,0.014326849,0.42222222200000004,0.4,0.015804954,0
310.8879699707031,0.4,0.014326849,0.42222222200000004,0.6,0.008058105,0
11.553133964538574,0.4,0.014326849,0.42222222200000004,0.2,0.019445426000000002,0
181.47000122070312,0.4,0.014326849,0.42222222200000004,0.2,0.01714627348088937,0
25.770000457763672,0.4,0.014326849,0.42222222200000004,0.4,0.038198961000000003,0
23.68000030517578,0.4,0.014326849,0.42222222200000004,0.2,0.00955484,0
13.579999923706055,0.4,0.014326849,0.42222222200000004,0.6,0.012520618999999998,0
25.76000022888184,0.4,0.014326849,0.42222222200000004,0.4,0.013284228,0
56.93571472167969,0.4,0.014060548,0.533333333,1.0,0.010224167,1
179.02999877929688,0.4,0.014060548,0.533333333,0.4,0.020008164,1
312.8154296875,0.4,0.014060548,0.533333333,0.6,0.008822418,1
11.743868827819824,0.4,0.014060548,0.533333333,0.4,0.021079357000000003,1
182.0399932861328,0.4,0.014060548,0.533333333,0.4,0.01646034577674414,1
25.690000534057607,0.4,0.014060548,0.533333333,0.4,0.033195464,0
24.020000457763672,0.4,0.014060548,0.533333333,0.4,0.012426463,1
13.710000038146973,0.4,0.014060548,0.533333333,0.6,0.013430886999999999,1
25.809999465942386,0.4,0.014060548,0.533333333,0.6,0.013437949,1
57.61857223510742,0.6,0.013550645,0.6,1.0,0.011525067,1
177.27999877929688,0.6,0.013550645,0.6,0.4,0.021963142999999997,0
314.5243225097656,0.6,0.013550645,0.6,0.6,0.007842493,1
11.752951622009276,0.6,0.013550645,0.6,0.6,0.018787566000000002,1
184.75,0.6,0.013550645,0.6,0.6,0.015266621565143154,1
26.059999465942386,0.6,0.013550645,0.6,0.4,0.034835868,1
24.399999618530273,0.6,0.013550645,0.6,0.6,0.014904086,1
13.890000343322756,0.6,0.013550645,0.6,0.6,0.014914672,1
26.03000068664551,0.6,0.013550645,0.6,0.6,0.01169984,1
58.07571411132813,0.6,0.010541051999999999,0.7111111109999999,1.0,0.012487207,1
176.27000427246094,0.6,0.010541051999999999,0.7111111109999999,0.4,0.020973047999999998,0
318.05633544921875,0.6,0.010541051999999999,0.7111111109999999,0.8,0.008768853,1
11.6485013961792,0.6,0.010541051999999999,0.7111111109999999,0.6,0.015069635,0
184.9499969482422,0.6,0.010541051999999999,0.7111111109999999,0.8,0.014742256645385587,1
25.6299991607666,0.6,0.010541051999999999,0.7111111109999999,0.4,0.034027776,0
24.559999465942386,0.6,0.010541051999999999,0.7111111109999999,0.8,0.015096325,1
13.899999618530273,0.6,0.010541051999999999,0.7111111109999999,0.8,0.01349725,1
26.040000915527344,0.6,0.010541051999999999,0.7111111109999999,0.8,0.008161297,1
57.52000045776367,0.4,0.006355692,0.5111111110000001,0.8,0.0072112009999999995,0
173.88999938964844,0.4,0.006355692,0.5111111110000001,0.2,0.020115767,0
317.78314208984375,0.4,0.006355692,0.5111111110000001,0.6,0.006193895,0
11.444141387939453,0.4,0.006355692,0.5111111110000001,0.4,0.012370696,0
183.9900054931641,0.4,0.006355692,0.5111111110000001,0.6,0.01102340140809197,0
25.51000022888184,0.4,0.006355692,0.5111111110000001,0.2,0.031049458999999998,0
24.229999542236328,0.4,0.006355692,0.5111111110000001,0.6,0.011376696,0
13.5,0.4,0.006355692,0.5111111110000001,0.6,0.017678955,0
25.81999969482422,0.4,0.006355692,0.5111111110000001,0.6,0.005934054,0
57.87428665161133,0.6,0.008663988000000001,0.644444444,0.8,0.00819051,1
173.86000061035156,0.6,0.008663988000000001,0.644444444,0.2,0.011197828,0
319.1243896484375,0.6,0.008663988000000001,0.644444444,0.8,0.005594415,1
11.63487720489502,0.6,0.008663988000000001,0.644444444,0.6,0.012076097,1
186.17999267578125,0.6,0.008663988000000001,0.644444444,0.8,0.007240734193935621,1
25.79999923706055,0.6,0.008663988000000001,0.644444444,0.4,0.01001145,1
24.54999923706055,0.6,0.008663988000000001,0.644444444,0.8,0.012675767,1
13.34000015258789,0.6,0.008663988000000001,0.644444444,0.6,0.012810143000000001,0
26.020000457763672,0.6,0.008663988000000001,0.644444444,0.8,0.005408714,1
57.85714340209961,0.4,0.008325312,0.5111111110000001,0.6,0.007190353000000001,0
173.10000610351562,0.4,0.008325312,0.5111111110000001,0.0,0.006703586,0
320.86309814453125,0.4,0.008325312,0.5111111110000001,0.8,0.005444119,1
11.698455810546875,0.4,0.008325312,0.5111111110000001,0.6,0.009867121,1
183.8800048828125,0.4,0.008325312,0.5111111110000001,0.6,0.009083254171415592,0
25.649999618530273,0.4,0.008325312,0.5111111110000001,0.4,0.010553362,0
24.25,0.4,0.008325312,0.5111111110000001,0.6,0.01224813,0
13.149999618530273,0.4,0.008325312,0.5111111110000001,0.4,0.013744145,0
25.959999084472656,0.4,0.008325312,0.5111111110000001,0.6,0.005481716,0
58.74714279174805,0.4,0.01069275,0.533333333,0.6,0.007868198,1
179.02999877929688,0.4,0.01069275,0.533333333,0.2,0.011600128000000001,1
330.5550537109375,0.4,0.01069275,0.533333333,0.8,0.010392709,1
12.089010238647461,0.4,0.01069275,0.533333333,0.6,0.016389465,1
186.3000030517578,0.4,0.01069275,0.533333333,0.6,0.008738028415455667,1
25.86000061035156,0.4,0.01069275,0.533333333,0.4,0.009310305999999999,1
24.540000915527344,0.4,0.01069275,0.533333333,0.6,0.011475866999999999,1
13.449999809265135,0.4,0.01069275,0.533333333,0.4,0.015681061,1
26.770000457763672,0.4,0.01069275,0.533333333,0.6,0.010017321,1
59.06285858154297,0.4,0.012931057,0.533333333,0.6,0.0073562409999999995,1
177.50999450683594,0.4,0.012931057,0.533333333,0.2,0.012158738,0
331.98077392578125,0.4,0.012931057,0.533333333,0.8,0.009009391,1
12.079927444458008,0.4,0.012931057,0.533333333,0.6,0.014762301,0
185.5399932861328,0.4,0.012931057,0.533333333,0.4,0.009337421745965729,0
26.01000022888184,0.4,0.012931057,0.533333333,0.6,0.007170317,1
25.11000061035156,0.4,0.012931057,0.533333333,0.6,0.014809866999999999,1
13.470000267028807,0.4,0.012931057,0.533333333,0.4,0.015834487,1
27.399999618530273,0.4,0.012931057,0.533333333,0.6,0.01464724,1
59.71857070922852,0.6,0.010495141000000001,0.666666667,0.8,0.007662871999999999,1
177.61000061035156,0.6,0.010495141000000001,0.666666667,0.4,0.009571007,1
327.375732421875,0.6,0.010495141000000001,0.666666667,0.8,0.011611884,0
12.03451442718506,0.6,0.010495141000000001,0.666666667,0.6,0.012005399,0
184.66000366210938,0.6,0.010495141000000001,0.666666667,0.4,0.009247883924305221,0
26.59000015258789,0.6,0.010495141000000001,0.666666667,0.8,0.010693745,1
25.399999618530273,0.6,0.010495141000000001,0.666666667,0.8,0.014432399999999998,1
13.859999656677244,0.6,0.010495141000000001,0.666666667,0.6,0.015869734,1
27.68000030517578,0.6,0.010495141000000001,0.666666667,0.8,0.015001323,1
60.342857360839844,0.4,0.009561015,0.622222222,0.8,0.008521763,1
182.6100006103516,0.4,0.009561015,0.622222222,0.6,0.015166816999999999,1
322.9097900390625,0.4,0.009561015,0.622222222,0.6,0.013496085,0
11.989100456237793,0.4,0.009561015,0.622222222,0.4,0.009426792,0
182.5399932861328,0.4,0.009561015,0.622222222,0.2,0.009163456732355534,0
26.93000030517578,0.4,0.009561015,0.622222222,0.8,0.010977488,1
25.25,0.4,0.009561015,0.622222222,0.6,0.012972148000000001,0
14.359999656677244,0.4,0.009561015,0.622222222,0.8,0.020714373,1
28.11000061035156,0.4,0.009561015,0.622222222,0.8,0.016559069,1
60.24714279174805,0.4,0.009405271,0.666666667,0.8,0.008779756,0
178.55999755859375,0.4,0.009405271,0.666666667,0.6,0.018728243000000002,0
309.2188415527344,0.4,0.009405271,0.666666667,0.4,0.020886146,0
12.0072660446167,0.4,0.009405271,0.666666667,0.4,0.00863693,1
181.58999633789062,0.4,0.009405271,0.666666667,0.2,0.007733606944749659,0
27.03000068664551,0.4,0.009405271,0.666666667,1.0,0.01055737,1
25.46999931335449,0.4,0.009405271,0.666666667,0.8,0.012270731000000002,1
15.25,0.4,0.009405271,0.666666667,1.0,0.030261338,1
27.739999771118164,0.4,0.009405271,0.666666667,0.8,0.018730396,0
60.46285629272461,0.4,0.012638367,0.6,0.8,0.00641931,1
179.33999633789062,0.4,0.012638367,0.6,0.6,0.012750375,1
309.556640625,0.4,0.012638367,0.6,0.4,0.015063453999999999,1
12.12079906463623,0.4,0.012638367,0.6,0.4,0.0038509770000000002,1
181.30999755859366,0.4,0.012638367,0.6,0.0,0.005409843290607131,0
26.96999931335449,0.4,0.012638367,0.6,0.8,0.009363896,0
25.59000015258789,0.4,0.012638367,0.6,0.8,0.010821263000000001,1
15.140000343322756,0.4,0.012638367,0.6,0.8,0.027141215,0
27.84000015258789,0.4,0.012638367,0.6,0.8,0.013210999,1
60.36428451538086,0.4,0.010867545,0.533333333,0.6,0.005670538,0
178.89999389648438,0.4,0.010867545,0.533333333,0.6,0.011543021,0
310.95751953125,0.4,0.010867545,0.533333333,0.4,0.015105918999999999,1
12.098093032836914,0.4,0.010867545,0.533333333,0.4,0.0040753740000000005,0
182.32000732421875,0.4,0.010867545,0.533333333,0.2,0.005708069203873506,1
26.88999938964844,0.4,0.010867545,0.533333333,0.6,0.008797058,0
25.79999923706055,0.4,0.010867545,0.533333333,0.8,0.007817048,1
14.899999618530273,0.4,0.010867545,0.533333333,0.6,0.03001423,0
27.71999931335449,0.4,0.010867545,0.533333333,0.6,0.009366319,0
60.19857025146485,0.2,0.011261178,0.488888889,0.4,0.003999198,0
175.92999267578125,0.2,0.011261178,0.488888889,0.4,0.014750636999999999,0
312.78564453125,0.2,0.011261178,0.488888889,0.6,0.01350744,1
12.238873481750488,0.2,0.011261178,0.488888889,0.6,0.0056508140000000005,1
180.5500030517578,0.2,0.011261178,0.488888889,0.2,0.006701143517690472,0
27.170000076293945,0.2,0.011261178,0.488888889,0.6,0.006419799,1
25.75,0.2,0.011261178,0.488888889,0.6,0.00589481,0
14.899999618530273,0.2,0.011261178,0.488888889,0.4,0.024223592999999998,0
28.0,0.2,0.011261178,0.488888889,0.6,0.009342725,1
59.97285842895508,0.2,0.010677862,0.46666666700000003,0.2,0.0026583270000000003,0
178.4199981689453,0.2,0.010677862,0.46666666700000003,0.4,0.011951001000000001,1
310.47564697265625,0.2,0.010677862,0.46666666700000003,0.6,0.012256161000000002,0
12.029973030090332,0.2,0.010677862,0.46666666700000003,0.6,0.008309806,0
179.16000366210938,0.2,0.010677862,0.46666666700000003,0.2,0.005944759534482611,0
27.34000015258789,0.2,0.010677862,0.46666666700000003,0.6,0.005113826,1
25.13999938964844,0.2,0.010677862,0.46666666700000003,0.6,0.009451579,0
15.279999732971193,0.2,0.010677862,0.46666666700000003,0.4,0.022109259,1
28.25,0.2,0.010677862,0.46666666700000003,0.6,0.008021501,1
60.67142868041992,0.2,0.012117248,0.5111111110000001,0.4,0.0046707120000000005,1
181.66000366210938,0.2,0.012117248,0.5111111110000001,0.6,0.011147201,1
312.2590637207031,0.2,0.012117248,0.5111111110000001,0.8,0.004925253,1
12.016348838806152,0.2,0.012117248,0.5111111110000001,0.4,0.008233275,0
180.0,0.2,0.012117248,0.5111111110000001,0.4,0.005841600287704617,1
27.65999984741211,0.2,0.012117248,0.5111111110000001,0.6,0.006712047,1
25.040000915527344,0.2,0.012117248,0.5111111110000001,0.4,0.008504543,0
15.149999618530273,0.2,0.012117248,0.5111111110000001,0.2,0.011415281999999999,0
28.26000022888184,0.2,0.012117248,0.5111111110000001,0.8,0.005459778,1
61.301429748535156,0.2,0.007332911,0.5555555560000001,0.4,0.006031381,1
189.44000244140625,0.2,0.007332911,0.5555555560000001,0.6,0.018838997,1
314.4100646972656,0.2,0.007332911,0.5555555560000001,0.8,0.006084471,1
12.26158046722412,0.2,0.007332911,0.5555555560000001,0.4,0.010423836,1
181.07000732421875,0.2,0.007332911,0.5555555560000001,0.6,0.006722111627138582,1
28.34000015258789,0.2,0.007332911,0.5555555560000001,0.8,0.011184936000000001,1
25.38999938964844,0.2,0.007332911,0.5555555560000001,0.4,0.010357766,1
15.220000267028807,0.2,0.007332911,0.5555555560000001,0.4,0.010896765,1
28.229999542236328,0.2,0.007332911,0.5555555560000001,0.6,0.004951113,0
61.10714340209961,0.4,0.009284947,0.622222222,0.4,0.006339195,0
194.4499969482422,0.4,0.009284947,0.622222222,0.8,0.023637573999999998,1
317.7185363769531,0.4,0.009284947,0.622222222,0.8,0.007283942,1
12.329700469970705,0.4,0.009284947,0.622222222,0.6,0.011160287,1
180.5200042724609,0.4,0.009284947,0.622222222,0.4,0.006215490099517404,0
28.559999465942386,0.4,0.009284947,0.622222222,1.0,0.012144255,1
25.6299991607666,0.4,0.009284947,0.622222222,0.4,0.010607014,1
16.229999542236328,0.4,0.009284947,0.622222222,0.6,0.020998347,1
28.1200008392334,0.4,0.009284947,0.622222222,0.6,0.004868342,0
60.0428581237793,0.6,0.010157479,0.644444444,0.4,0.00927349,0
190.92999267578125,0.6,0.010157479,0.644444444,0.8,0.023937754,0
291.1016540527344,0.6,0.010157479,0.644444444,0.6,0.022863146,0
12.774749755859375,0.6,0.010157479,0.644444444,0.6,0.016052112,1
188.5200042724609,0.6,0.010157479,0.644444444,0.6,0.013137128056994504,1
28.709999084472656,0.6,0.010157479,0.644444444,1.0,0.011112108999999998,1
26.3799991607666,0.6,0.010157479,0.644444444,0.6,0.01607194,1
15.140000343322756,0.6,0.010157479,0.644444444,0.6,0.034430253,0
29.709999084472656,0.6,0.010157479,0.644444444,0.6,0.014156799,1
61.058570861816406,0.8,0.00982254,0.688888889,0.6,0.011906891000000001,1
186.08999633789062,0.8,0.00982254,0.688888889,0.6,0.026176994,0
290.8681945800781,0.8,0.00982254,0.688888889,0.6,0.021546495,0
13.02452278137207,0.8,0.00982254,0.688888889,0.8,0.016548808999999998,1
189.97999572753903,0.8,0.00982254,0.688888889,0.8,0.013146287252195792,1
28.38999938964844,0.8,0.00982254,0.688888889,0.8,0.012089915,0
26.709999084472656,0.8,0.00982254,0.688888889,0.8,0.013835966000000002,1
15.25,0.8,0.00982254,0.688888889,0.6,0.03078268,1
29.729999542236328,0.8,0.00982254,0.688888889,0.6,0.012505723,1
60.058570861816406,1.0,0.009135583000000001,0.644444444,0.4,0.012852813000000001,0
187.0,1.0,0.009135583000000001,0.644444444,0.6,0.023523132999999998,1
288.5880126953125,1.0,0.009135583000000001,0.644444444,0.4,0.021965511,0
12.951862335205078,1.0,0.009135583000000001,0.644444444,0.8,0.017438053999999998,0
191.92999267578125,1.0,0.009135583000000001,0.644444444,0.8,0.014261426550964426,1
28.51000022888184,1.0,0.009135583000000001,0.644444444,0.8,0.010594399,1
26.899999618530273,1.0,0.009135583000000001,0.644444444,1.0,0.014463125,1
15.199999809265135,1.0,0.009135583000000001,0.644444444,0.6,0.029736848,0
29.34000015258789,1.0,0.009135583000000001,0.644444444,0.4,0.015058533,0
63.808570861816406,1.0,0.008885477,0.5555555560000001,0.4,0.023263858999999998,1
187.8000030517578,1.0,0.008885477,0.5555555560000001,0.6,0.015813301000000002,1
282.90496826171875,1.0,0.008885477,0.5555555560000001,0.2,0.024526326,0
12.861035346984865,1.0,0.008885477,0.5555555560000001,0.6,0.014758951999999999,0
191.72999572753903,1.0,0.008885477,0.5555555560000001,0.6,0.01328093566783033,0
28.51000022888184,1.0,0.008885477,0.5555555560000001,0.6,0.0056775490000000005,0
26.899999618530273,1.0,0.008885477,0.5555555560000001,0.8,0.01166761,0
15.350000381469727,1.0,0.008885477,0.5555555560000001,0.6,0.030786439,1
29.559999465942386,1.0,0.008885477,0.5555555560000001,0.6,0.016345869,1
63.51856994628906,0.8,0.0065204569999999995,0.46666666700000003,0.4,0.023538958999999998,0
193.32000732421875,0.8,0.0065204569999999995,0.46666666700000003,0.6,0.016402632,1
282.2144775390625,0.8,0.0065204569999999995,0.46666666700000003,0.0,0.022909911,0
12.711172103881836,0.8,0.0065204569999999995,0.46666666700000003,0.4,0.01597834,0
190.97999572753903,0.8,0.0065204569999999995,0.46666666700000003,0.6,0.013455782657041514,0
28.290000915527344,0.8,0.0065204569999999995,0.46666666700000003,0.4,0.005668291,0
26.75,0.8,0.0065204569999999995,0.46666666700000003,0.6,0.010892343,0
15.609999656677244,0.8,0.0065204569999999995,0.46666666700000003,0.6,0.020902051,1
29.5,0.8,0.0065204569999999995,0.46666666700000003,0.6,0.015972515,0
63.89714431762695,0.8,0.006168229,0.444444444,0.6,0.021247629,1
195.3699951171875,0.8,0.006168229,0.444444444,0.8,0.014902983,1
288.1160888671875,0.8,0.006168229,0.444444444,0.2,0.010337262,1
12.661216735839846,0.8,0.006168229,0.444444444,0.2,0.009545205,0
190.4600067138672,0.8,0.006168229,0.444444444,0.4,0.005137047166870082,0
28.420000076293945,0.8,0.006168229,0.444444444,0.4,0.00553692,1
26.729999542236328,0.8,0.006168229,0.444444444,0.4,0.005189362,0
15.220000267028807,0.8,0.006168229,0.444444444,0.6,0.012466933999999999,0
29.229999542236328,0.8,0.006168229,0.444444444,0.4,0.006494363,0
64.71571350097656,0.6,0.010530857,0.42222222200000004,0.6,0.020426483,1
192.1499938964844,0.6,0.010530857,0.42222222200000004,0.8,0.013129376000000002,0
286.9784851074219,0.6,0.010530857,0.42222222200000004,0.2,0.010966548999999999,0
12.661216735839846,0.6,0.010530857,0.42222222200000004,0.0,0.005634788000000001,0
192.5,0.6,0.010530857,0.42222222200000004,0.4,0.00573032394930296,1
28.60000038146973,0.6,0.010530857,0.42222222200000004,0.6,0.00457445,1
26.739999771118164,0.6,0.010530857,0.42222222200000004,0.4,0.0027622909999999996,1
15.210000038146973,0.6,0.010530857,0.42222222200000004,0.4,0.011145243,0
29.61000061035156,0.6,0.010530857,0.42222222200000004,0.4,0.008959801,1
65.21142578125,0.4,0.013228526,0.46666666700000003,0.8,0.018682908,1
194.44000244140625,0.4,0.013228526,0.46666666700000003,0.8,0.014534915,1
288.1806640625,0.4,0.013228526,0.46666666700000003,0.4,0.010236522,1
12.70663070678711,0.4,0.013228526,0.46666666700000003,0.2,0.005236411,1
192.6000061035156,0.4,0.013228526,0.46666666700000003,0.4,0.0037813818928867397,1
28.209999084472656,0.4,0.013228526,0.46666666700000003,0.4,0.006456356999999999,0
26.420000076293945,0.4,0.013228526,0.46666666700000003,0.2,0.003733015,0
15.90999984741211,0.4,0.013228526,0.46666666700000003,0.6,0.019693971,1
29.53000068664551,0.4,0.013228526,0.46666666700000003,0.4,0.00687655,0
65.16999816894531,0.4,0.011438688999999998,0.533333333,0.6,0.006322155,0
179.4600067138672,0.4,0.011438688999999998,0.533333333,0.6,0.029087644,0
288.538330078125,0.4,0.011438688999999998,0.533333333,0.6,0.006546228,1
13.060853958129885,0.4,0.011438688999999998,0.533333333,0.4,0.009409286999999999,1
192.6199951171875,0.4,0.011438688999999998,0.533333333,0.6,0.003593732771996319,1
28.8799991607666,0.4,0.011438688999999998,0.533333333,0.6,0.011206447,1
26.54999923706055,0.4,0.011438688999999998,0.533333333,0.4,0.0047171109999999995,1
16.010000228881836,0.4,0.011438688999999998,0.533333333,0.6,0.018977355,1
29.88999938964844,0.4,0.011438688999999998,0.533333333,0.4,0.007815085,1
65.01714324951172,0.4,0.011786327,0.5555555560000001,0.6,0.005882279,0
181.72000122070312,0.4,0.011786327,0.5555555560000001,0.6,0.025727706,1
290.6645202636719,0.4,0.011786327,0.5555555560000001,0.8,0.007531851,1
12.942779541015625,0.4,0.011786327,0.5555555560000001,0.4,0.008886851999999999,0
191.52999877929688,0.4,0.011786327,0.5555555560000001,0.6,0.003943140819374911,0
28.809999465942386,0.4,0.011786327,0.5555555560000001,0.6,0.010147896,0
26.489999771118164,0.4,0.011786327,0.5555555560000001,0.4,0.004053846,0
15.960000038146973,0.4,0.011786327,0.5555555560000001,0.4,0.016214354,0
29.95000076293945,0.4,0.011786327,0.5555555560000001,0.6,0.007810615999999999,1
65.66857147216797,0.4,0.013872681000000001,0.666666667,0.6,0.006694134,1
187.67999267578125,0.4,0.013872681000000001,0.666666667,0.6,0.030166416,1
296.2382507324219,0.4,0.013872681000000001,0.666666667,0.8,0.007184655999999999,1
13.201634407043455,0.4,0.013872681000000001,0.666666667,0.6,0.012100834,1
193.63999938964844,0.4,0.013872681000000001,0.666666667,0.8,0.005601903510432572,1
29.11000061035156,0.4,0.013872681000000001,0.666666667,0.6,0.011311467,1
26.739999771118164,0.4,0.013872681000000001,0.666666667,0.6,0.005791815,1
16.100000381469727,0.4,0.013872681000000001,0.666666667,0.6,0.012971955,1
30.239999771118164,0.4,0.013872681000000001,0.666666667,0.8,0.007916658,1
66.28142547607422,0.6,0.010796693000000001,0.6,0.6,0.005998493000000001,1
183.13999938964844,0.6,0.010796693000000001,0.6,0.6,0.03170812,0
302.5770263671875,0.6,0.010796693000000001,0.6,1.0,0.010674484,1
13.060853958129885,0.6,0.010796693000000001,0.6,0.6,0.014233606999999999,0
192.82000732421875,0.6,0.010796693000000001,0.6,0.6,0.0043066528100937865,0
29.0,0.6,0.010796693000000001,0.6,0.4,0.01080051,0
26.71999931335449,0.6,0.010796693000000001,0.6,0.4,0.005866583000000001,0
16.09000015258789,0.6,0.010796693000000001,0.6,0.6,0.012964773,0
30.20000076293945,0.6,0.010796693000000001,0.6,0.6,0.005581126,0
66.97571563720703,0.8,0.00928927,0.577777778,0.6,0.006561501,1
184.19000244140625,0.8,0.00928927,0.577777778,0.6,0.030471223,1
301.4245300292969,0.8,0.00928927,0.577777778,0.8,0.010598453,0
13.147138595581055,0.8,0.00928927,0.577777778,0.6,0.014837507,1
193.3500061035156,0.8,0.00928927,0.577777778,0.6,0.004752484582458734,1
28.95000076293945,0.8,0.00928927,0.577777778,0.4,0.00841805,0
26.63999938964844,0.8,0.00928927,0.577777778,0.4,0.004071969,0
16.0,0.8,0.00928927,0.577777778,0.4,0.004879014,0
30.35000038146973,0.8,0.00928927,0.577777778,0.8,0.006034144,1
68.09714508056639,0.8,0.01341082,0.577777778,0.8,0.009783209000000001,1
185.47999572753903,0.8,0.01341082,0.577777778,0.8,0.016463596,1
302.9545593261719,0.8,0.01341082,0.577777778,0.8,0.011365428,1
13.37874698638916,0.8,0.01341082,0.577777778,0.6,0.012785426,1
192.9499969482422,0.8,0.01341082,0.577777778,0.4,0.00514549445137208,0
28.729999542236328,0.8,0.01341082,0.577777778,0.2,0.0051878309999999995,0
26.85000038146973,0.8,0.01341082,0.577777778,0.4,0.004664456,1
16.120000839233402,0.8,0.01341082,0.577777778,0.4,0.005121948,1
30.65999984741211,0.8,0.01341082,0.577777778,0.8,0.005638784,1
70.4528579711914,0.8,0.015266551000000001,0.666666667,1.0,0.016232796,1
184.97999572753903,0.8,0.015266551000000001,0.666666667,0.6,0.014484077,0
303.7543640136719,0.8,0.015266551000000001,0.666666667,0.8,0.010419665,1
13.219799995422365,0.8,0.015266551000000001,0.666666667,0.6,0.013353472,0
193.1300048828125,0.8,0.015266551000000001,0.666666667,0.6,0.0042003212674302185,1
28.88999938964844,0.8,0.015266551000000001,0.666666667,0.4,0.005816885999999999,1
26.86000061035156,0.8,0.015266551000000001,0.666666667,0.6,0.004286972,1
16.940000534057614,0.8,0.015266551000000001,0.666666667,0.6,0.014671028999999999,1
30.770000457763672,0.8,0.015266551000000001,0.666666667,0.8,0.005954854,1
70.48857116699219,0.8,0.012868693,0.533333333,1.0,0.014330312,1
185.5399932861328,0.8,0.012868693,0.533333333,0.6,0.008530012,1
300.997314453125,0.8,0.012868693,0.533333333,0.6,0.008399816,0
13.033605575561525,0.8,0.012868693,0.533333333,0.4,0.012170386000000002,0
192.4199981689453,0.8,0.012868693,0.533333333,0.4,0.0027322734089045547,0
28.5,0.8,0.012868693,0.533333333,0.2,0.00643416,0
26.70000076293945,0.8,0.012868693,0.533333333,0.4,0.0035908290000000002,0
17.239999771118164,0.8,0.012868693,0.533333333,0.6,0.016458543,1
30.5,0.8,0.012868693,0.533333333,0.6,0.005773259,0
71.80000305175781,0.8,0.013404177,0.644444444,1.0,0.016184783,1
191.58999633789062,0.8,0.013404177,0.644444444,0.8,0.010213505999999999,1
304.1219787597656,0.8,0.013404177,0.644444444,0.6,0.0061965119999999995,1
13.056312561035154,0.8,0.013404177,0.644444444,0.6,0.01038605,1
192.6199951171875,0.8,0.013404177,0.644444444,0.6,0.002093224578339942,1
28.43000030517578,0.8,0.013404177,0.644444444,0.2,0.006169628000000001,0
26.70000076293945,0.8,0.013404177,0.644444444,0.4,0.003441237,0
17.649999618530273,0.8,0.013404177,0.644444444,0.8,0.021090695,1
30.57999992370605,0.8,0.013404177,0.644444444,0.8,0.006033305,1
72.77999877929688,0.6,0.010642833,0.6,1.0,0.0168196,1
191.3000030517578,0.6,0.010642833,0.6,0.6,0.009369561,0
302.90985107421875,0.6,0.010642833,0.6,0.6,0.0062318569999999995,0
13.206175804138185,0.6,0.010642833,0.6,0.6,0.011360423,1
192.22000122070312,0.6,0.010642833,0.6,0.4,0.0019588095452972693,0
28.239999771118164,0.6,0.010642833,0.6,0.2,0.007161425,0
26.78000068664551,0.6,0.010642833,0.6,0.6,0.003441685,1
17.069999694824222,0.6,0.010642833,0.6,0.8,0.026544223,0
30.25,0.6,0.010642833,0.6,0.6,0.007198203,0
71.09571075439453,0.4,0.007578606,0.5111111110000001,0.8,0.018099272,0
184.47000122070312,0.4,0.007578606,0.5111111110000001,0.4,0.01510946,0
300.82342529296875,0.4,0.007578606,0.5111111110000001,0.4,0.006594246999999999,0
13.22434139251709,0.4,0.007578606,0.5111111110000001,0.6,0.008112203,1
192.25,0.4,0.007578606,0.5111111110000001,0.6,0.0015762556168806446,1
27.979999542236328,0.4,0.007578606,0.5111111110000001,0.2,0.0074829169999999995,0
26.57999992370605,0.4,0.007578606,0.5111111110000001,0.4,0.0033587590000000002,0
17.479999542236328,0.4,0.007578606,0.5111111110000001,0.8,0.02984796,1
30.04999923706055,0.4,0.007578606,0.5111111110000001,0.4,0.006477691999999999,0
71.7442855834961,0.6,0.00895527,0.533333333,0.8,0.013005101000000002,1
179.92999267578125,0.6,0.00895527,0.533333333,0.4,0.019492537,0
301.3003234863281,0.6,0.00895527,0.533333333,0.4,0.006383306,1
13.574023246765135,0.6,0.00895527,0.533333333,0.8,0.011024549,1
193.0200042724609,0.6,0.00895527,0.533333333,0.6,0.002190715312856065,1
28.95000076293945,0.6,0.00895527,0.533333333,0.2,0.013302632,1
26.82999992370605,0.6,0.00895527,0.533333333,0.4,0.005165383,1
17.950000762939453,0.6,0.00895527,0.533333333,0.8,0.025051856,1
31.290000915527344,0.6,0.00895527,0.533333333,0.4,0.014013063999999999,1
71.73143005371094,0.6,0.008476501,0.5555555560000001,0.6,0.012939556000000001,0
182.5,0.6,0.008476501,0.5555555560000001,0.4,0.021743743,1
300.36639404296875,0.6,0.008476501,0.5555555560000001,0.4,0.005187923,0
13.437784194946287,0.6,0.008476501,0.5555555560000001,0.8,0.010214997,0
193.4199981689453,0.6,0.008476501,0.5555555560000001,0.8,0.0018699108224952453,1
28.790000915527344,0.6,0.008476501,0.5555555560000001,0.2,0.011708093000000001,0
27.3700008392334,0.6,0.008476501,0.5555555560000001,0.6,0.007999373,1
18.11000061035156,0.6,0.008476501,0.5555555560000001,0.8,0.02329268,1
31.25,0.6,0.008476501,0.5555555560000001,0.4,0.012513783,0
73.55000305175781,0.4,0.007273838,0.488888889,0.6,0.014289083999999999,1
182.25999450683602,0.4,0.007273838,0.488888889,0.2,0.015485255,0
305.01617431640625,0.4,0.007273838,0.488888889,0.4,0.0062077880000000005,1
13.328791618347168,0.4,0.007273838,0.488888889,0.6,0.01148874,0
193.38999938964844,0.4,0.007273838,0.488888889,0.6,0.0016930547086404404,0
28.739999771118164,0.4,0.007273838,0.488888889,0.2,0.011564218000000001,0
27.15999984741211,0.4,0.007273838,0.488888889,0.6,0.009533907,0
18.450000762939453,0.4,0.007273838,0.488888889,0.8,0.022291134,1
31.440000534057607,0.4,0.007273838,0.488888889,0.4,0.013205197,1
73.29142761230469,0.4,0.010130989,0.444444444,0.4,0.012262418999999998,0
180.5800018310547,0.4,0.010130989,0.444444444,0.2,0.017026044,0
302.0057373046875,0.4,0.010130989,0.444444444,0.4,0.007384608000000001,0
13.142597198486328,0.4,0.010130989,0.444444444,0.4,0.011986964,0
193.8699951171875,0.4,0.010130989,0.444444444,0.8,0.0017741373329431488,1
28.54999923706055,0.4,0.010130989,0.444444444,0.2,0.011549801,0
26.729999542236328,0.4,0.010130989,0.444444444,0.4,0.01210108,0
18.280000686645508,0.4,0.010130989,0.444444444,0.8,0.017561716,0
31.270000457763672,0.4,0.010130989,0.444444444,0.4,0.01212835,0
73.7699966430664,0.6,0.009298006999999999,0.46666666700000003,0.6,0.008939917,1
178.88999938964844,0.6,0.009298006999999999,0.46666666700000003,0.2,0.011757175,0
301.0966491699219,0.6,0.009298006999999999,0.46666666700000003,0.4,0.006609053,0
12.284287452697756,0.6,0.009298006999999999,0.46666666700000003,0.2,0.02477335,0
197.6100006103516,0.6,0.009298006999999999,0.46666666700000003,0.8,0.0056011856656461535,1
28.809999465942386,0.6,0.009298006999999999,0.46666666700000003,0.4,0.011529807,1
26.65999984741211,0.6,0.009298006999999999,0.46666666700000003,0.4,0.011131176999999999,0
17.829999923706055,0.6,0.009298006999999999,0.46666666700000003,0.6,0.017681391,0
31.3700008392334,0.6,0.009298006999999999,0.46666666700000003,0.6,0.011445624,1
74.62999725341797,0.6,0.008452381,0.444444444,0.6,0.009446978,1
179.1300048828125,0.6,0.008452381,0.444444444,0.4,0.007103283,1
302.9794006347656,0.6,0.008452381,0.444444444,0.4,0.007542587,1
12.098093032836914,0.6,0.008452381,0.444444444,0.0,0.022516316,0
197.75999450683602,0.6,0.008452381,0.444444444,0.8,0.0049519489105004704,1
29.25,0.6,0.008452381,0.444444444,0.4,0.0076507730000000005,1
26.70000076293945,0.6,0.008452381,0.444444444,0.4,0.009550145,1
17.739999771118164,0.6,0.008452381,0.444444444,0.4,0.013313338000000001,0
31.479999542236328,0.6,0.008452381,0.444444444,0.6,0.0038939990000000004,1
75.10857391357422,0.6,0.008753134000000001,0.42222222200000004,0.8,0.010693673,1
178.52999877929688,0.6,0.008753134000000001,0.42222222200000004,0.2,0.00491652,0
302.6863098144531,0.6,0.008753134000000001,0.42222222200000004,0.4,0.007116127,0
11.920980453491213,0.6,0.008753134000000001,0.42222222200000004,0.0,0.023436908,0
197.52999877929688,0.6,0.008753134000000001,0.42222222200000004,0.6,0.004770091285207475,0
29.26000022888184,0.6,0.008753134000000001,0.42222222200000004,0.6,0.006613798000000001,1
26.88999938964844,0.6,0.008753134000000001,0.42222222200000004,0.4,0.006948004,1
17.569999694824222,0.6,0.008753134000000001,0.42222222200000004,0.2,0.013447184,0
31.35000038146973,0.6,0.008753134000000001,0.42222222200000004,0.6,0.004464237,0
76.48714447021484,0.6,0.008381049,0.488888889,0.8,0.009294041,1
183.8000030517578,0.6,0.008381049,0.488888889,0.4,0.010557275,1
307.1969909667969,0.6,0.008381049,0.488888889,0.4,0.007000487,1
11.88919162750244,0.6,0.008381049,0.488888889,0.0,0.022348053,0
197.97999572753903,0.6,0.008381049,0.488888889,0.8,0.005194695876427046,1
29.38999938964844,0.6,0.008381049,0.488888889,0.8,0.007155026,1
27.239999771118164,0.6,0.008381049,0.488888889,0.6,0.008016671,1
17.540000915527347,0.6,0.008381049,0.488888889,0.0,0.010033828,0
31.8700008392334,0.6,0.008381049,0.488888889,0.6,0.00656562,1
77.4914321899414,0.6,0.007701886,0.5111111110000001,1.0,0.011216943,1
179.69000244140625,0.6,0.007701886,0.5111111110000001,0.4,0.013186016000000002,0
307.12744140625,0.6,0.007701886,0.5111111110000001,0.4,0.005071815,0
11.494095802307127,0.6,0.007701886,0.5111111110000001,0.0,0.026200487999999997,0
196.72999572753903,0.6,0.007701886,0.5111111110000001,0.6,0.005961047908358136,0
29.25,0.6,0.007701886,0.5111111110000001,0.8,0.006785524,0
26.8799991607666,0.6,0.007701886,0.5111111110000001,0.6,0.007493424,0
17.569999694824222,0.6,0.007701886,0.5111111110000001,0.2,0.00853307,1
31.739999771118164,0.6,0.007701886,0.5111111110000001,0.6,0.006300015999999999,0
77.78142547607422,0.4,0.007624564,0.5555555560000001,1.0,0.010659461,1
180.0399932861328,0.4,0.007624564,0.5555555560000001,0.6,0.011703816,1
309.18902587890625,0.4,0.007624564,0.5555555560000001,0.6,0.005812276,1
11.466848373413086,0.4,0.007624564,0.5555555560000001,0.0,0.013613106000000002,0
197.52999877929688,0.4,0.007624564,0.5555555560000001,0.6,0.002916087145117021,1
29.82999992370605,0.4,0.007624564,0.5555555560000001,0.8,0.008929968,1
26.86000061035156,0.4,0.007624564,0.5555555560000001,0.6,0.0071184690000000005,0
17.569999694824222,0.4,0.007624564,0.5555555560000001,0.2,0.003609648,0
32.290000915527344,0.4,0.007624564,0.5555555560000001,0.6,0.009126088000000001,1
77.88285827636719,0.2,0.005869945,0.5111111110000001,1.0,0.008588703,1
179.3000030517578,0.2,0.005869945,0.5111111110000001,0.4,0.012257516999999999,0
308.61773681640625,0.2,0.005869945,0.5111111110000001,0.4,0.00493122,0
11.498637199401855,0.2,0.005869945,0.5111111110000001,0.2,0.01113613,1
198.80999755859366,0.2,0.005869945,0.5111111110000001,0.6,0.004060283585542872,1
29.959999084472656,0.2,0.005869945,0.5111111110000001,0.8,0.0067470690000000005,1
26.920000076293945,0.2,0.005869945,0.5111111110000001,0.6,0.007265144,1
17.399999618530273,0.2,0.005869945,0.5111111110000001,0.2,0.00453523,0
32.080001831054695,0.2,0.005869945,0.5111111110000001,0.4,0.009725496,0
76.16571807861328,0.2,0.005426986,0.5111111110000001,0.8,0.011715718,0
180.25999450683602,0.2,0.005426986,0.5111111110000001,0.6,0.012658427,1
305.1403503417969,0.2,0.005426986,0.5111111110000001,0.4,0.006991270999999999,0
11.35785675048828,0.2,0.005426986,0.5111111110000001,0.2,0.010656833000000001,0
200.66000366210938,0.2,0.005426986,0.5111111110000001,0.8,0.005688762271496643,1
30.239999771118164,0.2,0.005426986,0.5111111110000001,0.8,0.008547855,1
26.540000915527344,0.2,0.005426986,0.5111111110000001,0.4,0.008665107,0
17.200000762939453,0.2,0.005426986,0.5111111110000001,0.2,0.0049174940000000006,0
31.79999923706055,0.2,0.005426986,0.5111111110000001,0.4,0.010645232,0
75.75142669677734,0.2,0.009433264,0.4,0.6,0.009132712,0
181.08999633789062,0.2,0.009433264,0.4,0.6,0.007675547,1
300.5253601074219,0.2,0.009433264,0.4,0.2,0.00703567,0
10.976385116577148,0.2,0.009433264,0.4,0.2,0.016840825,0
197.25999450683602,0.2,0.009433264,0.4,0.6,0.008621964332760504,0
29.940000534057607,0.2,0.009433264,0.4,0.6,0.009643398000000001,0
26.61000061035156,0.2,0.009433264,0.4,0.4,0.006589409,1
17.09000015258789,0.2,0.009433264,0.4,0.2,0.0058550930000000004,0
31.559999465942386,0.2,0.009433264,0.4,0.2,0.008837278,0
75.81285858154297,0.4,0.008590182,0.5555555560000001,0.6,0.006668875,1
183.7700042724609,0.4,0.008590182,0.5555555560000001,0.8,0.006163157,1
301.4394226074219,0.4,0.008590182,0.5555555560000001,0.4,0.007598699,1
11.062670707702637,0.4,0.008590182,0.5555555560000001,0.4,0.011766726000000002,1
197.7700042724609,0.4,0.008590182,0.5555555560000001,0.8,0.00787630445917111,1
30.21999931335449,0.4,0.008590182,0.5555555560000001,0.8,0.010561096,1
26.90999984741211,0.4,0.008590182,0.5555555560000001,0.6,0.006201018000000001,1
17.100000381469727,0.4,0.008590182,0.5555555560000001,0.2,0.005630062,1
31.84000015258789,0.4,0.008590182,0.5555555560000001,0.4,0.009795859,1
77.42713928222656,0.6,0.010780493,0.577777778,0.6,0.010179015999999999,1
187.63999938964844,0.6,0.010780493,0.577777778,0.8,0.009985388000000001,1
301.60833740234375,0.6,0.010780493,0.577777778,0.4,0.0063682769999999994,1
11.189826965332033,0.6,0.010780493,0.577777778,0.6,0.013591448999999999,1
199.80999755859366,0.6,0.010780493,0.577777778,0.8,0.009125999569814651,1
30.06999969482422,0.6,0.010780493,0.577777778,0.6,0.007588002,0
26.84000015258789,0.6,0.010780493,0.577777778,0.6,0.00657247,0
17.610000610351562,0.6,0.010780493,0.577777778,0.4,0.011594977,1
32.009998321533196,0.6,0.010780493,0.577777778,0.4,0.007398020999999999,1
77.88143157958984,0.8,0.010647438,0.5555555560000001,0.6,0.011091671,1
184.32000732421875,0.8,0.010647438,0.5555555560000001,0.8,0.012702042,0
298.1855773925781,0.8,0.010647438,0.5555555560000001,0.4,0.008268408,0
10.980926513671877,0.8,0.010647438,0.5555555560000001,0.4,0.016770759,0
200.6199951171875,0.8,0.010647438,0.5555555560000001,0.8,0.008640762925646953,1
30.1299991607666,0.8,0.010647438,0.5555555560000001,0.6,0.007115468000000001,1
27.06999969482422,0.8,0.010647438,0.5555555560000001,0.6,0.007839569000000001,1
17.389999389648438,0.8,0.010647438,0.5555555560000001,0.4,0.012158453,0
31.989999771118164,0.8,0.010647438,0.5555555560000001,0.4,0.006222266,0
78.85713958740234,0.6,0.012560713000000001,0.577777778,0.8,0.00918775,1
183.38999938964844,0.6,0.012560713000000001,0.577777778,0.6,0.012640344,0
300.6197509765625,0.6,0.012560713000000001,0.577777778,0.6,0.007647541999999999,1
10.91734790802002,0.6,0.012560713000000001,0.577777778,0.4,0.015480095,0
201.0,0.6,0.012560713000000001,0.577777778,0.8,0.0071585138935503735,1
29.709999084472656,0.6,0.012560713000000001,0.577777778,0.4,0.008034224,0
26.989999771118164,0.6,0.012560713000000001,0.577777778,0.6,0.005607455999999999,0
17.190000534057614,0.6,0.012560713000000001,0.577777778,0.4,0.012159775,0
32.040000915527344,0.6,0.012560713000000001,0.577777778,0.6,0.004789219,1
81.15714263916016,0.8,0.014171085,0.7333333329999999,1.0,0.013933223,1
184.58999633789062,0.8,0.014171085,0.7333333329999999,0.6,0.013028133,1
306.8939514160156,0.8,0.014171085,0.7333333329999999,0.8,0.008796888000000001,1
11.158038139343262,0.8,0.014171085,0.7333333329999999,0.6,0.013172095,1
203.77999877929688,0.8,0.014171085,0.7333333329999999,1.0,0.006535855865619949,1
30.1299991607666,0.8,0.014171085,0.7333333329999999,0.6,0.008877433,1
27.489999771118164,0.8,0.014171085,0.7333333329999999,0.6,0.008785028,1
17.510000228881836,0.8,0.014171085,0.7333333329999999,0.6,0.01460379,1
32.669998168945305,0.8,0.014171085,0.7333333329999999,0.8,0.007212354,1
84.22571563720703,0.6,0.014557734,0.622222222,1.0,0.021333082000000003,1
182.25999450683602,0.6,0.014557734,0.622222222,0.4,0.012592786000000002,0
306.0047302246094,0.6,0.014557734,0.622222222,0.6,0.008768075,0
11.053587913513184,0.6,0.014557734,0.622222222,0.4,0.013472088,0
204.72000122070312,0.6,0.014557734,0.622222222,1.0,0.006941327849013609,1
29.84000015258789,0.6,0.014557734,0.622222222,0.4,0.008932019,0
27.459999084472656,0.6,0.014557734,0.622222222,0.4,0.006748509000000001,0
17.549999237060547,0.6,0.014557734,0.622222222,0.6,0.01494363,1
32.77000045776367,0.6,0.014557734,0.622222222,0.8,0.006050148000000001,1
83.65142822265625,0.6,0.014102633,0.644444444,0.8,0.018438175,0
184.42999267578125,0.6,0.014102633,0.644444444,0.4,0.010762216000000002,1
308.5581359863281,0.6,0.014102633,0.644444444,0.6,0.01032487,1
11.080835342407227,0.6,0.014102633,0.644444444,0.4,0.011666258999999998,1
206.0,0.6,0.014102633,0.644444444,1.0,0.006128819477570514,1
30.059999465942386,0.6,0.014102633,0.644444444,0.6,0.009413828,1
27.75,0.6,0.014102633,0.644444444,0.6,0.008340428,1
17.649999618530273,0.6,0.014102633,0.644444444,0.6,0.010118321,1
32.84999847412109,0.6,0.014102633,0.644444444,0.8,0.00547056,1
83.6528549194336,0.4,0.013762087,0.666666667,0.8,0.017268116,1
185.0500030517578,0.4,0.013762087,0.666666667,0.6,0.007895886999999999,1
310.50048828125,0.4,0.013762087,0.666666667,0.8,0.009314184,1
11.121707916259766,0.4,0.013762087,0.666666667,0.6,0.008670219,1
206.00999450683602,0.4,0.013762087,0.666666667,1.0,0.005327755084366778,1
29.739999771118164,0.4,0.013762087,0.666666667,0.4,0.011143836,0
27.729999542236328,0.4,0.013762087,0.666666667,0.4,0.0067707190000000006,0
17.579999923706055,0.4,0.013762087,0.666666667,0.6,0.008412924,0
32.59999847412109,0.4,0.013762087,0.666666667,0.8,0.006867678,0
85.87142944335938,0.6,0.012970448,0.688888889,0.8,0.020066733,1
185.5200042724609,0.6,0.012970448,0.688888889,0.8,0.007394736,1
314.9416198730469,0.6,0.012970448,0.688888889,0.8,0.010542155,1
11.053587913513184,0.6,0.012970448,0.688888889,0.6,0.008737228,0
205.72000122070312,0.6,0.012970448,0.688888889,0.8,0.005230457787496352,0
29.76000022888184,0.6,0.012970448,0.688888889,0.6,0.008490418000000001,1
27.739999771118164,0.6,0.012970448,0.688888889,0.6,0.006251785,1
17.280000686645508,0.6,0.012970448,0.688888889,0.6,0.009525725,0
32.200000762939446,0.6,0.012970448,0.688888889,0.6,0.009009047,0
86.56571197509766,0.4,0.006756323000000001,0.577777778,0.8,0.01585042,1
192.3300018310547,0.4,0.006756323000000001,0.577777778,0.8,0.013427576,1
314.69818115234375,0.4,0.006756323000000001,0.577777778,0.6,0.006522571,0
10.89009952545166,0.4,0.006756323000000001,0.577777778,0.4,0.007286017,0
204.25,0.4,0.006756323000000001,0.577777778,0.6,0.003893417994874353,0
30.10000038146973,0.4,0.006756323000000001,0.577777778,0.6,0.007948034,1
27.75,0.4,0.006756323000000001,0.577777778,0.6,0.002618809,1
17.110000610351562,0.4,0.006756323000000001,0.577777778,0.4,0.0077702280000000006,0
31.989999771118164,0.4,0.006756323000000001,0.577777778,0.4,0.006380834,0
86.07142639160156,0.6,0.006007831999999999,0.5555555560000001,0.6,0.009430355999999999,0
191.72999572753903,0.6,0.006007831999999999,0.5555555560000001,0.8,0.011526995,0
317.9222106933594,0.6,0.006007831999999999,0.5555555560000001,0.8,0.00799204,1
10.653950691223145,0.6,0.006007831999999999,0.5555555560000001,0.4,0.009750765,0
204.69000244140625,0.6,0.006007831999999999,0.5555555560000001,0.6,0.003401698988152455,1
29.40999984741211,0.6,0.006007831999999999,0.5555555560000001,0.6,0.01060777,0
27.78000068664551,0.6,0.006007831999999999,0.5555555560000001,0.8,0.002616764,1
17.049999237060547,0.6,0.006007831999999999,0.5555555560000001,0.2,0.008014718,0
31.90999984741211,0.6,0.006007831999999999,0.5555555560000001,0.2,0.006268793000000001,0
85.62000274658203,0.6,0.00426828,0.5111111110000001,0.6,0.009115620999999999,0
192.3999938964844,0.6,0.00426828,0.5111111110000001,0.8,0.009844681,1
320.9376220703125,0.6,0.00426828,0.5111111110000001,0.8,0.008220122,1
10.458673477172852,0.6,0.00426828,0.5111111110000001,0.2,0.012923577,0
205.4900054931641,0.6,0.00426828,0.5111111110000001,0.6,0.0029328845308191557,1
28.6299991607666,0.6,0.00426828,0.5111111110000001,0.4,0.014437567,0
27.899999618530273,0.6,0.00426828,0.5111111110000001,0.8,0.001368517,1
17.219999313354492,0.6,0.00426828,0.5111111110000001,0.2,0.008869248,1
32.0,0.6,0.00426828,0.5111111110000001,0.2,0.006344641,1
85.1500015258789,0.6,0.005007268,0.46666666700000003,0.4,0.010210087,0
195.0399932861328,0.6,0.005007268,0.46666666700000003,0.8,0.01191661,1
319.2187805175781,0.6,0.005007268,0.46666666700000003,0.6,0.008032273000000001,0
10.73115348815918,0.6,0.005007268,0.46666666700000003,0.2,0.017396464,1
205.47999572753903,0.6,0.005007268,0.46666666700000003,0.4,0.002932923464298627,0
28.54999923706055,0.6,0.005007268,0.46666666700000003,0.4,0.012867347,0
27.8799991607666,0.6,0.005007268,0.46666666700000003,0.8,0.0013677420000000001,0
17.149999618530273,0.6,0.005007268,0.46666666700000003,0.2,0.008889055,0
32.009998321533196,0.6,0.005007268,0.46666666700000003,0.4,0.004885061,1
86.71142578125,0.6,0.007633305,0.5555555560000001,0.4,0.008573313,1
202.8699951171875,0.6,0.007633305,0.5555555560000001,0.8,0.019437762,1
322.5670166015625,0.6,0.007633305,0.5555555560000001,0.6,0.007269415,1
10.849227905273438,0.6,0.007633305,0.5555555560000001,0.4,0.018372064,1
207.7700042724609,0.6,0.007633305,0.5555555560000001,0.6,0.004880325996619294,1
29.15999984741211,0.6,0.007633305,0.5555555560000001,0.4,0.017006054,1
28.190000534057607,0.6,0.007633305,0.5555555560000001,0.8,0.0035194429999999997,1
17.90999984741211,0.6,0.007633305,0.5555555560000001,0.4,0.014339071,1
32.59000015258789,0.6,0.007633305,0.5555555560000001,0.6,0.006054966,1
87.7828598022461,0.6,0.011230548,0.5555555560000001,0.4,0.009427549,1
205.44000244140625,0.6,0.011230548,0.5555555560000001,0.8,0.014629888,1
321.4194641113281,0.6,0.011230548,0.5555555560000001,0.6,0.007826334,0
10.726612091064453,0.6,0.011230548,0.5555555560000001,0.4,0.017674318,0
207.17999267578125,0.6,0.011230548,0.5555555560000001,0.6,0.0040191446990884405,0
29.35000038146973,0.6,0.011230548,0.5555555560000001,0.4,0.016024266000000002,1
28.190000534057607,0.6,0.011230548,0.5555555560000001,0.6,0.003447343,0
17.989999771118164,0.6,0.011230548,0.5555555560000001,0.6,0.013264831999999999,1
32.52000045776367,0.6,0.011230548,0.5555555560000001,0.6,0.00518019,0
88.23143005371094,0.4,0.011685525,0.6,0.6,0.009307559,1
201.16000366210938,0.4,0.011685525,0.6,0.8,0.018172618999999997,0
325.76123046875,0.4,0.011685525,0.6,0.6,0.008478988,1
10.708446502685547,0.4,0.011685525,0.6,0.4,0.013676074,0
207.2899932861328,0.4,0.011685525,0.6,0.6,0.0036944862041629217,1
29.36000061035156,0.4,0.011685525,0.6,0.6,0.011507689,1
27.79999923706055,0.4,0.011685525,0.6,0.4,0.00599807,0
18.57999992370605,0.4,0.011685525,0.6,0.8,0.019122673,1
32.189998626708984,0.4,0.011685525,0.6,0.6,0.006709565,0
87.12285614013672,0.2,0.016004087,0.533333333,0.6,0.010771485,0
204.6100006103516,0.2,0.016004087,0.533333333,0.8,0.020903823999999998,1
322.1099853515625,0.2,0.016004087,0.533333333,0.4,0.008823709,0
10.676657676696776,0.2,0.016004087,0.533333333,0.4,0.010603971,0
208.2700042724609,0.2,0.016004087,0.533333333,0.6,0.0038583592605209373,1
29.29999923706055,0.2,0.016004087,0.533333333,0.6,0.006612095,0
28.15999984741211,0.2,0.016004087,0.533333333,0.4,0.007724079,1
18.530000686645508,0.2,0.016004087,0.533333333,0.6,0.017666742,0
32.11999893188477,0.2,0.016004087,0.533333333,0.4,0.006580394,0
85.6500015258789,0.4,0.014838048000000001,0.533333333,0.6,0.013054706000000001,0
202.50999450683602,0.4,0.014838048000000001,0.533333333,0.6,0.020212233,0
318.54815673828125,0.4,0.014838048000000001,0.533333333,0.4,0.009964131999999999,0
10.821980476379396,0.4,0.014838048000000001,0.533333333,0.4,0.008115621,1
208.6499938964844,0.4,0.014838048000000001,0.533333333,0.8,0.004213517883817876,1
29.15999984741211,0.4,0.014838048000000001,0.533333333,0.6,0.007008869,0
28.1200008392334,0.4,0.014838048000000001,0.533333333,0.4,0.00786479,0
17.979999542236328,0.4,0.014838048000000001,0.533333333,0.6,0.022790069,0
32.259998321533196,0.4,0.014838048000000001,0.533333333,0.4,0.007389631,1
88.37571716308594,0.4,0.011015653,0.5111111110000001,0.6,0.015752016,1
198.0500030517578,0.4,0.011015653,0.5111111110000001,0.4,0.016587821000000003,0
321.36981201171875,0.4,0.011015653,0.5111111110000001,0.4,0.009637935,1
10.844686508178713,0.4,0.011015653,0.5111111110000001,0.4,0.006334657,1
209.47000122070312,0.4,0.011015653,0.5111111110000001,0.8,0.0027705944464684875,1
29.53000068664551,0.4,0.011015653,0.5111111110000001,0.6,0.005273388,1
28.3799991607666,0.4,0.011015653,0.5111111110000001,0.4,0.00749017,1
18.32999992370605,0.4,0.011015653,0.5111111110000001,0.6,0.017820311999999998,1
32.290000915527344,0.4,0.011015653,0.5111111110000001,0.4,0.003951757,1
89.9028549194336,0.4,0.008364015,0.5111111110000001,0.6,0.016736763999999998,1
199.66000366210938,0.4,0.008364015,0.5111111110000001,0.4,0.015680024,1
319.23370361328125,0.4,0.008364015,0.5111111110000001,0.4,0.010255799,0
10.649409294128418,0.4,0.008364015,0.5111111110000001,0.4,0.0076756409999999995,0
209.5,0.4,0.008364015,0.5111111110000001,1.0,0.002231290151204018,1
29.38999938964844,0.4,0.008364015,0.5111111110000001,0.4,0.004918426,0
28.11000061035156,0.4,0.008364015,0.5111111110000001,0.4,0.009392908,0
18.450000762939453,0.4,0.008364015,0.5111111110000001,0.6,0.018236295,1
31.940000534057607,0.4,0.008364015,0.5111111110000001,0.4,0.005690036,0
89.18714141845703,0.4,0.010900223,0.4,0.4,0.017306956999999998,0
193.9900054931641,0.4,0.010900223,0.4,0.4,0.017193012,0
315.5228271484375,0.4,0.010900223,0.4,0.2,0.009879044,0
10.567666053771973,0.4,0.010900223,0.4,0.4,0.008872109,0
206.0500030517578,0.4,0.010900223,0.4,0.8,0.005418654874826329,0
29.15999984741211,0.4,0.010900223,0.4,0.2,0.0064154369999999995,0
27.93000030517578,0.4,0.010900223,0.4,0.4,0.007906645,0
18.280000686645508,0.4,0.010900223,0.4,0.4,0.013519913,0
31.209999084472656,0.4,0.010900223,0.4,0.4,0.008231584,0
90.52571105957031,0.6,0.00873728,0.46666666700000003,0.6,0.01779579,1
194.38999938964844,0.6,0.00873728,0.46666666700000003,0.4,0.014175296,1
314.1169738769531,0.6,0.00873728,0.46666666700000003,0.2,0.008528500999999999,0
10.495004653930664,0.6,0.00873728,0.46666666700000003,0.4,0.009653558000000001,0
205.47000122070312,0.6,0.00873728,0.46666666700000003,0.6,0.0050360809255864366,0
29.559999465942386,0.6,0.00873728,0.46666666700000003,0.4,0.00875019,1
28.06999969482422,0.6,0.00873728,0.46666666700000003,0.4,0.006319215,1
19.32999992370605,0.6,0.00873728,0.46666666700000003,0.6,0.024469664,1
31.520000457763672,0.6,0.00873728,0.46666666700000003,0.6,0.00978322,1
90.88999938964844,0.4,0.009449894,0.444444444,0.8,0.01521952,1
191.8699951171875,0.4,0.009449894,0.444444444,0.4,0.014715335,0
313.3817443847656,0.4,0.009449894,0.444444444,0.2,0.006785065,0
10.508628845214844,0.4,0.009449894,0.444444444,0.4,0.007190938000000001,1
204.94000244140625,0.4,0.009449894,0.444444444,0.4,0.005187069170469261,0
29.01000022888184,0.4,0.009449894,0.444444444,0.4,0.011515802,0
27.76000022888184,0.4,0.009449894,0.444444444,0.4,0.008243891,0
19.149999618530273,0.4,0.009449894,0.444444444,0.6,0.020395726,0
31.10000038146973,0.4,0.009449894,0.444444444,0.4,0.011576468000000001,0
89.77714538574219,0.2,0.015214286,0.288888889,0.6,0.011303536999999999,0
186.97999572753903,0.2,0.015214286,0.288888889,0.4,0.015407823000000001,0
311.40460205078125,0.2,0.015214286,0.288888889,0.0,0.006275304000000001,0
10.567666053771973,0.2,0.015214286,0.288888889,0.4,0.007894905,1
202.3300018310547,0.2,0.015214286,0.288888889,0.2,0.006948144372486313,0
28.35000038146973,0.2,0.015214286,0.288888889,0.2,0.013528228,0
27.45000076293945,0.2,0.015214286,0.288888889,0.2,0.008628110999999999,0
18.649999618530273,0.2,0.015214286,0.288888889,0.4,0.021724438999999998,0
30.46999931335449,0.2,0.015214286,0.288888889,0.2,0.015441916000000002,0
89.45714569091797,0.4,0.014810335,0.333333333,0.4,0.0085604,0
187.97000122070312,0.4,0.014810335,0.333333333,0.4,0.014840913,1
315.9252014160156,0.4,0.014810335,0.333333333,0.2,0.007849287,1
10.631244659423828,0.4,0.014810335,0.333333333,0.6,0.0054968280000000005,1
202.5800018310547,0.4,0.014810335,0.333333333,0.2,0.007166622855953685,1
28.13999938964844,0.4,0.014810335,0.333333333,0.2,0.014061519,0
27.85000038146973,0.4,0.014810335,0.333333333,0.4,0.00963976,1
18.96999931335449,0.4,0.014810335,0.333333333,0.4,0.023846733,1
30.35000038146973,0.4,0.014810335,0.333333333,0.2,0.014061713,0
88.9671401977539,0.6,0.012625313999999999,0.5111111110000001,0.4,0.008063716,0
190.69000244140625,0.6,0.012625313999999999,0.5111111110000001,0.6,0.01205534,1
323.4015808105469,0.6,0.012625313999999999,0.5111111110000001,0.4,0.010257428,1
11.398728370666506,0.6,0.012625313999999999,0.5111111110000001,0.8,0.018399925,1
205.32000732421875,0.6,0.012625313999999999,0.5111111110000001,0.4,0.006578179238544224,1
28.70000076293945,0.6,0.012625313999999999,0.5111111110000001,0.4,0.016476473000000002,1
28.479999542236328,0.6,0.012625313999999999,0.5111111110000001,0.6,0.012883305,1
19.149999618530273,0.6,0.012625313999999999,0.5111111110000001,0.6,0.02390165,1
30.979999542236328,0.6,0.012625313999999999,0.5111111110000001,0.4,0.013642193,1
86.46142578125,0.4,0.013292341000000001,0.37777777799999995,0.2,0.010694905,0
188.4600067138672,0.4,0.013292341000000001,0.37777777799999995,0.4,0.013981823999999999,0
310.28192138671875,0.4,0.013292341000000001,0.37777777799999995,0.4,0.017479843000000002,0
11.158038139343262,0.4,0.013292341000000001,0.37777777799999995,0.8,0.021247867,0
202.8000030517578,0.4,0.013292341000000001,0.37777777799999995,0.4,0.008469916241872755,0
28.559999465942386,0.4,0.013292341000000001,0.37777777799999995,0.2,0.01470861,0
28.09000015258789,0.4,0.013292341000000001,0.37777777799999995,0.4,0.014619563,0
18.8700008392334,0.4,0.013292341000000001,0.37777777799999995,0.4,0.015337963000000001,0
30.809999465942386,0.4,0.013292341000000001,0.37777777799999995,0.2,0.012753124,0
82.87571716308594,0.4,0.013099649,0.42222222200000004,0.0,0.018184431,0
185.5,0.4,0.013099649,0.42222222200000004,0.4,0.014530351,0
301.0767822265625,0.4,0.013099649,0.42222222200000004,0.4,0.022945122000000002,0
11.039963722229004,0.4,0.013099649,0.42222222200000004,0.6,0.023104636,0
202.72000122070312,0.4,0.013099649,0.42222222200000004,0.4,0.008032924303615855,0
28.63999938964844,0.4,0.013099649,0.42222222200000004,0.4,0.011547594,1
28.40999984741211,0.4,0.013099649,0.42222222200000004,0.6,0.014689192,1
19.31999969482422,0.4,0.013099649,0.42222222200000004,0.6,0.018245033,1
31.07999992370605,0.4,0.013099649,0.42222222200000004,0.4,0.01184083,1
87.0999984741211,0.6,0.009968924,0.6,0.2,0.025929894,1
188.38999938964844,0.6,0.009968924,0.6,0.6,0.012549052,1
302.81549072265625,0.6,0.009968924,0.6,0.6,0.022838304,1
11.226158142089844,0.6,0.009968924,0.6,0.6,0.025354138999999998,1
207.4499969482422,0.6,0.009968924,0.6,0.6,0.01015236766514182,1
29.28000068664551,0.6,0.009968924,0.6,0.6,0.011466723,1
28.46999931335449,0.6,0.009968924,0.6,0.8,0.012878148999999998,1
19.700000762939453,0.6,0.009968924,0.6,0.8,0.01695686,1
31.440000534057607,0.6,0.009968924,0.6,0.6,0.010105982,1
86.90571594238281,0.4,0.00939524,0.5111111110000001,0.2,0.025663132,0
191.07000732421875,0.4,0.00939524,0.5111111110000001,0.6,0.01433528,1
301.7623291015625,0.4,0.00939524,0.5111111110000001,0.4,0.020630523,0
11.321525573730467,0.4,0.00939524,0.5111111110000001,0.6,0.025849893999999998,1
200.1300048828125,0.4,0.00939524,0.5111111110000001,0.4,0.016962361279806906,0
29.1299991607666,0.4,0.00939524,0.5111111110000001,0.6,0.011009835,0
27.95000076293945,0.4,0.00939524,0.5111111110000001,0.6,0.01361672,0
19.350000381469727,0.4,0.00939524,0.5111111110000001,0.6,0.017078531,0
31.13999938964844,0.4,0.00939524,0.5111111110000001,0.6,0.011226733000000001,0
83.91999816894531,0.2,0.007696939,0.355555556,0.2,0.031438787999999995,0
191.1000061035156,0.2,0.007696939,0.355555556,0.6,0.0114726,1
297.7136535644531,0.2,0.007696939,0.355555556,0.2,0.018580871000000002,0
11.221616744995117,0.2,0.007696939,0.355555556,0.4,0.013176563999999998,0
199.50999450683602,0.2,0.007696939,0.355555556,0.2,0.014876859340569185,0
29.01000022888184,0.2,0.007696939,0.355555556,0.4,0.007853611,0
27.690000534057607,0.2,0.007696939,0.355555556,0.4,0.010952956000000002,0
19.07999992370605,0.2,0.007696939,0.355555556,0.4,0.017971496,0
31.01000022888184,0.2,0.007696939,0.355555556,0.4,0.007910108,0
81.85428619384766,0.4,0.007403875999999999,0.4,0.2,0.03072894,0
189.97999572753903,0.4,0.007403875999999999,0.4,0.6,0.010305901999999999,0
296.1041259765625,0.4,0.007403875999999999,0.4,0.2,0.011548589,0
11.130789756774902,0.4,0.007403875999999999,0.4,0.4,0.010572243,0
199.6000061035156,0.4,0.007403875999999999,0.4,0.4,0.012512383084609044,1
28.8799991607666,0.4,0.007403875999999999,0.4,0.4,0.007774243,0
27.60000038146973,0.4,0.007403875999999999,0.4,0.4,0.008864251,0
19.07999992370605,0.4,0.007403875999999999,0.4,0.4,0.015047227,0
32.419998168945305,0.4,0.007403875999999999,0.4,0.6,0.015906451999999998,1
81.67142486572266,0.4,0.006424028000000001,0.333333333,0.2,0.022881382999999998,0
188.2400054931641,0.4,0.006424028000000001,0.333333333,0.6,0.008996407,0
296.869140625,0.4,0.006424028000000001,0.333333333,0.4,0.0061319059999999995,1
11.021798133850098,0.4,0.006424028000000001,0.333333333,0.4,0.010414223,0
198.6199951171875,0.4,0.006424028000000001,0.333333333,0.4,0.013415460722684543,0
28.479999542236328,0.4,0.006424028000000001,0.333333333,0.2,0.009984100000000001,0
27.45000076293945,0.4,0.006424028000000001,0.333333333,0.2,0.007672816,0
18.690000534057614,0.4,0.006424028000000001,0.333333333,0.2,0.014365808,0
32.11999893188477,0.4,0.006424028000000001,0.333333333,0.4,0.016004476,0
80.04000091552734,0.4,0.006036709,0.26666666699999997,0.0,0.016682218000000002,0
190.3300018310547,0.4,0.006036709,0.26666666699999997,0.6,0.00810107,1
298.6922912597656,0.4,0.006036709,0.26666666699999997,0.4,0.006205164,1
11.099000930786133,0.4,0.006036709,0.26666666699999997,0.4,0.008442036,1
200.0,0.4,0.006036709,0.26666666699999997,0.4,0.010138522952775036,1
28.690000534057607,0.4,0.006036709,0.26666666699999997,0.2,0.006989543000000001,1
27.309999465942386,0.4,0.006036709,0.26666666699999997,0.0,0.008270479,0
18.950000762939453,0.4,0.006036709,0.26666666699999997,0.2,0.013214288000000001,1
31.920000076293945,0.4,0.006036709,0.26666666699999997,0.2,0.014933193,0
87.14286041259766,0.4,0.00712983,0.4,0.2,0.033984379,1
194.4199981689453,0.4,0.00712983,0.4,0.6,0.009553695,1
302.8899841308594,0.4,0.00712983,0.4,0.6,0.008320299,1
11.27611255645752,0.4,0.00712983,0.4,0.4,0.009934502,1
203.57000732421875,0.4,0.00712983,0.4,0.6,0.0066514156246797705,1
28.8700008392334,0.4,0.00712983,0.4,0.4,0.0072197369999999995,1
27.86000061035156,0.4,0.00712983,0.4,0.2,0.008645359,1
18.90999984741211,0.4,0.00712983,0.4,0.2,0.010083158,0
32.200000762939446,0.4,0.00712983,0.4,0.4,0.014779179,1
86.81428527832031,0.4,0.007447003000000001,0.533333333,0.2,0.02786732,0
195.9900054931641,0.4,0.007447003000000001,0.533333333,0.6,0.011137361,1
305.7464294433594,0.4,0.007447003000000001,0.533333333,0.8,0.007523072,1
11.294278144836426,0.4,0.007447003000000001,0.533333333,0.6,0.008491762,1
205.5800018310547,0.4,0.007447003000000001,0.533333333,0.8,0.008006553240905883,1
29.020000457763672,0.4,0.007447003000000001,0.533333333,0.6,0.00743499,1
28.21999931335449,0.4,0.007447003000000001,0.533333333,0.4,0.009369233000000001,1
19.350000381469727,0.4,0.007447003000000001,0.533333333,0.4,0.011946084,1
32.110000610351555,0.4,0.007447003000000001,0.533333333,0.4,0.014503253,0
86.14286041259766,0.4,0.0052523990000000005,0.577777778,0.2,0.024491077000000003,0
226.8500061035156,0.4,0.0052523990000000005,0.577777778,0.8,0.041456592,1
305.50299072265625,0.4,0.0052523990000000005,0.577777778,0.8,0.006601055,0
11.239782333374023,0.4,0.0052523990000000005,0.577777778,0.6,0.007837992,0
206.80999755859366,0.4,0.0052523990000000005,0.577777778,0.8,0.009112930861214914,1
29.239999771118164,0.4,0.0052523990000000005,0.577777778,0.8,0.008054931,1
28.3799991607666,0.4,0.0052523990000000005,0.577777778,0.6,0.009853124,1
18.75,0.4,0.0052523990000000005,0.577777778,0.4,0.018147638,0
31.979999542236328,0.4,0.0052523990000000005,0.577777778,0.2,0.006219148000000001,0
83.42571258544922,0.4,0.009627255,0.7111111109999999,0.2,0.030352749,0
231.8999938964844,0.4,0.009627255,0.7111111109999999,1.0,0.044077100999999994,1
300.4707336425781,0.4,0.009627255,0.7111111109999999,0.6,0.009378743,0
11.24432373046875,0.4,0.009627255,0.7111111109999999,0.8,0.00596042,1
207.0800018310547,0.4,0.009627255,0.7111111109999999,1.0,0.008392069320593328,1
29.399999618530273,0.4,0.009627255,0.7111111109999999,1.0,0.00637924,1
28.399999618530273,0.4,0.009627255,0.7111111109999999,0.8,0.008907118,1
19.0,0.4,0.009627255,0.7111111109999999,0.6,0.016726261,1
32.02000045776367,0.4,0.009627255,0.7111111109999999,0.4,0.004618606,1
83.16143035888672,0.2,0.008207436,0.688888889,0.2,0.026991232999999996,0
230.0399932861328,0.2,0.008207436,0.688888889,0.8,0.043460675,0
300.2620849609375,0.2,0.008207436,0.688888889,0.4,0.008289372,0
11.43051815032959,0.2,0.008207436,0.688888889,0.8,0.007871303,1
208.0,0.2,0.008207436,0.688888889,1.0,0.007891019924759385,1
29.56999969482422,0.2,0.008207436,0.688888889,1.0,0.0060609769999999995,1
28.95000076293945,0.2,0.008207436,0.688888889,1.0,0.01176032,1
19.270000457763672,0.2,0.008207436,0.688888889,0.6,0.016786132,1
32.009998321533196,0.2,0.008207436,0.688888889,0.4,0.0034357570000000002,0
83.71142578125,0.2,0.009413491,0.666666667,0.2,0.010565676000000001,1
230.25,0.2,0.009413491,0.666666667,0.8,0.039345464,1
301.6679382324219,0.2,0.009413491,0.666666667,0.4,0.006415076,1
11.466848373413086,0.2,0.009413491,0.666666667,0.8,0.0053154859999999995,1
208.05999755859366,0.2,0.009413491,0.666666667,1.0,0.004378702560726906,1
29.709999084472656,0.2,0.009413491,0.666666667,1.0,0.005753084,1
29.18000030517578,0.2,0.009413491,0.666666667,1.0,0.009321425999999999,1
19.149999618530273,0.2,0.009413491,0.666666667,0.6,0.017609427,0
31.79999923706055,0.2,0.009413491,0.666666667,0.2,0.002993451,0
83.11714172363281,0.2,0.012502316999999999,0.533333333,0.2,0.011231409,0
229.4499969482422,0.2,0.012502316999999999,0.533333333,0.6,0.038425295,0
303.5357971191406,0.2,0.012502316999999999,0.533333333,0.4,0.0057673030000000005,1
11.117166519165039,0.2,0.012502316999999999,0.533333333,0.6,0.011092296000000001,0
207.2400054931641,0.2,0.012502316999999999,0.533333333,0.8,0.003192183873878612,0
29.3799991607666,0.2,0.012502316999999999,0.533333333,0.8,0.00693542,0
28.559999465942386,0.2,0.012502316999999999,0.533333333,0.8,0.010986576999999999,0
18.959999084472656,0.2,0.012502316999999999,0.533333333,0.4,0.014940139,0
31.76000022888184,0.2,0.012502316999999999,0.533333333,0.2,0.00268601,0
80.75,0.0,0.011943883,0.46666666700000003,0.2,0.015380518000000001,0
223.9900054931641,0.0,0.011943883,0.46666666700000003,0.4,0.011693091999999999,0
296.5561828613281,0.0,0.011943883,0.46666666700000003,0.4,0.010206935,0
11.021798133850098,0.0,0.011943883,0.46666666700000003,0.6,0.011842975,0
204.9900054931641,0.0,0.011943883,0.46666666700000003,0.6,0.004166969010313854,0
28.40999984741211,0.0,0.011943883,0.46666666700000003,0.6,0.012022356000000001,0
27.899999618530273,0.0,0.011943883,0.46666666700000003,0.6,0.014474478,0
19.46999931335449,0.0,0.011943883,0.46666666700000003,0.6,0.014118334,1
30.979999542236328,0.0,0.011943883,0.46666666700000003,0.2,0.00678813,0
81.35428619384766,0.0,0.009352663,0.37777777799999995,0.4,0.010568733,1
225.16000366210938,0.0,0.009352663,0.37777777799999995,0.4,0.00828551,1
301.81201171875,0.0,0.009352663,0.37777777799999995,0.6,0.010457102,1
10.840145111083984,0.0,0.009352663,0.37777777799999995,0.4,0.015058416000000002,0
203.75,0.0,0.009352663,0.37777777799999995,0.4,0.005115676084720911,0
27.920000076293945,0.0,0.009352663,0.37777777799999995,0.4,0.014377453,0
27.76000022888184,0.0,0.009352663,0.37777777799999995,0.4,0.01533711,0
19.26000022888184,0.0,0.009352663,0.37777777799999995,0.4,0.013608823,0
30.649999618530273,0.0,0.009352663,0.37777777799999995,0.0,0.008668374,0
81.16857147216797,0.2,0.01008627,0.311111111,0.4,0.010391716,0
223.8999938964844,0.2,0.01008627,0.311111111,0.4,0.0078005819999999995,0
304.4150695800781,0.2,0.01008627,0.311111111,0.8,0.012043173999999999,1
10.590372085571287,0.2,0.01008627,0.311111111,0.2,0.016354919,0
201.47999572753903,0.2,0.01008627,0.311111111,0.2,0.006455357424085739,0
27.93000030517578,0.2,0.01008627,0.311111111,0.4,0.013292625,1
27.3700008392334,0.2,0.01008627,0.311111111,0.2,0.014273656000000001,0
18.26000022888184,0.2,0.01008627,0.311111111,0.2,0.021150929,0
30.5,0.2,0.01008627,0.311111111,0.0,0.00958469,0
81.31143188476562,0.4,0.010689338999999999,0.222222222,0.4,0.009421008,1
222.97999572753903,0.4,0.010689338999999999,0.222222222,0.2,0.008439793000000001,0
302.6068420410156,0.4,0.010689338999999999,0.222222222,0.6,0.012294758000000001,0
10.594913482666016,0.4,0.010689338999999999,0.222222222,0.2,0.015805013,1
201.22999572753903,0.4,0.010689338999999999,0.222222222,0.0,0.0066458310586000316,0
27.78000068664551,0.4,0.010689338999999999,0.222222222,0.2,0.013419835,0
27.190000534057607,0.4,0.010689338999999999,0.222222222,0.0,0.014000024,0
17.899999618530273,0.4,0.010689338999999999,0.222222222,0.2,0.023848512000000002,0
30.76000022888184,0.4,0.010689338999999999,0.222222222,0.2,0.009977525,1
81.50285339355469,0.4,0.009945556,0.333333333,0.6,0.008472004,1
226.69000244140625,0.4,0.009945556,0.333333333,0.4,0.011072553,1
304.8472595214844,0.4,0.009945556,0.333333333,0.6,0.012537149,1
10.676657676696776,0.4,0.009945556,0.333333333,0.4,0.011249091000000001,1
200.6000061035156,0.4,0.009945556,0.333333333,0.0,0.006483743396590266,0
27.020000457763672,0.4,0.009945556,0.333333333,0.2,0.016669925,0
27.239999771118164,0.4,0.009945556,0.333333333,0.2,0.010118309,1
18.290000915527344,0.4,0.009945556,0.333333333,0.4,0.026221729,1
30.739999771118164,0.4,0.009945556,0.333333333,0.2,0.009856001,0
80.95857238769531,0.4,0.013063963,0.42222222200000004,0.6,0.004111699,0
227.67999267578125,0.4,0.013063963,0.42222222200000004,0.6,0.007186784,1
300.65948486328125,0.4,0.013063963,0.42222222200000004,0.6,0.010685732,0
10.51317024230957,0.4,0.013063963,0.42222222200000004,0.4,0.012595916,0
201.1699981689453,0.4,0.013063963,0.42222222200000004,0.2,0.0048806351571759,1
27.0,0.4,0.013063963,0.42222222200000004,0.2,0.01021484,0
27.6299991607666,0.4,0.013063963,0.42222222200000004,0.4,0.008359893,1
18.43000030517578,0.4,0.013063963,0.42222222200000004,0.4,0.022372864,1
31.15999984741211,0.4,0.013063963,0.42222222200000004,0.4,0.007676755,1
79.74571228027344,0.6,0.012832897,0.355555556,0.4,0.005611263000000001,0
222.92999267578125,0.6,0.012832897,0.355555556,0.4,0.010314619,0
300.0484619140625,0.6,0.012832897,0.355555556,0.4,0.0075476119999999996,0
10.431426048278807,0.6,0.012832897,0.355555556,0.4,0.010854748000000001,0
199.44000244140625,0.6,0.012832897,0.355555556,0.2,0.005390748845850509,0
26.959999084472656,0.6,0.012832897,0.355555556,0.2,0.007061655,0
27.020000457763672,0.6,0.012832897,0.355555556,0.4,0.011771793999999999,0
17.530000686645508,0.6,0.012832897,0.355555556,0.4,0.029982388999999998,0
30.68000030517578,0.6,0.012832897,0.355555556,0.4,0.008627218,0
79.02428436279297,0.6,0.012059779,0.37777777799999995,0.4,0.006964026,0
224.38999938964844,0.6,0.012059779,0.37777777799999995,0.6,0.010505241,1
303.58050537109375,0.6,0.012059779,0.37777777799999995,0.4,0.008176974,1
10.17257022857666,0.6,0.012059779,0.37777777799999995,0.4,0.011209451,0
199.0399932861328,0.6,0.012059779,0.37777777799999995,0.2,0.0035636561140033407,0
27.059999465942386,0.6,0.012059779,0.37777777799999995,0.2,0.007731862,1
26.8799991607666,0.6,0.012059779,0.37777777799999995,0.4,0.009998279,0
17.379999160766598,0.6,0.012059779,0.37777777799999995,0.4,0.021309542,0
30.209999084472656,0.6,0.012059779,0.37777777799999995,0.4,0.010712321,0
78.01142883300781,0.4,0.013322275,0.355555556,0.2,0.00917542,0
224.05999755859366,0.4,0.013322275,0.355555556,0.6,0.009977579,0
312.43292236328125,0.4,0.013322275,0.355555556,0.6,0.012820979,1
10.004541397094727,0.4,0.013322275,0.355555556,0.2,0.014427253000000001,0
199.72999572753903,0.4,0.013322275,0.355555556,0.4,0.0040088229701477,1
26.71999931335449,0.4,0.013322275,0.355555556,0.2,0.009170687,0
26.5,0.4,0.013322275,0.355555556,0.4,0.011510343000000001,0
16.870000839233402,0.4,0.013322275,0.355555556,0.4,0.023235286,0
29.899999618530273,0.4,0.013322275,0.355555556,0.2,0.011059699,0
75.73143005371094,0.4,0.011617203000000001,0.24444444399999998,0.0,0.014549878999999998,0
218.3600006103516,0.4,0.011617203000000001,0.24444444399999998,0.4,0.011737841,0
309.5119323730469,0.4,0.011617203000000001,0.24444444399999998,0.4,0.013210069,0
10.018165588378906,0.4,0.011617203000000001,0.24444444399999998,0.2,0.013156528999999998,1
197.88999938964844,0.4,0.011617203000000001,0.24444444399999998,0.4,0.005225167817166768,0
26.25,0.4,0.011617203000000001,0.24444444399999998,0.2,0.007217082,0
26.190000534057607,0.4,0.011617203000000001,0.24444444399999998,0.2,0.013482185,0
16.700000762939453,0.4,0.011617203000000001,0.24444444399999998,0.2,0.020893143,0
29.71999931335449,0.4,0.011617203000000001,0.24444444399999998,0.2,0.012133672,0
75.76856994628906,0.4,0.017281407,0.177777778,0.2,0.01331235,1
213.8500061035156,0.4,0.017281407,0.177777778,0.2,0.014995198000000001,0
298.2601013183594,0.4,0.017281407,0.177777778,0.4,0.017733305,0
9.745685577392578,0.4,0.017281407,0.177777778,0.2,0.015533726999999999,0
195.8800048828125,0.4,0.017281407,0.177777778,0.2,0.006688306688586078,0
25.61000061035156,0.4,0.017281407,0.177777778,0.2,0.011945226000000001,0
26.06999969482422,0.4,0.017281407,0.177777778,0.0,0.01153514,0
16.729999542236328,0.4,0.017281407,0.177777778,0.2,0.019721525,1
29.270000457763672,0.4,0.017281407,0.177777778,0.0,0.012429332,0
80.18285369873047,0.4,0.022754181000000002,0.37777777799999995,0.4,0.02196812,1
218.1100006103516,0.4,0.022754181000000002,0.37777777799999995,0.4,0.014806771000000002,1
305.07080078125,0.4,0.022754181000000002,0.37777777799999995,0.6,0.021893802999999996,1
9.940962791442873,0.4,0.022754181000000002,0.37777777799999995,0.4,0.017986105,1
197.75999450683602,0.4,0.022754181000000002,0.37777777799999995,0.4,0.006887904494974385,1
26.26000022888184,0.4,0.022754181000000002,0.37777777799999995,0.4,0.016725062,1
26.149999618530273,0.4,0.022754181000000002,0.37777777799999995,0.2,0.007733391,1
16.850000381469727,0.4,0.022754181000000002,0.37777777799999995,0.4,0.011389403000000001,1
29.75,0.4,0.022754181000000002,0.37777777799999995,0.2,0.012628267,1
79.56714630126953,0.2,0.025774137000000003,0.37777777799999995,0.4,0.021694557000000003,0
215.3300018310547,0.2,0.025774137000000003,0.37777777799999995,0.2,0.016046108,0
298.45880126953125,0.2,0.025774137000000003,0.37777777799999995,0.4,0.023874218,0
9.891008377075195,0.2,0.025774137000000003,0.37777777799999995,0.4,0.014028127,0
196.82000732421875,0.2,0.025774137000000003,0.37777777799999995,0.4,0.007437406487132269,0
26.36000061035156,0.2,0.025774137000000003,0.37777777799999995,0.4,0.016744837,1
26.03000068664551,0.2,0.025774137000000003,0.37777777799999995,0.2,0.0076148859999999995,0
17.559999465942386,0.2,0.025774137000000003,0.37777777799999995,0.6,0.018105323,1
29.76000022888184,0.2,0.025774137000000003,0.37777777799999995,0.4,0.009631603,1
81.5085678100586,0.2,0.025614306,0.42222222200000004,0.6,0.024011111,1
217.27999877929688,0.2,0.025614306,0.42222222200000004,0.4,0.017563146,1
302.7608337402344,0.2,0.025614306,0.42222222200000004,0.4,0.020925044,1
9.573115348815918,0.2,0.025614306,0.42222222200000004,0.4,0.01715248,0
196.1199951171875,0.2,0.025614306,0.42222222200000004,0.2,0.007455398240313212,0
26.68000030517578,0.2,0.025614306,0.42222222200000004,0.6,0.01665982,1
25.440000534057607,0.2,0.025614306,0.42222222200000004,0.2,0.009320743000000001,0
17.379999160766598,0.2,0.025614306,0.42222222200000004,0.6,0.014286644,0
29.11000061035156,0.2,0.025614306,0.42222222200000004,0.4,0.011947582,0
80.76000213623047,0.2,0.02466794,0.444444444,0.6,0.020002595,0
215.2400054931641,0.2,0.02466794,0.444444444,0.4,0.014352981,0
299.87957763671875,0.2,0.02466794,0.444444444,0.4,0.02095853,0
9.886466979980467,0.2,0.02466794,0.444444444,0.4,0.023426612000000003,1
196.08999633789062,0.2,0.02466794,0.444444444,0.2,0.005643506780110405,0
26.1200008392334,0.2,0.02466794,0.444444444,0.6,0.017339758,0
25.649999618530273,0.2,0.02466794,0.444444444,0.4,0.00863206,1
17.100000381469727,0.2,0.02466794,0.444444444,0.6,0.015493311999999999,0
29.06999969482422,0.2,0.02466794,0.444444444,0.4,0.011018393000000001,0
80.32714080810547,0.4,0.018270653,0.46666666700000003,0.4,0.020976481,0
212.88999938964844,0.4,0.018270653,0.46666666700000003,0.4,0.012405808,0
293.853759765625,0.4,0.018270653,0.46666666700000003,0.4,0.017706663,0
10.14078140258789,0.4,0.018270653,0.46666666700000003,0.6,0.023131591,1
194.3000030517578,0.4,0.018270653,0.46666666700000003,0.2,0.005437766192674304,0
26.13999938964844,0.4,0.018270653,0.46666666700000003,0.8,0.012616701000000001,1
25.739999771118164,0.4,0.018270653,0.46666666700000003,0.6,0.008417429,1
16.729999542236328,0.4,0.018270653,0.46666666700000003,0.4,0.01946154,0
29.059999465942386,0.4,0.018270653,0.46666666700000003,0.4,0.008058938,0
81.75285339355469,0.4,0.012536148,0.46666666700000003,0.4,0.012874229,1
214.75,0.4,0.012536148,0.46666666700000003,0.4,0.010169094,1
295.24969482421875,0.4,0.012536148,0.46666666700000003,0.4,0.014089798,1
10.354223251342773,0.4,0.012536148,0.46666666700000003,0.6,0.023333705,1
196.4600067138672,0.4,0.012536148,0.46666666700000003,0.2,0.0057416039212489,1
26.459999084472656,0.4,0.012536148,0.46666666700000003,0.8,0.009988914,1
26.09000015258789,0.4,0.012536148,0.46666666700000003,0.6,0.010523203,1
17.079999923706055,0.4,0.012536148,0.46666666700000003,0.4,0.022211087,1
29.559999465942386,0.4,0.012536148,0.46666666700000003,0.4,0.008220289,1
82.73857116699219,0.4,0.012187877,0.444444444,0.6,0.013749928,1
209.22999572753903,0.4,0.012187877,0.444444444,0.4,0.012760788,0
292.21441650390625,0.4,0.012187877,0.444444444,0.4,0.011811142,0
10.32697582244873,0.4,0.012187877,0.444444444,0.6,0.022854989,0
194.52999877929688,0.4,0.012187877,0.444444444,0.2,0.006755754163457338,0
26.170000076293945,0.4,0.012187877,0.444444444,0.6,0.011419277,0
26.1299991607666,0.4,0.012187877,0.444444444,0.8,0.009912053,1
16.760000228881836,0.4,0.012187877,0.444444444,0.2,0.017530867,0
29.34000015258789,0.4,0.012187877,0.444444444,0.2,0.009641554,0
82.5328598022461,0.6,0.008259886999999999,0.42222222200000004,0.4,0.009367226999999999,0
212.91000366210938,0.6,0.008259886999999999,0.42222222200000004,0.4,0.014467285,1
288.5532531738281,0.6,0.008259886999999999,0.42222222200000004,0.2,0.011434116999999999,0
10.299727439880373,0.6,0.008259886999999999,0.42222222200000004,0.6,0.016954781999999998,0
192.8999938964844,0.6,0.008259886999999999,0.42222222200000004,0.2,0.007720271051644481,0
26.46999931335449,0.6,0.008259886999999999,0.42222222200000004,0.6,0.011284053999999998,1
25.84000015258789,0.6,0.008259886999999999,0.42222222200000004,0.8,0.007598484,0
16.90999984741211,0.6,0.008259886999999999,0.42222222200000004,0.4,0.017270721,1
29.190000534057607,0.6,0.008259886999999999,0.42222222200000004,0.2,0.0062957690000000005,0
80.14142608642578,0.6,0.012738568,0.4,0.4,0.013325556,0
208.22000122070312,0.6,0.012738568,0.4,0.4,0.016995148999999998,0
283.6451721191406,0.6,0.012738568,0.4,0.2,0.01293265,0
9.650318145751953,0.6,0.012738568,0.4,0.4,0.023018512999999997,0
189.0800018310547,0.6,0.012738568,0.4,0.2,0.011650272028111058,0
26.0,0.6,0.012738568,0.4,0.6,0.010637342,0
25.13999938964844,0.6,0.012738568,0.4,0.6,0.01136551,0
17.200000762939453,0.6,0.012738568,0.4,0.6,0.017478575,1
28.45000076293945,0.6,0.012738568,0.4,0.2,0.011091171,0
80.61285400390625,0.6,0.010446792,0.444444444,0.6,0.013430076,1
214.57000732421875,0.6,0.010446792,0.444444444,0.6,0.020910858,1
287.4255676269531,0.6,0.010446792,0.444444444,0.4,0.011579405,1
9.564032554626463,0.6,0.010446792,0.444444444,0.2,0.019662059,0
188.5399932861328,0.6,0.010446792,0.444444444,0.2,0.010395782389726995,0
26.20000076293945,0.6,0.010446792,0.444444444,0.6,0.012022681,1
25.040000915527344,0.6,0.010446792,0.444444444,0.4,0.011459288,0
16.889999389648438,0.6,0.010446792,0.444444444,0.6,0.016755746999999998,0
28.54999923706055,0.6,0.010446792,0.444444444,0.4,0.011725346999999999,1
80.40428924560547,0.6,0.013390792,0.333333333,0.4,0.010397759,0
213.2100067138672,0.6,0.013390792,0.333333333,0.4,0.020431129,0
283.36199951171875,0.6,0.013390792,0.333333333,0.2,0.013456879,0
9.845595359802246,0.6,0.013390792,0.333333333,0.2,0.021340436,1
189.1999969482422,0.6,0.013390792,0.333333333,0.2,0.008872533321879403,1
26.709999084472656,0.6,0.013390792,0.333333333,0.6,0.013467445,1
25.43000030517578,0.6,0.013390792,0.333333333,0.4,0.011854793,1
16.799999237060547,0.6,0.013390792,0.333333333,0.4,0.013637363000000001,0
28.51000022888184,0.6,0.013390792,0.333333333,0.2,0.008564394,0
81.63714599609375,0.8,0.013177086999999999,0.488888889,0.4,0.011052945,1
217.63999938964844,0.8,0.013177086999999999,0.488888889,0.6,0.019445784,1
288.4091796875,0.8,0.013177086999999999,0.488888889,0.4,0.014963158,1
10.149864196777344,0.8,0.013177086999999999,0.488888889,0.4,0.026994942,1
193.9900054931641,0.8,0.013177086999999999,0.488888889,0.4,0.011971182828142876,1
27.53000068664551,0.8,0.013177086999999999,0.488888889,0.8,0.0174155,1
26.06999969482422,0.8,0.013177086999999999,0.488888889,0.4,0.01658159,1
17.34000015258789,0.8,0.013177086999999999,0.488888889,0.6,0.016318876,1
29.35000038146973,0.8,0.013177086999999999,0.488888889,0.4,0.012968571000000002,1
81.67428588867188,0.6,0.013704238999999998,0.5111111110000001,0.6,0.010646677,1
218.8000030517578,0.6,0.013704238999999998,0.5111111110000001,0.6,0.016994099999999998,1
287.2467346191406,0.6,0.013704238999999998,0.5111111110000001,0.4,0.013263461,0
10.018165588378906,0.6,0.013704238999999998,0.5111111110000001,0.4,0.029062311,0
194.44000244140625,0.6,0.013704238999999998,0.5111111110000001,0.6,0.010759282016768791,1
27.18000030517578,0.6,0.013704238999999998,0.5111111110000001,0.6,0.017665487,0
25.940000534057607,0.6,0.013704238999999998,0.5111111110000001,0.4,0.015359235,0
18.049999237060547,0.6,0.013704238999999998,0.5111111110000001,0.6,0.022718052000000002,1
29.229999542236328,0.6,0.013704238999999998,0.5111111110000001,0.4,0.012763801000000002,0
82.9028549194336,0.8,0.009224314,0.622222222,0.8,0.00786003,1
218.47999572753903,0.8,0.009224314,0.622222222,0.6,0.012880991999999999,0
288.3495788574219,0.8,0.009224314,0.622222222,0.6,0.010629478000000001,1
10.131698608398438,0.8,0.009224314,0.622222222,0.6,0.018718631,1
195.13999938964844,0.8,0.009224314,0.622222222,0.8,0.0075187020796746735,1
27.15999984741211,0.8,0.009224314,0.622222222,0.6,0.014261473,0
26.40999984741211,0.8,0.009224314,0.622222222,0.6,0.013565013999999999,1
17.530000686645508,0.8,0.009224314,0.622222222,0.4,0.025049875,0
29.649999618530273,0.8,0.009224314,0.622222222,0.6,0.010567334,1
81.59571075439453,0.6,0.015279051,0.533333333,0.6,0.009836975,0
216.5,0.6,0.015279051,0.533333333,0.4,0.008594187,0
282.4131774902344,0.6,0.015279051,0.533333333,0.4,0.012081401,0
9.722979545593262,0.6,0.015279051,0.533333333,0.6,0.024998512,0
192.50999450683602,0.6,0.015279051,0.533333333,0.8,0.009643011926587298,0
26.809999465942386,0.6,0.015279051,0.533333333,0.4,0.015300328,0
25.989999771118164,0.6,0.015279051,0.533333333,0.6,0.015950095,0
17.65999984741211,0.6,0.015279051,0.533333333,0.6,0.02292837,1
28.899999618530273,0.6,0.015279051,0.533333333,0.4,0.014923378999999999,0
82.3085708618164,0.6,0.013496391000000002,0.6,0.8,0.011066826,1
216.4199981689453,0.6,0.013496391000000002,0.6,0.4,0.007400439,0
280.72415161132807,0.6,0.013496391000000002,0.6,0.4,0.010449977,0
9.854677200317383,0.6,0.013496391000000002,0.6,0.6,0.021819559,1
194.5500030517578,0.6,0.013496391000000002,0.6,0.8,0.011062270691009693,1
27.03000068664551,0.6,0.013496391000000002,0.6,0.4,0.013048398999999999,1
26.520000457763672,0.6,0.013496391000000002,0.6,0.6,0.016913582,1
18.46999931335449,0.6,0.013496391000000002,0.6,0.8,0.031035916,1
29.290000915527344,0.6,0.013496391000000002,0.6,0.6,0.017342147,1
81.73714447021484,0.4,0.013610883999999998,0.444444444,0.6,0.009388679,0
214.72999572753903,0.4,0.013610883999999998,0.444444444,0.2,0.004806699,0
278.73211669921875,0.4,0.013610883999999998,0.444444444,0.2,0.008306834,0
9.754768371582033,0.4,0.013610883999999998,0.444444444,0.4,0.01766639,0
193.1000061035156,0.4,0.013610883999999998,0.444444444,0.6,0.007489452846926609,0
27.020000457763672,0.4,0.013610883999999998,0.444444444,0.2,0.006982358,0
26.540000915527344,0.4,0.013610883999999998,0.444444444,0.6,0.012030994,1
18.520000457763672,0.4,0.013610883999999998,0.444444444,0.8,0.025148764,1
29.1299991607666,0.4,0.013610883999999998,0.444444444,0.4,0.012542011,0
81.64714050292969,0.4,0.01300441,0.46666666700000003,0.4,0.009517919,0
214.4499969482422,0.4,0.01300441,0.46666666700000003,0.0,0.0040015070000000005,0
277.71871948242193,0.4,0.01300441,0.46666666700000003,0.2,0.008227873,0
9.804722785949707,0.4,0.01300441,0.46666666700000003,0.6,0.016095514,1
195.1000061035156,0.4,0.01300441,0.46666666700000003,0.6,0.009096980062497723,1
26.90999984741211,0.4,0.01300441,0.46666666700000003,0.2,0.00525389,0
26.979999542236328,0.4,0.01300441,0.46666666700000003,0.8,0.014349425,1
18.600000381469727,0.4,0.01300441,0.46666666700000003,0.8,0.017823547,1
29.34000015258789,0.4,0.01300441,0.46666666700000003,0.6,0.013166108000000001,1
82.01856994628906,0.4,0.014888555,0.533333333,0.4,0.0074193,1
218.3500061035156,0.4,0.014888555,0.533333333,0.2,0.007346216,1
280.43106079101557,0.4,0.014888555,0.533333333,0.2,0.009413302,1
9.82742977142334,0.4,0.014888555,0.533333333,0.6,0.014292156,1
199.1000061035156,0.4,0.014888555,0.533333333,0.6,0.012477427926659372,1
27.70000076293945,0.4,0.014888555,0.533333333,0.4,0.01097815,1
27.34000015258789,0.4,0.014888555,0.533333333,0.8,0.013394331,1
18.700000762939453,0.4,0.014888555,0.533333333,1.0,0.013137063000000001,1
30.020000457763672,0.4,0.014888555,0.533333333,0.6,0.01492766,1
83.68285369873047,0.6,0.010602473999999999,0.6,0.6,0.008324174,1
222.66000366210938,0.6,0.010602473999999999,0.6,0.4,0.009481484,1
283.58056640625,0.6,0.010602473999999999,0.6,0.4,0.007541986999999999,1
9.559491157531738,0.6,0.010602473999999999,0.6,0.6,0.011676903,0
198.2899932861328,0.6,0.010602473999999999,0.6,0.6,0.010595596574643238,0
27.1200008392334,0.6,0.010602473999999999,0.6,0.4,0.012588553,0
27.420000076293945,0.6,0.010602473999999999,0.6,1.0,0.01079894,1
18.540000915527344,0.6,0.010602473999999999,0.6,0.8,0.013365129,0
29.84000015258789,0.6,0.010602473999999999,0.6,0.6,0.01106784,0
83.91571807861328,0.6,0.012326333,0.622222222,0.6,0.007133416,1
224.02999877929688,0.6,0.012326333,0.622222222,0.6,0.010638151,1
288.8860778808594,0.6,0.012326333,0.622222222,0.6,0.010087651,1
9.450499534606934,0.6,0.012326333,0.622222222,0.4,0.011248186,0
198.92999267578125,0.6,0.012326333,0.622222222,0.6,0.009121735809780457,1
27.959999084472656,0.6,0.012326333,0.622222222,0.4,0.017142042,1
27.51000022888184,0.6,0.012326333,0.622222222,1.0,0.007376899,1
19.13999938964844,0.6,0.012326333,0.622222222,0.8,0.010664337,1
30.70000076293945,0.6,0.012326333,0.622222222,0.6,0.014132948000000001,1
83.67713928222656,0.8,0.00954782,0.688888889,0.6,0.006313534,0
223.0200042724609,0.8,0.00954782,0.688888889,0.6,0.009978031,0
286.8890686035156,0.8,0.00954782,0.688888889,0.6,0.010050998,0
9.609445571899414,0.8,0.00954782,0.688888889,0.6,0.012584303,1
198.77999877929688,0.8,0.00954782,0.688888889,0.6,0.0077819202780337144,0
28.489999771118164,0.8,0.00954782,0.688888889,0.6,0.020859184,1
27.63999938964844,0.8,0.00954782,0.688888889,1.0,0.008171171,1
19.21999931335449,0.8,0.00954782,0.688888889,0.8,0.010958851,1
30.93000030517578,0.8,0.00954782,0.688888889,0.8,0.014538782,1
82.52428436279297,0.8,0.015190278,0.577777778,0.6,0.008848789000000001,0
220.57000732421875,0.8,0.015190278,0.577777778,0.6,0.011914349,0
280.77880859375,0.8,0.015190278,0.577777778,0.6,0.013583517,0
9.218892097473145,0.8,0.015190278,0.577777778,0.4,0.019688631,0
193.38999938964844,0.8,0.015190278,0.577777778,0.4,0.011133534993665423,0
27.809999465942386,0.8,0.015190278,0.577777778,0.6,0.024818574,0
26.709999084472656,0.8,0.015190278,0.577777778,0.8,0.011584812,0
17.299999237060547,0.8,0.015190278,0.577777778,0.6,0.030074111,0
30.13999938964844,0.8,0.015190278,0.577777778,0.6,0.018205277,0
83.15714263916016,0.8,0.01525745,0.5555555560000001,0.6,0.009472699000000001,1
222.16000366210938,0.8,0.01525745,0.5555555560000001,0.6,0.009718845,1
283.8935546875,0.8,0.01525745,0.5555555560000001,0.6,0.013848863999999999,1
9.250680923461914,0.8,0.01525745,0.5555555560000001,0.4,0.019915091,1
193.6999969482422,0.8,0.01525745,0.5555555560000001,0.4,0.007353666983678034,1
28.0,0.8,0.01525745,0.5555555560000001,0.6,0.020313563,1
26.940000534057607,0.8,0.01525745,0.5555555560000001,0.8,0.010638376000000001,1
17.239999771118164,0.8,0.01525745,0.5555555560000001,0.4,0.029692474,0
30.70000076293945,0.8,0.01525745,0.5555555560000001,0.6,0.017285966,1
81.53857421875,0.6,0.018264337,0.46666666700000003,0.4,0.009307184,0
220.07000732421875,0.6,0.018264337,0.46666666700000003,0.4,0.00765258,0
278.53839111328125,0.6,0.018264337,0.46666666700000003,0.4,0.015375331,0
8.878292083740234,0.6,0.018264337,0.46666666700000003,0.4,0.022513276000000002,0
192.8600006103516,0.6,0.018264337,0.46666666700000003,0.4,0.007407309487966119,0
27.6200008392334,0.6,0.018264337,0.46666666700000003,0.6,0.018840118,0
26.04999923706055,0.6,0.018264337,0.46666666700000003,0.6,0.016660438,0
16.209999084472653,0.6,0.018264337,0.46666666700000003,0.4,0.039930209,0
29.8700008392334,0.6,0.018264337,0.46666666700000003,0.6,0.021493929,0
81.71857452392578,0.6,0.014399371000000001,0.42222222200000004,0.4,0.009192154000000001,1
225.6100006103516,0.6,0.014399371000000001,0.42222222200000004,0.4,0.011456764,1
280.5155029296875,0.6,0.014399371000000001,0.42222222200000004,0.4,0.013053162,1
8.792007446289062,0.6,0.014399371000000001,0.42222222200000004,0.4,0.022176717000000002,0
191.9499969482422,0.6,0.014399371000000001,0.42222222200000004,0.2,0.00770548441047366,0
27.82999992370605,0.6,0.014399371000000001,0.42222222200000004,0.6,0.014166071,1
26.01000022888184,0.6,0.014399371000000001,0.42222222200000004,0.4,0.016311076,0
16.649999618530273,0.6,0.014399371000000001,0.42222222200000004,0.4,0.038886488999999996,1
30.020000457763672,0.6,0.014399371000000001,0.42222222200000004,0.6,0.0167342,1
82.07142639160156,0.6,0.016686773999999998,0.5111111110000001,0.6,0.009487116,1
225.6199951171875,0.6,0.016686773999999998,0.5111111110000001,0.6,0.010563963999999999,1
282.8105773925781,0.6,0.016686773999999998,0.5111111110000001,0.6,0.01330693,1
8.860127449035645,0.6,0.016686773999999998,0.5111111110000001,0.4,0.020362546999999998,1
193.0,0.6,0.016686773999999998,0.5111111110000001,0.4,0.008648721826857836,1
28.170000076293945,0.6,0.016686773999999998,0.5111111110000001,0.6,0.012818343999999999,1
26.21999931335449,0.6,0.016686773999999998,0.5111111110000001,0.4,0.016980728,1
16.799999237060547,0.6,0.016686773999999998,0.5111111110000001,0.4,0.039852341,1
30.170000076293945,0.6,0.016686773999999998,0.5111111110000001,0.6,0.016235163,1
81.29285430908203,0.8,0.012701898,0.5111111110000001,0.6,0.008628936,0
221.30999755859366,0.8,0.012701898,0.5111111110000001,0.6,0.012187436000000001,0
280.33172607421875,0.8,0.012701898,0.5111111110000001,0.6,0.010800275,0
8.792007446289062,0.8,0.012701898,0.5111111110000001,0.4,0.013771688999999998,0
191.3999938964844,0.8,0.012701898,0.5111111110000001,0.4,0.004883679027785621,0
28.170000076293945,0.8,0.012701898,0.5111111110000001,0.6,0.008044737,0
25.82999992370605,0.8,0.012701898,0.5111111110000001,0.4,0.013226172,0
16.600000381469727,0.8,0.012701898,0.5111111110000001,0.4,0.02225409,0
29.90999984741211,0.8,0.012701898,0.5111111110000001,0.6,0.012850416000000002,0
83.42857360839844,0.8,0.018070914,0.533333333,0.6,0.01234957,1
228.3500061035156,0.8,0.018070914,0.533333333,0.6,0.017107844,1
288.1607971191406,0.8,0.018070914,0.533333333,0.6,0.014167203,1
9.132606506347656,0.8,0.018070914,0.533333333,0.4,0.020829969,1
195.5800018310547,0.8,0.018070914,0.533333333,0.4,0.008930910386481241,1
29.70000076293945,0.8,0.018070914,0.533333333,0.6,0.017540942,1
26.649999618530273,0.8,0.018070914,0.533333333,0.4,0.017853163000000002,1
17.299999237060547,0.8,0.018070914,0.533333333,0.6,0.029994176,1
30.59000015258789,0.8,0.018070914,0.533333333,0.6,0.013681391000000001,1
84.64571380615234,1.0,0.015142707,0.688888889,0.8,0.011374577,1
229.32000732421875,1.0,0.015142707,0.688888889,0.8,0.016075895,1
288.3594970703125,1.0,0.015142707,0.688888889,0.8,0.010532457,1
9.155313491821287,1.0,0.015142707,0.688888889,0.6,0.013276184,1
195.8300018310547,1.0,0.015142707,0.688888889,0.6,0.008319243414725773,1
29.79999923706055,1.0,0.015142707,0.688888889,0.8,0.015500053,1
26.670000076293945,1.0,0.015142707,0.688888889,0.6,0.011395976,1
16.680000305175778,1.0,0.015142707,0.688888889,0.6,0.02521283,0
30.559999465942386,1.0,0.015142707,0.688888889,0.6,0.008470372,0
85.62999725341797,0.8,0.015807746,0.7333333329999999,0.8,0.013258721999999999,1
229.52999877929688,0.8,0.015807746,0.7333333329999999,0.8,0.011224282,1
292.0157165527344,0.8,0.015807746,0.7333333329999999,0.8,0.011648698999999998,1
9.246139526367188,0.8,0.015807746,0.7333333329999999,0.8,0.013316578999999999,1
195.92999267578125,0.8,0.015807746,0.7333333329999999,0.8,0.007477669943676993,1
29.96999931335449,0.8,0.015807746,0.7333333329999999,0.8,0.015120363000000001,1
26.86000061035156,0.8,0.015807746,0.7333333329999999,0.8,0.012513706999999999,1
16.299999237060547,0.8,0.015807746,0.7333333329999999,0.4,0.024340443,0
30.76000022888184,0.8,0.015807746,0.7333333329999999,0.6,0.008774928000000001,1
87.13428497314453,0.6,0.014553051000000001,0.577777778,0.8,0.015908603,1
227.05999755859366,0.6,0.014553051000000001,0.577777778,0.6,0.013367647,0
296.0345764160156,0.6,0.014553051000000001,0.577777778,0.8,0.012764868,1
9.209809303283693,0.6,0.014553051000000001,0.577777778,0.6,0.012552836000000001,0
195.2899932861328,0.6,0.014553051000000001,0.577777778,0.6,0.007036925786978463,0
29.71999931335449,0.6,0.014553051000000001,0.577777778,0.6,0.01434529,0
26.54999923706055,0.6,0.014553051000000001,0.577777778,0.6,0.013207226,0
15.350000381469727,0.6,0.014553051000000001,0.577777778,0.2,0.034195074,0
30.70000076293945,0.6,0.014553051000000001,0.577777778,0.4,0.00816571,0
86.55428314208984,0.4,0.015259716000000001,0.577777778,0.8,0.015342583,0
225.0500030517578,0.4,0.015259716000000001,0.577777778,0.6,0.011317519,0
291.0967102050781,0.4,0.015259716000000001,0.577777778,0.8,0.014347863,0
8.887374877929688,0.4,0.015259716000000001,0.577777778,0.6,0.018017138999999998,0
191.41000366210938,0.4,0.015259716000000001,0.577777778,0.6,0.009352455640549413,0
29.18000030517578,0.4,0.015259716000000001,0.577777778,0.6,0.0179792,0
26.15999984741211,0.4,0.015259716000000001,0.577777778,0.6,0.013170251000000001,0
14.5,0.4,0.015259716000000001,0.577777778,0.2,0.042889058,0
30.190000534057607,0.4,0.015259716000000001,0.577777778,0.4,0.009764619,0
87.69857025146484,0.2,0.011179248000000001,0.444444444,0.8,0.01273229,1
225.0500030517578,0.2,0.011179248000000001,0.444444444,0.4,0.004955394,0
291.1116027832031,0.2,0.011179248000000001,0.444444444,0.8,0.008772519,1
8.823796272277832,0.2,0.011179248000000001,0.444444444,0.4,0.011699976,0
189.6699981689453,0.2,0.011179248000000001,0.444444444,0.4,0.006802723652442175,0
29.10000038146973,0.2,0.011179248000000001,0.444444444,0.4,0.007664896,0
26.170000076293945,0.2,0.011179248000000001,0.444444444,0.6,0.0068975009999999995,1
14.5,0.2,0.011179248000000001,0.444444444,0.0,0.034455337,0
30.0,0.2,0.011179248000000001,0.444444444,0.2,0.0064763419999999995,0
86.88714599609375,0.0,0.010977498999999998,0.311111111,0.6,0.011664973,0
219.5,0.0,0.010977498999999998,0.311111111,0.2,0.00903806,0
288.97052001953125,0.0,0.010977498999999998,0.311111111,0.6,0.01010558,0
8.678474426269531,0.0,0.010977498999999998,0.311111111,0.2,0.014496565,0
186.25999450683602,0.0,0.010977498999999998,0.311111111,0.2,0.01014279656931842,0
29.04999923706055,0.0,0.010977498999999998,0.311111111,0.2,0.007335156,0
25.559999465942386,0.0,0.010977498999999998,0.311111111,0.4,0.011409235,0
14.890000343322756,0.0,0.010977498999999998,0.311111111,0.2,0.032667034,1
29.739999771118164,0.0,0.010977498999999998,0.311111111,0.2,0.008013529,0
86.3471450805664,0.2,0.013904432,0.2,0.4,0.010582312,0
218.3699951171875,0.2,0.013904432,0.2,0.0,0.009884535,0
283.7494812011719,0.2,0.013904432,0.2,0.4,0.011183249,0
8.94187068939209,0.2,0.013904432,0.2,0.2,0.018582553999999998,1
185.25,0.2,0.013904432,0.2,0.0,0.011125176186057168,0
29.229999542236328,0.2,0.013904432,0.2,0.2,0.007433461,1
25.38999938964844,0.2,0.013904432,0.2,0.2,0.011314613000000001,0
15.18000030517578,0.2,0.013904432,0.2,0.4,0.032005898,1
29.29999923706055,0.2,0.013904432,0.2,0.0,0.009663605,0
85.55714416503906,0.2,0.012602063,0.177777778,0.2,0.008898678,0
215.3600006103516,0.2,0.012602063,0.177777778,0.0,0.010489093,0
283.39678955078125,0.2,0.012602063,0.177777778,0.2,0.008679346999999999,0
8.787466049194336,0.2,0.012602063,0.177777778,0.2,0.021250228,0
183.08999633789062,0.2,0.012602063,0.177777778,0.0,0.012803870000058648,0
28.81999969482422,0.2,0.012602063,0.177777778,0.2,0.008570461,0
24.739999771118164,0.2,0.012602063,0.177777778,0.2,0.014126461000000002,0
15.489999771118164,0.2,0.012602063,0.177777778,0.6,0.024433784,1
28.6299991607666,0.2,0.012602063,0.177777778,0.0,0.013846871,0
86.42428588867188,0.4,0.014393913999999999,0.333333333,0.4,0.009594442,1
218.38999938964844,0.4,0.014393913999999999,0.333333333,0.2,0.011532533000000001,1
286.3972473144531,0.4,0.014393913999999999,0.333333333,0.4,0.007460835999999999,1
8.619437217712402,0.4,0.014393913999999999,0.333333333,0.2,0.018072533999999998,0
186.00999450683602,0.4,0.014393913999999999,0.333333333,0.2,0.012019988928668356,1
29.57999992370605,0.4,0.014393913999999999,0.333333333,0.4,0.010210668000000001,1
25.25,0.4,0.014393913999999999,0.333333333,0.4,0.015311493,1
15.199999809265135,0.4,0.014393913999999999,0.333333333,0.6,0.017103211,0
29.38999938964844,0.4,0.014393913999999999,0.333333333,0.2,0.015833512,1
86.70143127441406,0.4,0.011506846000000001,0.333333333,0.4,0.00759171,1
216.00999450683602,0.4,0.011506846000000001,0.333333333,0.2,0.013712124,0
285.6024169921875,0.4,0.011506846000000001,0.333333333,0.2,0.008005659,0
8.542234420776367,0.4,0.011506846000000001,0.333333333,0.2,0.018433136,0
184.7899932861328,0.4,0.011506846000000001,0.333333333,0.2,0.01151365517809773,0
29.520000457763672,0.4,0.011506846000000001,0.333333333,0.4,0.010068024,0
25.1299991607666,0.4,0.011506846000000001,0.333333333,0.2,0.01618554,0
15.210000038146973,0.4,0.011506846000000001,0.333333333,0.8,0.017234793,1
29.440000534057607,0.4,0.011506846000000001,0.333333333,0.4,0.014915073000000001,1
86.7057113647461,0.6,0.011988946,0.46666666700000003,0.6,0.005751099,1
216.92999267578125,0.6,0.011988946,0.46666666700000003,0.4,0.009631695,1
286.5015869140625,0.6,0.011988946,0.46666666700000003,0.4,0.007164354,1
8.56948184967041,0.6,0.011988946,0.46666666700000003,0.4,0.01577722,1
183.6499938964844,0.6,0.011988946,0.46666666700000003,0.2,0.009151764785525738,0
29.920000076293945,0.6,0.011988946,0.46666666700000003,0.6,0.012434398000000001,1
25.3799991607666,0.6,0.011988946,0.46666666700000003,0.4,0.013513363,1
15.199999809265135,0.6,0.011988946,0.46666666700000003,0.6,0.011986974,0
29.65999984741211,0.6,0.011988946,0.46666666700000003,0.6,0.014676298999999999,1
86.60857391357422,0.6,0.009156375,0.5555555560000001,0.6,0.004732168,0
217.47000122070312,0.6,0.009156375,0.5555555560000001,0.6,0.009099942,1
288.5035705566406,0.6,0.009156375,0.5555555560000001,0.6,0.0049483470000000005,1
8.764759063720701,0.6,0.009156375,0.5555555560000001,0.4,0.014264619,1
188.25,0.6,0.009156375,0.5555555560000001,0.4,0.013076800930780957,1
30.5,0.6,0.009156375,0.5555555560000001,0.6,0.015072158,1
26.209999084472656,0.6,0.009156375,0.5555555560000001,0.6,0.018723741000000002,1
14.699999809265135,0.6,0.009156375,0.5555555560000001,0.4,0.01467069,0
30.45000076293945,0.6,0.009156375,0.5555555560000001,0.8,0.017044364,1
87.76000213623047,0.6,0.009399421,0.688888889,0.8,0.005561267,1
226.1699981689453,0.6,0.009399421,0.688888889,0.8,0.014344259,1
294.61383056640625,0.6,0.009399421,0.688888889,0.8,0.008935583,1
8.673933029174805,0.6,0.009399421,0.688888889,0.4,0.012883627,0
195.33999633789062,0.6,0.009399421,0.688888889,0.6,0.018277345801315688,1
30.8700008392334,0.6,0.009399421,0.688888889,0.8,0.014693056999999999,1
26.059999465942386,0.6,0.009399421,0.688888889,0.6,0.014748217,0
15.149999618530273,0.6,0.009399421,0.688888889,0.4,0.016708821999999998,1
30.670000076293945,0.6,0.009399421,0.688888889,1.0,0.013915971000000001,1
86.32857513427734,0.4,0.008538686,0.6,0.6,0.00679636,0
228.2899932861328,0.4,0.008538686,0.6,0.8,0.013405058999999999,1
303.4364318847656,0.4,0.008538686,0.6,0.8,0.012807352,1
8.451407432556152,0.4,0.008538686,0.6,0.4,0.014190247,0
192.4499969482422,0.4,0.008538686,0.6,0.4,0.01804660241749784,0
30.1200008392334,0.4,0.008538686,0.6,0.6,0.014278026999999999,0
25.520000457763672,0.4,0.008538686,0.6,0.4,0.014769612,0
15.199999809265135,0.4,0.008538686,0.6,0.6,0.01362454,1
30.1200008392334,0.4,0.008538686,0.6,0.8,0.012193415,0
86.26142883300781,0.4,0.010062362,0.5555555560000001,0.4,0.00631056,0
226.00999450683602,0.4,0.010062362,0.5555555560000001,0.8,0.013222926000000001,0
305.76629638671875,0.4,0.010062362,0.5555555560000001,1.0,0.01378795,1
8.310626983642576,0.4,0.010062362,0.5555555560000001,0.4,0.015730408,0
190.8300018310547,0.4,0.010062362,0.5555555560000001,0.4,0.018418392756091008,0
29.649999618530273,0.4,0.010062362,0.5555555560000001,0.6,0.016993209,0
25.26000022888184,0.4,0.010062362,0.5555555560000001,0.4,0.015856729,0
14.75,0.4,0.010062362,0.5555555560000001,0.4,0.019414008,0
29.28000068664551,0.4,0.010062362,0.5555555560000001,0.6,0.017430846,0
85.84571075439453,0.2,0.010730513999999998,0.4,0.2,0.007264543,0
223.0399932861328,0.2,0.010730513999999998,0.4,0.6,0.014999318999999999,0
301.8219299316406,0.2,0.010730513999999998,0.4,0.8,0.015738272,0
8.169845581054688,0.2,0.010730513999999998,0.4,0.2,0.018480447,0
190.33999633789062,0.2,0.010730513999999998,0.4,0.4,0.01769811221257316,0
29.31999969482422,0.2,0.010730513999999998,0.4,0.4,0.016509153000000002,0
25.01000022888184,0.2,0.010730513999999998,0.4,0.2,0.015846489,0
14.390000343322756,0.2,0.010730513999999998,0.4,0.4,0.024163864,0
29.149999618530273,0.2,0.010730513999999998,0.4,0.4,0.01682427,0
82.1385726928711,0.2,0.019028472,0.311111111,0.2,0.015677226000000002,0
217.0500030517578,0.2,0.019028472,0.311111111,0.4,0.01987268,0
302.03057861328125,0.2,0.019028472,0.311111111,0.8,0.014478993999999999,1
8.074478149414062,0.2,0.019028472,0.311111111,0.0,0.016257564,0
191.0800018310547,0.2,0.019028472,0.311111111,0.4,0.013466138143227885,1
29.26000022888184,0.2,0.019028472,0.311111111,0.2,0.013041421999999999,0
25.1299991607666,0.2,0.019028472,0.311111111,0.2,0.010265514,1
13.829999923706055,0.2,0.019028472,0.311111111,0.4,0.025368105,0
28.82999992370605,0.2,0.019028472,0.311111111,0.2,0.013692763,0
82.12571716308594,0.4,0.021215756000000002,0.333333333,0.0,0.013049604,0
220.00999450683602,0.4,0.021215756000000002,0.333333333,0.4,0.014599053,1
304.6982421875,0.4,0.021215756000000002,0.333333333,0.8,0.01200965,1
8.178928375244139,0.4,0.021215756000000002,0.333333333,0.2,0.016772206,1
193.9499969482422,0.4,0.021215756000000002,0.333333333,0.4,0.008937577765461129,1
30.0,0.4,0.021215756000000002,0.333333333,0.2,0.015673285,1
25.5,0.4,0.021215756000000002,0.333333333,0.4,0.01206561,1
13.899999618530273,0.4,0.021215756000000002,0.333333333,0.4,0.020257946000000002,1
29.15999984741211,0.4,0.021215756000000002,0.333333333,0.2,0.014537056999999999,1
83.59428405761719,0.6,0.017702498,0.46666666700000003,0.2,0.013363851999999999,1
237.32000732421875,0.6,0.017702498,0.46666666700000003,0.4,0.028460022,1
315.4284362792969,0.6,0.017702498,0.46666666700000003,0.8,0.013063547,1
8.433242797851562,0.6,0.017702498,0.46666666700000003,0.4,0.017860073,1
196.38999938964844,0.6,0.017702498,0.46666666700000003,0.6,0.008494749911384904,1
30.770000457763672,0.6,0.017702498,0.46666666700000003,0.4,0.015947535,1
26.020000457763672,0.6,0.017702498,0.46666666700000003,0.6,0.01199977,1
14.510000228881836,0.6,0.017702498,0.46666666700000003,0.4,0.028374865,1
29.76000022888184,0.6,0.017702498,0.46666666700000003,0.4,0.015065723999999999,1
85.00428771972656,0.6,0.016509762,0.488888889,0.4,0.016581737,1
236.08999633789062,0.6,0.016509762,0.488888889,0.4,0.027499147999999998,0
314.1070251464844,0.6,0.016509762,0.488888889,0.6,0.012365746,0
8.292461395263674,0.6,0.016509762,0.488888889,0.4,0.017867271,0
196.67999267578125,0.6,0.016509762,0.488888889,0.8,0.00710652467226835,1
30.57999992370605,0.6,0.016509762,0.488888889,0.4,0.01406165,0
25.76000022888184,0.6,0.016509762,0.488888889,0.6,0.011960615,0
14.0,0.6,0.016509762,0.488888889,0.4,0.029483453,0
29.63999938964844,0.6,0.016509762,0.488888889,0.4,0.010294491,0
87.25142669677734,0.6,0.017592733,0.533333333,0.6,0.020905,1
233.3000030517578,0.6,0.017592733,0.533333333,0.4,0.027234444,0
314.43988037109375,0.6,0.017592733,0.533333333,0.8,0.009997695,1
8.283378601074219,0.6,0.017592733,0.533333333,0.4,0.014698348,0
195.97999572753903,0.6,0.017592733,0.533333333,0.8,0.007304785903219367,0
30.20000076293945,0.6,0.017592733,0.533333333,0.4,0.014320959,0
25.70000076293945,0.6,0.017592733,0.533333333,0.6,0.010447036,0
13.850000381469727,0.6,0.017592733,0.533333333,0.4,0.026744953,0
29.46999931335449,0.6,0.017592733,0.533333333,0.4,0.010553605,0
86.68714141845703,0.6,0.008857505,0.533333333,0.6,0.013561723000000001,0
232.08999633789062,0.6,0.008857505,0.533333333,0.4,0.022900516,0
314.2958068847656,0.6,0.008857505,0.533333333,0.6,0.009951074,0
8.019981384277344,0.6,0.008857505,0.533333333,0.4,0.018723384,0
195.17999267578125,0.6,0.008857505,0.533333333,0.6,0.007343637133697058,0
30.31999969482422,0.6,0.008857505,0.533333333,0.6,0.014706381000000001,1
25.93000030517578,0.6,0.008857505,0.533333333,0.6,0.011277308,1
14.880000114440918,0.6,0.008857505,0.533333333,0.6,0.033835407000000005,1
29.40999984741211,0.6,0.008857505,0.533333333,0.4,0.008765257,0
86.82714080810547,0.4,0.007288333,0.37777777799999995,0.8,0.01385342,1
230.80999755859366,0.4,0.007288333,0.37777777799999995,0.2,0.021276061000000002,0
312.343505859375,0.4,0.007288333,0.37777777799999995,0.4,0.009426921999999999,0
7.970027446746826,0.4,0.007288333,0.37777777799999995,0.2,0.017381952,0
194.4499969482422,0.4,0.007288333,0.37777777799999995,0.4,0.005087687993496732,0
29.920000076293945,0.4,0.007288333,0.37777777799999995,0.4,0.012286803,0
25.90999984741211,0.4,0.007288333,0.37777777799999995,0.4,0.008486878,0
14.640000343322756,0.4,0.007288333,0.37777777799999995,0.4,0.036048922000000004,0
29.190000534057607,0.4,0.007288333,0.37777777799999995,0.2,0.007972060999999999,0
87.95714569091797,0.4,0.009860128000000001,0.37777777799999995,0.8,0.012879917,1
234.97000122070312,0.4,0.009860128000000001,0.37777777799999995,0.2,0.009145100000000001,1
318.5928649902344,0.4,0.009860128000000001,0.37777777799999995,0.4,0.006385355,1
8.292461395263674,0.4,0.009860128000000001,0.37777777799999995,0.2,0.019254343,1
198.5200042724609,0.4,0.009860128000000001,0.37777777799999995,0.4,0.006757746744746315,1
30.71999931335449,0.4,0.009860128000000001,0.37777777799999995,0.4,0.012501055,1
26.229999542236328,0.4,0.009860128000000001,0.37777777799999995,0.4,0.00687853,1
15.329999923706055,0.4,0.009860128000000001,0.37777777799999995,0.4,0.036698158,1
29.75,0.4,0.009860128000000001,0.37777777799999995,0.2,0.007693758,1
88.93571472167969,0.6,0.01074099,0.5111111110000001,0.8,0.011731576,1
233.9900054931641,0.6,0.01074099,0.5111111110000001,0.2,0.008942661,0
319.3330383300781,0.6,0.01074099,0.5111111110000001,0.6,0.0060121540000000005,1
8.487738609313965,0.6,0.01074099,0.5111111110000001,0.4,0.020625371,1
198.75999450683602,0.6,0.01074099,0.5111111110000001,0.4,0.00670420225836786,1
31.0,0.6,0.01074099,0.5111111110000001,0.6,0.013089003,1
26.309999465942386,0.6,0.01074099,0.5111111110000001,0.6,0.005490053000000001,1
15.399999618530273,0.6,0.01074099,0.5111111110000001,0.6,0.030581759,1
29.95000076293945,0.6,0.01074099,0.5111111110000001,0.4,0.008231844,1
88.70143127441406,0.8,0.008842064,0.622222222,0.6,0.0069713169999999994,0
236.55999755859366,0.8,0.008842064,0.622222222,0.4,0.008775829,1
318.2004089355469,0.8,0.008842064,0.622222222,0.4,0.0065095890000000005,0
8.610354423522951,0.8,0.008842064,0.622222222,0.6,0.023295555,1
199.92999267578125,0.8,0.008842064,0.622222222,0.6,0.007169686632517274,1
31.5,0.8,0.008842064,0.622222222,0.8,0.013829531,1
26.5,0.8,0.008842064,0.622222222,0.8,0.0064685409999999995,1
15.949999809265135,0.8,0.008842064,0.622222222,0.8,0.035581767,1
30.26000022888184,0.8,0.008842064,0.622222222,0.6,0.009154858,1
88.55142974853516,0.6,0.008989673,0.644444444,0.6,0.006016064000000001,0
234.3800048828125,0.6,0.008989673,0.644444444,0.4,0.009581611,0
319.0399475097656,0.6,0.008989673,0.644444444,0.6,0.00694563,1
8.814713478088379,0.6,0.008989673,0.644444444,0.8,0.021682719,1
199.02999877929688,0.6,0.008989673,0.644444444,0.6,0.007253582700242019,0
31.15999984741211,0.6,0.008989673,0.644444444,0.6,0.015193567,0
26.60000038146973,0.6,0.008989673,0.644444444,0.8,0.005433381,1
15.649999618530273,0.6,0.008989673,0.644444444,0.6,0.024469882999999998,0
30.32999992370605,0.6,0.008989673,0.644444444,0.8,0.009210323000000001,1
88.67571258544922,0.8,0.007671446,0.7555555559999999,0.6,0.005973767,1
234.05999755859366,0.8,0.007671446,0.7555555559999999,0.4,0.008751658,0
319.0995788574219,0.8,0.007671446,0.7555555559999999,0.8,0.005740678000000001,1
8.814713478088379,0.8,0.007671446,0.7555555559999999,0.8,0.020436982,0
198.4199981689453,0.8,0.007671446,0.7555555559999999,0.6,0.007118533124053221,0
31.3700008392334,0.8,0.007671446,0.7555555559999999,0.8,0.013902935,1
26.70000076293945,0.8,0.007671446,0.7555555559999999,1.0,0.006030999,1
15.890000343322756,0.8,0.007671446,0.7555555559999999,0.8,0.024311181,1
30.5,0.8,0.007671446,0.7555555559999999,1.0,0.008835241,1
88.81428527832031,0.8,0.005356077,0.688888889,0.6,0.0036834209999999997,1
232.75,0.8,0.005356077,0.688888889,0.2,0.006266328000000001,0
318.9256896972656,0.8,0.005356077,0.688888889,0.6,0.001848072,0
8.946412086486816,0.8,0.005356077,0.688888889,0.8,0.015333973999999998,1
199.2899932861328,0.8,0.005356077,0.688888889,0.6,0.0038092822310056102,1
31.61000061035156,0.8,0.005356077,0.688888889,0.8,0.01008547,1
26.8799991607666,0.8,0.005356077,0.688888889,1.0,0.004909215,1
15.899999618530273,0.8,0.005356077,0.688888889,0.8,0.015010813999999999,1
30.420000076293945,0.8,0.005356077,0.688888889,0.8,0.005522904,0
90.0,0.8,0.003872241,0.5555555560000001,0.6,0.004128415999999999,1
232.44000244140625,0.8,0.003872241,0.5555555560000001,0.2,0.0056985609999999996,0
327.87249755859375,0.8,0.003872241,0.5555555560000001,0.6,0.006994011,1
8.91008186340332,0.8,0.003872241,0.5555555560000001,0.6,0.011436395,0
199.00999450683602,0.8,0.003872241,0.5555555560000001,0.4,0.00384849915994549,0
31.36000061035156,0.8,0.003872241,0.5555555560000001,0.6,0.009844327,0
26.690000534057607,0.8,0.003872241,0.5555555560000001,0.8,0.005712907,0
15.68000030517578,0.8,0.003872241,0.5555555560000001,0.6,0.016864863,0
30.38999938964844,0.8,0.003872241,0.5555555560000001,0.6,0.004375604,0
90.2414321899414,0.6,0.0035096629999999997,0.488888889,0.8,0.0041380720000000005,1
233.19000244140625,0.6,0.0035096629999999997,0.488888889,0.2,0.00414722,1
332.1695556640625,0.6,0.0035096629999999997,0.488888889,0.8,0.008905815,1
8.792007446289062,0.6,0.0035096629999999997,0.488888889,0.4,0.011197505,0
198.2899932861328,0.6,0.0035096629999999997,0.488888889,0.2,0.0033947846908127088,0
31.35000038146973,0.6,0.0035096629999999997,0.488888889,0.4,0.006682296999999999,0
26.479999542236328,0.6,0.0035096629999999997,0.488888889,0.6,0.005842216,0
15.859999656677244,0.6,0.0035096629999999997,0.488888889,0.6,0.012017913,1
30.1299991607666,0.6,0.0035096629999999997,0.488888889,0.4,0.004016581,0
90.11856842041016,0.8,0.003604467,0.5111111110000001,0.8,0.004072155,0
237.4199981689453,0.8,0.003604467,0.5111111110000001,0.4,0.005932081,1
331.6131896972656,0.8,0.003604467,0.5111111110000001,0.6,0.008713125,0
8.760217666625978,0.8,0.003604467,0.5111111110000001,0.2,0.007173835,0
198.3999938964844,0.8,0.003604467,0.5111111110000001,0.4,0.002605424883187385,1
31.54999923706055,0.8,0.003604467,0.5111111110000001,0.6,0.005799476,1
26.270000457763672,0.8,0.003604467,0.5111111110000001,0.4,0.006673592,0
15.920000076293945,0.8,0.003604467,0.5111111110000001,0.8,0.009012781,1
30.20000076293945,0.8,0.003604467,0.5111111110000001,0.4,0.00401859,1
90.9057159423828,0.8,0.004548605,0.577777778,0.8,0.0055383690000000005,1
241.5500030517578,0.8,0.004548605,0.577777778,0.6,0.009138085,1
334.2609558105469,0.8,0.004548605,0.577777778,0.6,0.010272644000000001,1
8.864668846130371,0.8,0.004548605,0.577777778,0.4,0.009558506,1
200.83999633789062,0.8,0.004548605,0.577777778,0.6,0.004452131303564829,1
32.029998779296875,0.8,0.004548605,0.577777778,0.6,0.007494374,1
26.59000015258789,0.8,0.004548605,0.577777778,0.4,0.008357946,1
17.040000915527347,0.8,0.004548605,0.577777778,0.8,0.020016041000000002,1
30.78000068664551,0.8,0.004548605,0.577777778,0.4,0.006738646,1
92.58714294433594,0.8,0.005399241999999999,0.577777778,0.8,0.008925107,1
241.1699981689453,0.8,0.005399241999999999,0.577777778,0.6,0.008333355,0
336.3821716308594,0.8,0.005399241999999999,0.577777778,0.8,0.011432854,1
8.864668846130371,0.8,0.005399241999999999,0.577777778,0.2,0.006570352,0
201.22000122070312,0.8,0.005399241999999999,0.577777778,0.6,0.003953624032561528,1
32.200000762939446,0.8,0.005399241999999999,0.577777778,0.6,0.007025768000000001,1
26.32999992370605,0.8,0.005399241999999999,0.577777778,0.2,0.008965266999999999,0
17.790000915527344,0.8,0.005399241999999999,0.577777778,0.8,0.028693001,1
30.899999618530273,0.8,0.005399241999999999,0.577777778,0.6,0.006993777,1
95.02143096923828,0.6,0.005651924,0.577777778,0.8,0.01151338,1
240.3500061035156,0.6,0.005651924,0.577777778,0.6,0.008746988,0
335.58734130859375,0.6,0.005651924,0.577777778,0.6,0.006294839,0
9.123523712158203,0.6,0.005651924,0.577777778,0.4,0.011598326,1
200.5,0.6,0.005651924,0.577777778,0.6,0.0043882635446007455,0
32.040000915527344,0.6,0.005651924,0.577777778,0.6,0.006437778000000001,0
26.229999542236328,0.6,0.005651924,0.577777778,0.2,0.00831118,0
17.309999465942386,0.6,0.005651924,0.577777778,0.8,0.031322021,0
30.739999771118164,0.6,0.005651924,0.577777778,0.6,0.007832130999999999,0
93.7228546142578,0.8,0.005470368000000001,0.5111111110000001,0.6,0.013710092,0
239.4499969482422,0.8,0.005470368000000001,0.5111111110000001,0.4,0.008850576,0
332.591796875,0.8,0.005470368000000001,0.5111111110000001,0.4,0.005458917,0
9.050863265991213,0.8,0.005470368000000001,0.5111111110000001,0.4,0.010540786000000002,0
198.6499938964844,0.8,0.005470368000000001,0.5111111110000001,0.6,0.0055100731902517535,0
31.75,0.8,0.005470368000000001,0.5111111110000001,0.6,0.008184244,0
26.11000061035156,0.8,0.005470368000000001,0.5111111110000001,0.2,0.007652524,0
17.0,0.8,0.005470368000000001,0.5111111110000001,0.6,0.032607849,0
30.79999923706055,0.8,0.005470368000000001,0.5111111110000001,0.8,0.006511408000000001,1
95.5528564453125,0.6,0.008903794,0.46666666700000003,0.8,0.017342927,1
243.1000061035156,0.6,0.008903794,0.46666666700000003,0.4,0.008271297,1
336.40203857421875,0.6,0.008903794,0.46666666700000003,0.6,0.00741517,1
8.719346046447754,0.6,0.008903794,0.46666666700000003,0.4,0.017143282,0
197.25,0.6,0.008903794,0.46666666700000003,0.4,0.006808632079563715,0
31.70000076293945,0.6,0.008903794,0.46666666700000003,0.4,0.00722329,0
25.729999542236328,0.6,0.008903794,0.46666666700000003,0.2,0.008977199,0
16.530000686645508,0.6,0.008903794,0.46666666700000003,0.4,0.037380627,0
30.540000915527344,0.6,0.008903794,0.46666666700000003,0.6,0.007735045,0
94.66143035888672,0.4,0.010633551000000002,0.26666666699999997,0.6,0.01746184,0
241.1999969482422,0.4,0.010633551000000002,0.26666666699999997,0.2,0.006355377,0
336.2132568359375,0.4,0.010633551000000002,0.26666666699999997,0.4,0.0059305059999999995,0
8.010899543762207,0.4,0.010633551000000002,0.26666666699999997,0.2,0.031008603,0
195.6999969482422,0.4,0.010633551000000002,0.26666666699999997,0.2,0.005920564850195704,0
31.59000015258789,0.4,0.010633551000000002,0.26666666699999997,0.2,0.004874514,0
25.040000915527344,0.4,0.010633551000000002,0.26666666699999997,0.0,0.01190434,0
16.450000762939453,0.4,0.010633551000000002,0.26666666699999997,0.2,0.024278201,0
30.26000022888184,0.4,0.010633551000000002,0.26666666699999997,0.4,0.005727650999999999,0
94.74571228027344,0.2,0.010056312,0.288888889,0.6,0.013940633000000001,1
245.7400054931641,0.2,0.010056312,0.288888889,0.4,0.009805256,1
337.1223449707031,0.2,0.010056312,0.288888889,0.4,0.005202089,1
7.983651161193848,0.2,0.010056312,0.288888889,0.2,0.031688886,0
197.7700042724609,0.2,0.010056312,0.288888889,0.2,0.007657639705841626,1
31.95000076293945,0.2,0.010056312,0.288888889,0.2,0.006092203000000001,1
24.90999984741211,0.2,0.010056312,0.288888889,0.0,0.010987063,0
16.479999542236328,0.2,0.010056312,0.288888889,0.2,0.015840111,1
30.559999465942386,0.2,0.010056312,0.288888889,0.4,0.006930741999999999,1
96.52571105957031,0.4,0.010774256000000001,0.311111111,0.6,0.012439685,1
243.9199981689453,0.4,0.010774256000000001,0.311111111,0.4,0.010606491000000001,0
332.44775390625,0.4,0.010774256000000001,0.311111111,0.4,0.007502745,0
7.815622329711914,0.4,0.010774256000000001,0.311111111,0.0,0.030058061,0
195.69000244140625,0.4,0.010774256000000001,0.311111111,0.2,0.009045459180974895,0
31.82999992370605,0.4,0.010774256000000001,0.311111111,0.2,0.0058495940000000005,0
24.84000015258789,0.4,0.010774256000000001,0.311111111,0.0,0.010789491000000002,0
16.65999984741211,0.4,0.010774256000000001,0.311111111,0.4,0.012628275,1
30.690000534057607,0.4,0.010774256000000001,0.311111111,0.6,0.006745936,1
96.4000015258789,0.4,0.010904351000000001,0.355555556,0.6,0.009966925,0
246.1100006103516,0.4,0.010904351000000001,0.355555556,0.6,0.011653248,1
336.4367980957031,0.4,0.010904351000000001,0.355555556,0.6,0.008117292,1
7.6748409271240225,0.4,0.010904351000000001,0.355555556,0.0,0.03206781,0
194.8699951171875,0.4,0.010904351000000001,0.355555556,0.2,0.008038134231341282,0
31.57999992370605,0.4,0.010904351000000001,0.355555556,0.2,0.005610196,0
25.0,0.4,0.010904351000000001,0.355555556,0.2,0.01116276,1
16.299999237060547,0.4,0.010904351000000001,0.355555556,0.4,0.013368271999999999,0
30.6299991607666,0.4,0.010904351000000001,0.355555556,0.4,0.006746585,0
96.20999908447266,0.4,0.007215118,0.42222222200000004,0.4,0.0064559859999999995,0
247.1199951171875,0.4,0.007215118,0.42222222200000004,0.6,0.009425354,1
341.78204345703125,0.4,0.007215118,0.42222222200000004,0.6,0.009003613,1
7.69300651550293,0.4,0.007215118,0.42222222200000004,0.2,0.025215542,1
195.0800018310547,0.4,0.007215118,0.42222222200000004,0.4,0.0068441613089673435,1
31.489999771118164,0.4,0.007215118,0.42222222200000004,0.2,0.005865222,0
24.670000076293945,0.4,0.007215118,0.42222222200000004,0.2,0.010891989,0
16.329999923706055,0.4,0.007215118,0.42222222200000004,0.6,0.008206975,1
30.649999618530273,0.4,0.007215118,0.42222222200000004,0.6,0.005188878,1
94.83856964111328,0.4,0.006281389,0.42222222200000004,0.4,0.007441066,0
246.22000122070312,0.4,0.006281389,0.42222222200000004,0.6,0.00859059,0
338.6374816894531,0.4,0.006281389,0.42222222200000004,0.6,0.010731475,0
7.620345115661621,0.4,0.006281389,0.42222222200000004,0.2,0.010854575,0
193.3699951171875,0.4,0.006281389,0.42222222200000004,0.4,0.0070256823712435395,0
31.170000076293945,0.4,0.006281389,0.42222222200000004,0.2,0.007203601,0
24.270000457763672,0.4,0.006281389,0.42222222200000004,0.2,0.008771413,0
16.25,0.4,0.006281389,0.42222222200000004,0.6,0.00821883,0
30.31999969482422,0.4,0.006281389,0.42222222200000004,0.6,0.0055085559999999995,0
95.03428649902344,0.6,0.006108939,0.46666666700000003,0.4,0.0076757330000000006,1
248.2700042724609,0.6,0.006108939,0.46666666700000003,0.6,0.0064912519999999994,1
340.33148193359375,0.6,0.006108939,0.46666666700000003,0.6,0.011191174,1
7.665758609771728,0.6,0.006108939,0.46666666700000003,0.4,0.011366193,1
194.8500061035156,0.6,0.006108939,0.46666666700000003,0.4,0.006440947542017381,1
31.649999618530273,0.6,0.006108939,0.46666666700000003,0.2,0.008004276999999999,1
24.82999992370605,0.6,0.006108939,0.46666666700000003,0.4,0.012347812,1
16.360000610351562,0.6,0.006108939,0.46666666700000003,0.6,0.009207957,1
30.81999969482422,0.6,0.006108939,0.46666666700000003,0.6,0.0068238990000000005,1
96.42428588867188,0.6,0.008290216999999999,0.46666666700000003,0.4,0.006843568,1
247.8800048828125,0.6,0.008290216999999999,0.46666666700000003,0.6,0.005324179,0
338.3195495605469,0.6,0.008290216999999999,0.46666666700000003,0.6,0.00960028,0
7.715713024139402,0.6,0.008290216999999999,0.46666666700000003,0.6,0.008460183000000001,1
194.5399932861328,0.6,0.008290216999999999,0.46666666700000003,0.4,0.004655698857510954,0
31.56999969482422,0.6,0.008290216999999999,0.46666666700000003,0.2,0.007758627,0
24.420000076293945,0.6,0.008290216999999999,0.46666666700000003,0.4,0.015088246999999999,0
16.729999542236328,0.6,0.008290216999999999,0.46666666700000003,0.6,0.011546701000000001,1
30.38999938964844,0.6,0.008290216999999999,0.46666666700000003,0.4,0.008763504,0
95.74714660644531,0.6,0.0068888940000000004,0.46666666700000003,0.4,0.007987599,0
246.22000122070312,0.6,0.0068888940000000004,0.46666666700000003,0.4,0.0048678670000000005,0
338.16058349609375,0.6,0.0068888940000000004,0.46666666700000003,0.4,0.0072944509999999995,0
7.842870235443115,0.6,0.0068888940000000004,0.46666666700000003,0.8,0.008153678000000001,1
195.0399932861328,0.6,0.0068888940000000004,0.46666666700000003,0.6,0.004331664306655809,1
32.06999969482422,0.6,0.0068888940000000004,0.46666666700000003,0.4,0.009355346,1
24.38999938964844,0.6,0.0068888940000000004,0.46666666700000003,0.2,0.014045708999999998,0
15.880000114440918,0.6,0.0068888940000000004,0.46666666700000003,0.6,0.017386345,0
30.38999938964844,0.6,0.0068888940000000004,0.46666666700000003,0.4,0.008372489,0
96.61000061035156,0.8,0.009975304,0.533333333,0.6,0.009395763,1
251.3800048828125,0.8,0.009975304,0.533333333,0.4,0.008238477,1
347.44024658203125,0.8,0.009975304,0.533333333,0.4,0.009605206,1
7.988192558288574,0.8,0.009975304,0.533333333,0.8,0.011386143,1
199.1000061035156,0.8,0.009975304,0.533333333,0.6,0.008279390960771942,1
32.630001068115234,0.8,0.009975304,0.533333333,0.6,0.012277733,1
25.10000038146973,0.8,0.009975304,0.533333333,0.4,0.017227776,1
16.629999160766598,0.8,0.009975304,0.533333333,0.6,0.026464071000000002,1
31.35000038146973,0.8,0.009975304,0.533333333,0.4,0.014559768999999998,1
97.2057113647461,0.8,0.008149225,0.622222222,0.8,0.007778083000000001,1
259.1400146484375,0.8,0.008149225,0.622222222,0.6,0.013684018000000001,1
350.7934265136719,0.8,0.008149225,0.622222222,0.6,0.009695328000000001,1
7.910990238189697,0.8,0.008149225,0.622222222,0.8,0.011430029,0
199.5,0.8,0.008149225,0.622222222,0.8,0.006928059164936856,1
32.59999847412109,0.8,0.008149225,0.622222222,0.6,0.010429239,0
24.190000534057607,0.8,0.008149225,0.622222222,0.4,0.021235969,0
16.549999237060547,0.8,0.008149225,0.622222222,0.6,0.026446396,0
30.95000076293945,0.8,0.008149225,0.622222222,0.4,0.014958256999999999,0
94.67713928222656,0.6,0.008627099000000001,0.46666666700000003,0.6,0.012567863,0
257.08999633789057,0.6,0.008627099000000001,0.46666666700000003,0.4,0.013601008999999999,0
348.1208190917969,0.6,0.008627099000000001,0.46666666700000003,0.4,0.010218598,0
7.9155311584472665,0.6,0.008627099000000001,0.46666666700000003,0.8,0.010352928,1
200.9499969482422,0.6,0.008627099000000001,0.46666666700000003,0.8,0.00685093461986901,1
32.310001373291016,0.6,0.008627099000000001,0.46666666700000003,0.4,0.009128480999999999,0
23.26000022888184,0.6,0.008627099000000001,0.46666666700000003,0.2,0.024310353,0
16.280000686645508,0.6,0.008627099000000001,0.46666666700000003,0.4,0.028355363999999997,0
30.71999931335449,0.6,0.008627099000000001,0.46666666700000003,0.2,0.013146381,0
94.37000274658205,0.6,0.005897445,0.5111111110000001,0.4,0.010291413000000001,0
255.6699981689453,0.6,0.005897445,0.5111111110000001,0.4,0.014391505,0
343.8585205078125,0.6,0.005897445,0.5111111110000001,0.4,0.011485008,0
8.151679992675781,0.6,0.005897445,0.5111111110000001,0.8,0.015016336000000002,1
203.2700042724609,0.6,0.005897445,0.5111111110000001,1.0,0.008841767413713491,1
32.31999969482422,0.6,0.005897445,0.5111111110000001,0.6,0.008684842,1
23.34000015258789,0.6,0.005897445,0.5111111110000001,0.4,0.021695772999999998,1
16.100000381469727,0.6,0.005897445,0.5111111110000001,0.2,0.026043456,0
30.790000915527344,0.6,0.005897445,0.5111111110000001,0.4,0.010811723,1
95.68428802490234,0.6,0.006907334,0.5111111110000001,0.6,0.011672301000000001,1
255.6300048828125,0.6,0.006907334,0.5111111110000001,0.4,0.01308343,0
343.207763671875,0.6,0.006907334,0.5111111110000001,0.4,0.011769536,0
8.169845581054688,0.6,0.006907334,0.5111111110000001,0.8,0.012165967,1
203.7700042724609,0.6,0.006907334,0.5111111110000001,1.0,0.008819690792945721,1
32.259998321533196,0.6,0.006907334,0.5111111110000001,0.4,0.005888574000000001,0
23.190000534057607,0.6,0.006907334,0.5111111110000001,0.4,0.022735411,0
15.800000190734865,0.6,0.006907334,0.5111111110000001,0.2,0.019608786,0
30.78000068664551,0.6,0.006907334,0.5111111110000001,0.4,0.010876681000000001,0
97.56857299804688,0.6,0.006401294,0.5111111110000001,0.6,0.013808488,1
260.239990234375,0.6,0.006401294,0.5111111110000001,0.4,0.012498816999999999,1
350.73876953125,0.6,0.006401294,0.5111111110000001,0.4,0.010669818000000001,1
8.283378601074219,0.6,0.006401294,0.5111111110000001,0.8,0.01123944,1
206.3600006103516,0.6,0.006401294,0.5111111110000001,1.0,0.007198507053089145,1
32.61999893188477,0.6,0.006401294,0.5111111110000001,0.4,0.004628075,1
23.36000061035156,0.6,0.006401294,0.5111111110000001,0.4,0.018379494,1
16.149999618530273,0.6,0.006401294,0.5111111110000001,0.2,0.014593327,1
30.940000534057607,0.6,0.006401294,0.5111111110000001,0.4,0.0055984419999999995,1
98.75428771972656,0.8,0.008549169,0.6,0.6,0.015005786,1
261.26998901367193,0.8,0.008549169,0.6,0.4,0.007116466,1
352.5470275878906,0.8,0.008549169,0.6,0.4,0.009770711999999999,1
8.251589775085451,0.8,0.008549169,0.6,0.8,0.010074062,0
206.80999755859366,0.8,0.008549169,0.6,1.0,0.007232833134050506,1
32.950000762939446,0.8,0.008549169,0.6,0.6,0.006467489,1
23.3700008392334,0.8,0.008549169,0.6,0.6,0.011214118,1
16.379999160766598,0.8,0.008549169,0.6,0.4,0.016479503,1
31.209999084472656,0.8,0.008549169,0.6,0.6,0.004791914,1
99.96857452392578,0.8,0.010311601,0.666666667,0.8,0.012262476000000001,1
258.0,0.8,0.010311601,0.666666667,0.4,0.008037445,0
352.696044921875,0.8,0.010311601,0.666666667,0.6,0.0083315,1
8.269754409790039,0.8,0.010311601,0.666666667,0.8,0.010399532,1
207.1499938964844,0.8,0.010311601,0.666666667,1.0,0.006108002787035313,1
33.09999847412109,0.8,0.010311601,0.666666667,0.8,0.005598822,1
23.309999465942386,0.8,0.010311601,0.666666667,0.6,0.004038478,0
16.239999771118164,0.8,0.010311601,0.666666667,0.4,0.014926075,0
31.209999084472656,0.8,0.010311601,0.666666667,0.6,0.003305636,0
100.27285766601562,0.6,0.013616939,0.688888889,1.0,0.012222426000000002,1
258.75,0.6,0.013616939,0.688888889,0.6,0.00751417,1
356.8192443847656,0.6,0.013616939,0.688888889,0.8,0.008220856,1
8.287919998168945,0.6,0.013616939,0.688888889,0.8,0.004872137,1
207.07000732421875,0.6,0.013616939,0.688888889,0.8,0.003876189118758645,0
33.02000045776367,0.6,0.013616939,0.688888889,0.6,0.006020304000000001,0
23.3700008392334,0.6,0.013616939,0.688888889,0.6,0.003865415,1
16.299999237060547,0.6,0.013616939,0.688888889,0.6,0.013453678,1
31.18000030517578,0.6,0.013616939,0.688888889,0.4,0.003042135,0
100.3000030517578,0.6,0.01539467,0.7111111109999999,1.0,0.009491181,1
261.67999267578125,0.6,0.01539467,0.7111111109999999,0.8,0.009747613,1
361.3994445800781,0.6,0.01539467,0.7111111109999999,1.0,0.010409591999999999,1
8.219799995422362,0.6,0.01539467,0.7111111109999999,0.6,0.006070285999999999,0
206.42999267578125,0.6,0.01539467,0.7111111109999999,0.6,0.004002395196699105,0
32.779998779296875,0.6,0.01539467,0.7111111109999999,0.6,0.007102683,0
23.149999618530273,0.6,0.01539467,0.7111111109999999,0.6,0.004462837,0
16.440000534057614,0.6,0.01539467,0.7111111109999999,0.8,0.011444776,1
31.04999923706055,0.6,0.01539467,0.7111111109999999,0.4,0.003811052,0
99.81428527832031,0.4,0.014534733999999999,0.577777778,0.8,0.006521165,0
260.8099975585937,0.4,0.014534733999999999,0.577777778,0.6,0.00680578,0
361.7074279785156,0.4,0.014534733999999999,0.577777778,1.0,0.0061914330000000005,1
8.065395355224611,0.4,0.014534733999999999,0.577777778,0.4,0.007047861999999999,0
206.17999267578125,0.4,0.014534733999999999,0.577777778,0.4,0.001702529950761244,0
32.259998321533196,0.4,0.014534733999999999,0.577777778,0.4,0.008043482,0
23.18000030517578,0.4,0.014534733999999999,0.577777778,0.6,0.003255873,1
16.059999465942386,0.4,0.014534733999999999,0.577777778,0.6,0.011637287,0
31.45000076293945,0.4,0.014534733999999999,0.577777778,0.4,0.0053479159999999994,1
100.01285552978516,0.4,0.013146353999999999,0.46666666700000003,0.8,0.0044885179999999995,1
257.47000122070307,0.4,0.013146353999999999,0.46666666700000003,0.4,0.008575453,0
364.62347412109375,0.4,0.013146353999999999,0.46666666700000003,1.0,0.006772696999999999,1
7.988192558288574,0.4,0.013146353999999999,0.46666666700000003,0.4,0.00819475,0
205.97999572753903,0.4,0.013146353999999999,0.46666666700000003,0.2,0.0014604041613562155,0
32.470001220703125,0.4,0.013146353999999999,0.46666666700000003,0.4,0.0073221119999999995,1
23.1299991607666,0.4,0.013146353999999999,0.46666666700000003,0.4,0.00360167,0
16.030000686645508,0.4,0.013146353999999999,0.46666666700000003,0.4,0.009162579,0
31.190000534057607,0.4,0.013146353999999999,0.46666666700000003,0.2,0.005256032,0
98.68428802490234,0.4,0.010792481999999999,0.4,0.6,0.004686103,0
254.8000030517578,0.4,0.010792481999999999,0.4,0.4,0.00814633,0
372.2687377929688,0.4,0.010792481999999999,0.4,1.0,0.010881671,1
7.815622329711914,0.4,0.010792481999999999,0.4,0.2,0.012075113,0
205.2899932861328,0.4,0.010792481999999999,0.4,0.0,0.001801573825042937,0
32.220001220703125,0.4,0.010792481999999999,0.4,0.2,0.007951538000000001,0
22.79999923706055,0.4,0.010792481999999999,0.4,0.4,0.005941615999999999,0
16.59000015258789,0.4,0.010792481999999999,0.4,0.6,0.014440076999999999,1
30.78000068664551,0.4,0.010792481999999999,0.4,0.2,0.007885079,0
96.22000122070312,0.4,0.011531106000000001,0.26666666699999997,0.4,0.00907163,0
252.4600067138672,0.4,0.011531106000000001,0.26666666699999997,0.2,0.009401666,0
372.1594543457031,0.4,0.011531106000000001,0.26666666699999997,0.8,0.00860228,0
7.5885558128356925,0.4,0.011531106000000001,0.26666666699999997,0.0,0.017446368,0
204.97999572753903,0.4,0.011531106000000001,0.26666666699999997,0.0,0.002026357490707209,0
31.29999923706055,0.4,0.011531106000000001,0.26666666699999997,0.2,0.013178917,0
22.540000915527344,0.4,0.011531106000000001,0.26666666699999997,0.2,0.0077074909999999995,0
16.399999618530273,0.4,0.011531106000000001,0.26666666699999997,0.4,0.015991711000000002,0
30.38999938964844,0.4,0.011531106000000001,0.26666666699999997,0.2,0.010226962,0
95.02571105957031,0.2,0.010729698000000001,0.24444444399999998,0.2,0.011499902,0
249.6699981689453,0.2,0.010729698000000001,0.24444444399999998,0.0,0.009347196,0
374.2955627441406,0.2,0.010729698000000001,0.24444444399999998,0.8,0.007182995,1
7.7702088356018075,0.2,0.010729698000000001,0.24444444399999998,0.2,0.020590081,1
204.0,0.2,0.010729698000000001,0.24444444399999998,0.0,0.0023643816112189782,0
30.729999542236328,0.2,0.010729698000000001,0.24444444399999998,0.2,0.015367413,0
22.649999618530273,0.2,0.010729698000000001,0.24444444399999998,0.4,0.006800756,1
16.219999313354492,0.2,0.010729698000000001,0.24444444399999998,0.2,0.016469029,0
30.170000076293945,0.2,0.010729698000000001,0.24444444399999998,0.2,0.010840927,0
97.33142852783205,0.4,0.012681911,0.355555556,0.4,0.015384201,1
256.58999633789057,0.4,0.012681911,0.355555556,0.2,0.014225581000000001,1
375.8057556152344,0.4,0.012681911,0.355555556,0.8,0.007819507,1
7.824704647064209,0.4,0.012681911,0.355555556,0.4,0.018235872,1
205.91000366210938,0.4,0.012681911,0.355555556,0.2,0.003994721355877889,1
31.21999931335449,0.4,0.012681911,0.355555556,0.4,0.015383808999999998,1
23.09000015258789,0.4,0.012681911,0.355555556,0.4,0.010426785,1
16.65999984741211,0.4,0.012681911,0.355555556,0.4,0.017271553000000002,1
30.15999984741211,0.4,0.012681911,0.355555556,0.0,0.00833072,0
95.3000030517578,0.2,0.013032571000000001,0.333333333,0.2,0.019160565,0
254.32000732421875,0.2,0.013032571000000001,0.333333333,0.2,0.013433683,0
374.8121948242188,0.2,0.013032571000000001,0.333333333,0.6,0.006735891999999999,0
7.747502326965332,0.2,0.013032571000000001,0.333333333,0.4,0.018294748,0
207.4499969482422,0.2,0.013032571000000001,0.333333333,0.4,0.005296511658905085,1
31.459999084472656,0.2,0.013032571000000001,0.333333333,0.4,0.015619343999999999,1
22.65999984741211,0.2,0.013032571000000001,0.333333333,0.4,0.013719928000000001,0
16.420000076293945,0.2,0.013032571000000001,0.333333333,0.4,0.019779118999999998,0
29.76000022888184,0.2,0.013032571000000001,0.333333333,0.0,0.009329818,0
94.19857025146484,0.4,0.014505044,0.42222222200000004,0.2,0.018815278,0
252.00999450683602,0.4,0.014505044,0.42222222200000004,0.2,0.013176276,0
378.4286804199219,0.4,0.014505044,0.42222222200000004,0.6,0.004472139,1
7.815622329711914,0.4,0.014505044,0.42222222200000004,0.6,0.015732617,1
210.47000122070312,0.4,0.014505044,0.42222222200000004,0.6,0.007538090428875781,1
31.670000076293945,0.4,0.014505044,0.42222222200000004,0.6,0.015414496000000001,1
22.76000022888184,0.4,0.014505044,0.42222222200000004,0.6,0.011749107,1
16.579999923706055,0.4,0.014505044,0.42222222200000004,0.4,0.014741067,1
29.489999771118164,0.4,0.014505044,0.42222222200000004,0.0,0.008515291,0
94.4728546142578,0.4,0.011652576999999999,0.488888889,0.4,0.014403348,1
250.6000061035156,0.4,0.011652576999999999,0.488888889,0.2,0.012458538,0
376.0491638183594,0.4,0.011652576999999999,0.488888889,0.6,0.005671004,0
7.77929162979126,0.4,0.011652576999999999,0.488888889,0.6,0.010851731000000002,0
209.83999633789062,0.4,0.011652576999999999,0.488888889,0.6,0.00783474578732048,0
31.649999618530273,0.4,0.011652576999999999,0.488888889,0.6,0.00983005,0
22.84000015258789,0.4,0.011652576999999999,0.488888889,0.8,0.010171407,1
16.440000534057614,0.4,0.011652576999999999,0.488888889,0.4,0.014139298,0
29.65999984741211,0.4,0.011652576999999999,0.488888889,0.2,0.007134103,1
95.92142486572266,0.4,0.010008634,0.577777778,0.6,0.01498757,1
255.9199981689453,0.4,0.010008634,0.577777778,0.4,0.014494083999999999,1
378.7863464355469,0.4,0.010008634,0.577777778,0.6,0.005978809,1
6.771117210388184,0.4,0.010008634,0.577777778,0.4,0.031983619,0
210.50999450683602,0.4,0.010008634,0.577777778,0.8,0.007517139130708972,1
31.81999969482422,0.4,0.010008634,0.577777778,0.8,0.00726213,1
22.54999923706055,0.4,0.010008634,0.577777778,0.6,0.011734788999999999,0
16.450000762939453,0.4,0.010008634,0.577777778,0.6,0.01206583,1
29.86000061035156,0.4,0.010008634,0.577777778,0.4,0.007034886,1
95.25714111328124,0.4,0.009427402,0.533333333,0.4,0.0115198,0
260.47000122070307,0.4,0.009427402,0.533333333,0.4,0.012506568999999999,1
381.5434265136719,0.4,0.009427402,0.533333333,0.6,0.0066276009999999995,1
6.784740924835205,0.4,0.009427402,0.533333333,0.4,0.03098334,1
210.38999938964844,0.4,0.009427402,0.533333333,0.6,0.005758590720426101,0
31.899999618530273,0.4,0.009427402,0.533333333,0.8,0.004575893,1
22.46999931335449,0.4,0.009427402,0.533333333,0.4,0.008559108000000001,0
16.700000762939453,0.4,0.009427402,0.533333333,0.6,0.009679936,1
30.03000068664551,0.4,0.009427402,0.533333333,0.6,0.008107241,1
93.22714233398438,0.4,0.009245521999999999,0.5555555560000001,0.4,0.011607701000000002,0
258.510009765625,0.4,0.009245521999999999,0.5555555560000001,0.4,0.012242183,0
381.3447265625,0.4,0.009245521999999999,0.5555555560000001,0.6,0.006202994,0
6.68937349319458,0.4,0.009245521999999999,0.5555555560000001,0.4,0.031821276,0
210.58999633789062,0.4,0.009245521999999999,0.5555555560000001,0.6,0.004452918336864326,1
31.38999938964844,0.4,0.009245521999999999,0.5555555560000001,0.6,0.006235912,0
22.68000030517578,0.4,0.009245521999999999,0.5555555560000001,0.6,0.006703717,1
16.860000610351562,0.4,0.009245521999999999,0.5555555560000001,0.8,0.008714952,1
29.85000038146973,0.4,0.009245521999999999,0.5555555560000001,0.6,0.006653526,0
91.16714477539062,0.2,0.0076084559999999996,0.444444444,0.4,0.013715503,0
259.0599975585937,0.2,0.0076084559999999996,0.444444444,0.6,0.01085107,1
376.4714050292969,0.2,0.0076084559999999996,0.444444444,0.4,0.006829096999999999,0
6.566757678985598,0.2,0.0076084559999999996,0.444444444,0.2,0.033728762,0
209.82000732421875,0.2,0.0076084559999999996,0.444444444,0.4,0.0022726375914430795,0
31.18000030517578,0.2,0.0076084559999999996,0.444444444,0.4,0.0062388769999999994,0
22.51000022888184,0.2,0.0076084559999999996,0.444444444,0.4,0.00732022,0
16.440000534057614,0.2,0.0076084559999999996,0.444444444,0.6,0.011748318,0
29.78000068664551,0.2,0.0076084559999999996,0.444444444,0.6,0.005308017,0
90.8357162475586,0.2,0.007777625,0.37777777799999995,0.2,0.013860228999999998,0
250.9600067138672,0.2,0.007777625,0.37777777799999995,0.6,0.015985447,0
369.6408386230469,0.2,0.007777625,0.37777777799999995,0.4,0.00920025,0
6.525885581970215,0.2,0.007777625,0.37777777799999995,0.2,0.034043886,0
207.9900054931641,0.2,0.007777625,0.37777777799999995,0.4,0.003418326799854634,0
30.649999618530273,0.2,0.007777625,0.37777777799999995,0.4,0.009512191,0
21.899999618530273,0.2,0.007777625,0.37777777799999995,0.2,0.012037052,0
16.049999237060547,0.2,0.007777625,0.37777777799999995,0.6,0.014804085,0
29.28000068664551,0.2,0.007777625,0.37777777799999995,0.4,0.007513041,0
91.5585708618164,0.4,0.009322287,0.26666666699999997,0.2,0.012385155,1
244.9900054931641,0.4,0.009322287,0.26666666699999997,0.4,0.016497374,0
369.87432861328125,0.4,0.009322287,0.26666666699999997,0.4,0.007870826,1
6.439600467681885,0.4,0.009322287,0.26666666699999997,0.2,0.010768841000000001,0
205.82000732421875,0.4,0.009322287,0.26666666699999997,0.2,0.004866383722196664,0
30.57999992370605,0.4,0.009322287,0.26666666699999997,0.2,0.008894709,0
21.76000022888184,0.4,0.009322287,0.26666666699999997,0.2,0.010776171999999999,0
15.869999885559082,0.4,0.009322287,0.26666666699999997,0.4,0.01692541,0
28.979999542236328,0.4,0.009322287,0.26666666699999997,0.2,0.008213607,0
89.72856903076172,0.2,0.005960646,0.222222222,0.2,0.014997541999999999,0
244.22000122070312,0.2,0.005960646,0.222222222,0.2,0.013570173999999999,0
373.31195068359375,0.2,0.005960646,0.222222222,0.4,0.008273886999999999,1
6.4713897705078125,0.2,0.005960646,0.222222222,0.2,0.011353741,1
205.75999450683602,0.2,0.005960646,0.222222222,0.2,0.004810695347315439,0
30.71999931335449,0.2,0.005960646,0.222222222,0.2,0.009307508,1
21.68000030517578,0.2,0.005960646,0.222222222,0.2,0.010801932,0
16.079999923706055,0.2,0.005960646,0.222222222,0.4,0.016532400000000003,1
28.95000076293945,0.2,0.005960646,0.222222222,0.0,0.00728199,0
89.95857238769531,0.2,0.007074921999999999,0.26666666699999997,0.4,0.011248062,1
242.3600006103516,0.2,0.007074921999999999,0.26666666699999997,0.2,0.013588426,0
369.9687194824219,0.2,0.007074921999999999,0.26666666699999997,0.4,0.00996085,0
6.544050693511963,0.2,0.007074921999999999,0.26666666699999997,0.4,0.010788113,1
207.8000030517578,0.2,0.007074921999999999,0.26666666699999997,0.2,0.006603476192269758,1
31.0,0.2,0.007074921999999999,0.26666666699999997,0.4,0.007932936,1
21.479999542236328,0.2,0.007074921999999999,0.26666666699999997,0.0,0.01077779,0
15.970000267028807,0.2,0.007074921999999999,0.26666666699999997,0.2,0.015984388999999998,0
29.20000076293945,0.2,0.007074921999999999,0.26666666699999997,0.2,0.007810303,1
90.68000030517578,0.4,0.010348356999999999,0.4,0.6,0.008432665,1
244.17999267578125,0.4,0.010348356999999999,0.4,0.2,0.014664811000000002,1
368.0958862304688,0.4,0.010348356999999999,0.4,0.4,0.008417417,0
6.571298599243164,0.4,0.010348356999999999,0.4,0.6,0.007954879,1
208.92999267578125,0.4,0.010348356999999999,0.4,0.4,0.006959782038358892,1
31.29999923706055,0.4,0.010348356999999999,0.4,0.6,0.008530415,1
21.729999542236328,0.4,0.010348356999999999,0.4,0.2,0.011606418,1
15.949999809265135,0.4,0.010348356999999999,0.4,0.2,0.011252657,0
29.51000022888184,0.4,0.010348356999999999,0.4,0.4,0.009464577,1
92.82714080810548,0.6,0.011686746999999999,0.5555555560000001,0.8,0.012441229,1
243.94000244140625,0.6,0.011686746999999999,0.5555555560000001,0.2,0.008608009,0
369.9438781738281,0.6,0.011686746999999999,0.5555555560000001,0.6,0.005792768,1
6.616712093353272,0.6,0.011686746999999999,0.5555555560000001,0.8,0.008092238,1
211.0,0.6,0.011686746999999999,0.5555555560000001,0.6,0.007196960045203068,1
31.8700008392334,0.6,0.011686746999999999,0.5555555560000001,0.8,0.008772978,1
22.350000381469727,0.6,0.011686746999999999,0.5555555560000001,0.4,0.011893003000000001,1
16.440000534057614,0.6,0.011686746999999999,0.5555555560000001,0.4,0.012652326,1
29.489999771118164,0.6,0.011686746999999999,0.5555555560000001,0.4,0.0062421690000000005,0
92.08714294433594,0.6,0.012780943000000001,0.622222222,0.6,0.012444021000000001,0
247.4900054931641,0.6,0.012780943000000001,0.622222222,0.4,0.006760832,1
375.30401611328125,0.6,0.012780943000000001,0.622222222,0.6,0.008564246,1
6.6848320960998535,0.6,0.012780943000000001,0.622222222,1.0,0.007506871,1
200.6300048828125,0.6,0.012780943000000001,0.622222222,0.6,0.014939702338313788,0
31.229999542236328,0.6,0.012780943000000001,0.622222222,0.8,0.012332534,0
21.790000915527344,0.6,0.012780943000000001,0.622222222,0.4,0.015625651,0
16.450000762939453,0.6,0.012780943000000001,0.622222222,0.6,0.010531001000000002,1
29.59000015258789,0.6,0.012780943000000001,0.622222222,0.6,0.00487118,1
90.37714385986328,0.8,0.01308894,0.577777778,0.6,0.012160447,0
244.8500061035156,0.8,0.01308894,0.577777778,0.4,0.00826565,0
345.25445556640625,0.8,0.01308894,0.577777778,0.4,0.02271889,0
6.721162796020508,0.8,0.01308894,0.577777778,1.0,0.007606524,1
194.9600067138672,0.8,0.01308894,0.577777778,0.6,0.02053358013461274,0
31.1200008392334,0.8,0.01308894,0.577777778,0.6,0.01212135,0
21.670000076293945,0.8,0.01308894,0.577777778,0.4,0.015991788,0
16.459999084472653,0.8,0.01308894,0.577777778,0.6,0.008006058,1
29.5,0.8,0.01308894,0.577777778,0.6,0.005272463000000001,0
87.12000274658203,0.8,0.013488385,0.46666666700000003,0.4,0.018855669,0
240.0,0.8,0.013488385,0.46666666700000003,0.4,0.010704047,0
338.692138671875,0.8,0.013488385,0.46666666700000003,0.4,0.024729209,0
6.575839996337893,0.8,0.013488385,0.46666666700000003,0.8,0.009685254,0
193.3600006103516,0.8,0.013488385,0.46666666700000003,0.4,0.020192047620955743,0
30.479999542236328,0.8,0.013488385,0.46666666700000003,0.4,0.014411547,0
21.270000457763672,0.8,0.013488385,0.46666666700000003,0.4,0.017838499,0
16.139999389648438,0.8,0.013488385,0.46666666700000003,0.6,0.010526113,0
28.63999938964844,0.8,0.013488385,0.46666666700000003,0.4,0.00937586,0
90.57571411132812,0.6,0.010944746000000002,0.42222222200000004,0.4,0.025184979,1
233.77999877929688,0.6,0.010944746000000002,0.42222222200000004,0.2,0.01438549,0
337.1422119140625,0.6,0.010944746000000002,0.42222222200000004,0.4,0.024632023,0
6.680290699005128,0.6,0.010944746000000002,0.42222222200000004,0.8,0.012029302,1
194.3999938964844,0.6,0.010944746000000002,0.42222222200000004,0.4,0.020180180154684202,1
30.79999923706055,0.6,0.010944746000000002,0.42222222200000004,0.4,0.014575804,1
21.459999084472656,0.6,0.010944746000000002,0.42222222200000004,0.4,0.017297293000000002,1
16.100000381469727,0.6,0.010944746000000002,0.42222222200000004,0.6,0.010771288,0
28.0,0.6,0.010944746000000002,0.42222222200000004,0.2,0.011721846000000001,0
87.62285614013672,0.4,0.0076522230000000005,0.355555556,0.2,0.026969534,0
234.30999755859366,0.4,0.0076522230000000005,0.355555556,0.4,0.014642338000000001,1
337.9767761230469,0.4,0.0076522230000000005,0.355555556,0.4,0.024123022999999997,1
6.475931167602539,0.4,0.0076522230000000005,0.355555556,0.6,0.016765407,0
191.25,0.4,0.0076522230000000005,0.355555556,0.2,0.02143938272455177,0
30.59000015258789,0.4,0.0076522230000000005,0.355555556,0.2,0.012297252,0
21.59000015258789,0.4,0.0076522230000000005,0.355555556,0.4,0.012802455,1
16.0,0.4,0.0076522230000000005,0.355555556,0.4,0.0058693190000000004,0
28.04999923706055,0.4,0.0076522230000000005,0.355555556,0.4,0.011943433,1
88.11856842041016,0.2,0.00897166,0.311111111,0.4,0.026506646000000002,1
228.4900054931641,0.2,0.00897166,0.311111111,0.2,0.016699555,0
336.4616394042969,0.2,0.00897166,0.311111111,0.2,0.022121804,0
6.376021862030027,0.2,0.00897166,0.311111111,0.4,0.017791937,0
190.72000122070312,0.2,0.00897166,0.311111111,0.2,0.01216425055601492,0
30.60000038146973,0.2,0.00897166,0.311111111,0.4,0.00834631,1
21.459999084472656,0.2,0.00897166,0.311111111,0.4,0.008995545,0
16.219999313354492,0.2,0.00897166,0.311111111,0.4,0.008497653,1
27.899999618530273,0.2,0.00897166,0.311111111,0.2,0.01233475,0
87.07714080810547,0.2,0.010614048999999999,0.37777777799999995,0.4,0.02515647,0
222.9199981689453,0.2,0.010614048999999999,0.37777777799999995,0.2,0.019441629,0
336.6901550292969,0.2,0.010614048999999999,0.37777777799999995,0.4,0.006244188,1
6.444141864776611,0.2,0.010614048999999999,0.37777777799999995,0.4,0.018841733,1
191.6000061035156,0.2,0.010614048999999999,0.37777777799999995,0.4,0.007434880841407671,1
30.86000061035156,0.2,0.010614048999999999,0.37777777799999995,0.6,0.009341215,1
21.690000534057614,0.2,0.010614048999999999,0.37777777799999995,0.6,0.010037651,1
16.200000762939453,0.2,0.010614048999999999,0.37777777799999995,0.2,0.008622684,0
27.8799991607666,0.2,0.010614048999999999,0.37777777799999995,0.2,0.011869808,0
86.28571319580078,0.2,0.009009927,0.488888889,0.4,0.019766346,0
238.2400054931641,0.2,0.009009927,0.488888889,0.4,0.029224862999999997,1
335.3935852050781,0.2,0.009009927,0.488888889,0.4,0.0032129359999999996,0
6.398728370666504,0.2,0.009009927,0.488888889,0.4,0.015926849,0
193.2700042724609,0.2,0.009009927,0.488888889,0.6,0.007536725370350581,1
30.989999771118164,0.2,0.009009927,0.488888889,0.8,0.006070605,1
21.950000762939453,0.2,0.009009927,0.488888889,0.8,0.008743335,1
16.049999237060547,0.2,0.009009927,0.488888889,0.2,0.006586345,0
28.209999084472656,0.2,0.009009927,0.488888889,0.4,0.008406583,1
85.04571533203125,0.4,0.00794037,0.46666666700000003,0.2,0.014707292,0
232.88999938964844,0.4,0.00794037,0.46666666700000003,0.4,0.028532803,0
337.9519348144531,0.4,0.00794037,0.46666666700000003,0.6,0.003823274,1
6.289736747741699,0.4,0.00794037,0.46666666700000003,0.2,0.016156712,0
194.52999877929688,0.4,0.00794037,0.46666666700000003,0.6,0.007764888317697162,1
31.07999992370605,0.4,0.00794037,0.46666666700000003,0.8,0.004551703,1
21.6299991607666,0.4,0.00794037,0.46666666700000003,0.6,0.009872526,0
16.0,0.4,0.00794037,0.46666666700000003,0.2,0.006713736999999999,0
28.540000915527344,0.4,0.00794037,0.46666666700000003,0.6,0.006276923,1
85.22000122070312,0.6,0.011136326,0.5555555560000001,0.4,0.008596956999999999,1
232.13999938964844,0.6,0.011136326,0.5555555560000001,0.2,0.028723467000000003,0
341.5733947753906,0.6,0.011136326,0.5555555560000001,0.6,0.005471374,1
6.357856273651122,0.6,0.011136326,0.5555555560000001,0.4,0.012204482,1
197.1499938964844,0.6,0.011136326,0.5555555560000001,0.8,0.007217820678544894,1
31.479999542236328,0.6,0.011136326,0.5555555560000001,1.0,0.005762073,1
22.26000022888184,0.6,0.011136326,0.5555555560000001,0.6,0.014486213000000001,1
16.649999618530273,0.6,0.011136326,0.5555555560000001,0.4,0.013596492,1
29.520000457763672,0.6,0.011136326,0.5555555560000001,0.6,0.012787336000000002,1
82.4000015258789,0.6,0.007736626999999999,0.533333333,0.2,0.014083653,0
232.4199981689453,0.6,0.007736626999999999,0.533333333,0.4,0.023996929,1
341.7373352050781,0.6,0.007736626999999999,0.533333333,0.8,0.004670773,1
6.2488646507263175,0.6,0.007736626999999999,0.533333333,0.4,0.01254749,0
193.42999267578125,0.6,0.007736626999999999,0.533333333,0.8,0.010437351256717594,0
31.209999084472656,0.6,0.007736626999999999,0.533333333,0.8,0.007412068000000001,0
22.059999465942386,0.6,0.007736626999999999,0.533333333,0.6,0.015078893999999999,0
16.59000015258789,0.6,0.007736626999999999,0.533333333,0.2,0.011567215,0
29.5,0.6,0.007736626999999999,0.533333333,0.6,0.011853325,0
83.51714324951172,0.6,0.007441771999999999,0.5555555560000001,0.4,0.014431466,1
234.3300018310547,0.6,0.007441771999999999,0.5555555560000001,0.6,0.020765015,1
339.2733459472656,0.6,0.007441771999999999,0.5555555560000001,0.6,0.005976975,0
6.36239767074585,0.6,0.007441771999999999,0.5555555560000001,0.4,0.014044451000000001,1
194.13999938964844,0.6,0.007441771999999999,0.5555555560000001,0.8,0.010248650020755557,1
31.25,0.6,0.007441771999999999,0.5555555560000001,0.8,0.005969055,1
21.84000015258789,0.6,0.007441771999999999,0.5555555560000001,0.4,0.014929911,0
16.559999465942386,0.6,0.007441771999999999,0.5555555560000001,0.2,0.011682296000000002,0
29.6299991607666,0.6,0.007441771999999999,0.5555555560000001,0.8,0.012591302,1
83.2642822265625,0.8,0.007674731,0.577777778,0.4,0.013219235,0
237.55999755859366,0.8,0.007674731,0.577777778,0.6,0.00977696,1
338.6573486328125,0.8,0.007674731,0.577777778,0.6,0.005569917,0
6.5395097732543945,0.8,0.007674731,0.577777778,0.6,0.018202463999999998,1
195.07000732421875,0.8,0.007674731,0.577777778,0.8,0.009463516628182058,1
31.6299991607666,0.8,0.007674731,0.577777778,0.8,0.00755854,1
21.729999542236328,0.8,0.007674731,0.577777778,0.2,0.013539823000000001,0
17.299999237060547,0.8,0.007674731,0.577777778,0.4,0.018767621,1
29.86000061035156,0.8,0.007674731,0.577777778,0.8,0.011776505,1
79.71428680419922,0.6,0.012670466000000002,0.488888889,0.4,0.018872121999999998,0
232.05999755859366,0.6,0.012670466000000002,0.488888889,0.6,0.009916095,0
331.404541015625,0.6,0.012670466000000002,0.488888889,0.4,0.008327608,0
6.217075347900393,0.6,0.012670466000000002,0.488888889,0.6,0.024656917999999996,0
191.16000366210938,0.6,0.012670466000000002,0.488888889,0.6,0.01216846788575312,0
30.790000915527344,0.6,0.012670466000000002,0.488888889,0.6,0.012289109,0
20.90999984741211,0.6,0.012670466000000002,0.488888889,0.2,0.018171258,0
17.209999084472653,0.6,0.012670466000000002,0.488888889,0.4,0.019185041,0
29.07999992370605,0.6,0.012670466000000002,0.488888889,0.6,0.014661281000000002,0
76.82142639160156,0.4,0.011408106999999999,0.333333333,0.2,0.025720331000000003,0
227.3500061035156,0.4,0.011408106999999999,0.333333333,0.6,0.013331301,0
324.0374450683594,0.4,0.011408106999999999,0.333333333,0.2,0.010630411000000001,0
6.27611255645752,0.4,0.011408106999999999,0.333333333,0.6,0.024390061,1
190.1000061035156,0.4,0.011408106999999999,0.333333333,0.4,0.010583817009343952,0
30.420000076293945,0.4,0.011408106999999999,0.333333333,0.4,0.012118492,0
20.82999992370605,0.4,0.011408106999999999,0.333333333,0.0,0.013111188000000001,0
16.940000534057614,0.4,0.011408106999999999,0.333333333,0.2,0.01419774,0
28.809999465942386,0.4,0.011408106999999999,0.333333333,0.4,0.00965068,0
78.15142822265625,0.6,0.010503847,0.37777777799999995,0.4,0.022564747000000003,1
226.30999755859366,0.6,0.010503847,0.37777777799999995,0.4,0.014004965,0
329.37274169921875,0.6,0.010503847,0.37777777799999995,0.2,0.013827431999999999,1
6.180744647979736,0.6,0.010503847,0.37777777799999995,0.6,0.024000571000000002,0
189.63999938964844,0.6,0.010503847,0.37777777799999995,0.4,0.00729400220241303,0
30.35000038146973,0.6,0.010503847,0.37777777799999995,0.4,0.010863335,0
20.799999237060547,0.6,0.010503847,0.37777777799999995,0.0,0.011602288999999998,0
18.0,0.6,0.010503847,0.37777777799999995,0.4,0.025991777,1
28.82999992370605,0.6,0.010503847,0.37777777799999995,0.6,0.009654019,1
77.5471420288086,0.4,0.009271586,0.288888889,0.2,0.021399687999999997,0
226.47000122070312,0.4,0.009271586,0.288888889,0.4,0.012502788,1
330.7984619140625,0.4,0.009271586,0.288888889,0.4,0.013251114,1
6.08991813659668,0.4,0.009271586,0.288888889,0.4,0.02330587,0
189.25,0.4,0.009271586,0.288888889,0.2,0.006971184521288384,0
30.29999923706055,0.4,0.009271586,0.288888889,0.2,0.010936498000000001,0
20.770000457763672,0.4,0.009271586,0.288888889,0.0,0.009896185,0
17.75,0.4,0.009271586,0.288888889,0.4,0.028407883,0
28.21999931335449,0.4,0.009271586,0.288888889,0.4,0.013004376000000002,0
77.55714416503906,0.2,0.010926473999999999,0.2,0.4,0.020819953000000002,1
226.6000061035156,0.2,0.010926473999999999,0.2,0.4,0.009860805,1
327.3955993652344,0.2,0.010926473999999999,0.2,0.4,0.014945348999999998,0
5.967302322387695,0.2,0.010926473999999999,0.2,0.2,0.021765252000000002,0
188.32000732421875,0.2,0.010926473999999999,0.2,0.0,0.006995924057631403,0
30.020000457763672,0.2,0.010926473999999999,0.2,0.0,0.010352680999999999,0
20.280000686645508,0.2,0.010926473999999999,0.2,0.0,0.013607195,0
17.690000534057614,0.2,0.010926473999999999,0.2,0.2,0.020146738,0
27.09000015258789,0.2,0.010926473999999999,0.2,0.2,0.019460384,0
76.6971435546875,0.2,0.008869053,0.2,0.4,0.01451062,0
222.9499969482422,0.2,0.008869053,0.2,0.4,0.00845194,0
324.1665954589844,0.2,0.008869053,0.2,0.4,0.012634616999999999,0
5.967302322387695,0.2,0.008869053,0.2,0.2,0.011904133,0
185.50999450683602,0.2,0.008869053,0.2,0.0,0.005971398675212807,0
29.57999992370605,0.2,0.008869053,0.2,0.0,0.007972660999999999,0
19.959999084472656,0.2,0.008869053,0.2,0.0,0.009215862,0
17.68000030517578,0.2,0.008869053,0.2,0.2,0.019219333999999998,0
26.84000015258789,0.2,0.008869053,0.2,0.2,0.016081698999999998,0
75.08856964111328,0.4,0.00921516,0.26666666699999997,0.4,0.01144716,0
220.6000061035156,0.4,0.00921516,0.26666666699999997,0.4,0.00650074,0
321.5386962890625,0.4,0.00921516,0.26666666699999997,0.4,0.00980996,0
5.940054416656494,0.4,0.00921516,0.26666666699999997,0.0,0.010918177,0
185.8500061035156,0.4,0.00921516,0.26666666699999997,0.2,0.005228952199880061,1
29.95000076293945,0.4,0.00921516,0.26666666699999997,0.2,0.008070974,1
20.030000686645508,0.4,0.00921516,0.26666666699999997,0.2,0.009152097,1
17.93000030517578,0.4,0.00921516,0.26666666699999997,0.4,0.018909693999999998,1
26.65999984741211,0.4,0.00921516,0.26666666699999997,0.2,0.015566033,0
75.38285827636719,0.2,0.010000788,0.311111111,0.4,0.008768423000000001,1
225.22999572753903,0.2,0.010000788,0.311111111,0.6,0.009783476999999999,1
321.49896240234375,0.2,0.010000788,0.311111111,0.2,0.006541661999999999,0
5.835604190826416,0.2,0.010000788,0.311111111,0.0,0.011395912,0
186.94000244140625,0.2,0.010000788,0.311111111,0.4,0.005917974329324383,1
30.0,0.2,0.010000788,0.311111111,0.4,0.007944637,1
20.190000534057614,0.2,0.010000788,0.311111111,0.4,0.010461646,1
18.0,0.2,0.010000788,0.311111111,0.4,0.007175754,1
26.520000457763672,0.2,0.010000788,0.311111111,0.0,0.016477448000000002,0
80.81857299804688,0.4,0.01211828,0.444444444,0.6,0.021643594,1
229.7100067138672,0.4,0.01211828,0.444444444,0.6,0.01362024,1
331.9460144042969,0.4,0.01211828,0.444444444,0.2,0.012174908,1
6.039963722229004,0.4,0.01211828,0.444444444,0.2,0.015460783,1
190.3500061035156,0.4,0.01211828,0.444444444,0.6,0.009154902588688736,1
30.13999938964844,0.4,0.01211828,0.444444444,0.6,0.008548469,1
20.25,0.4,0.01211828,0.444444444,0.6,0.010767545,1
17.899999618530273,0.4,0.01211828,0.444444444,0.4,0.005509091999999999,0
26.729999542236328,0.4,0.01211828,0.444444444,0.2,0.013829444,1
80.12999725341797,0.4,0.010937609,0.488888889,0.4,0.023321801,0
233.77999877929688,0.4,0.010937609,0.488888889,0.6,0.017049022,1
332.8203125,0.4,0.010937609,0.488888889,0.4,0.010644317,1
5.317893028259277,0.4,0.010937609,0.488888889,0.2,0.035343706,0
189.1999969482422,0.4,0.010937609,0.488888889,0.6,0.009380393460211968,0
30.20000076293945,0.4,0.010937609,0.488888889,0.8,0.007098444000000001,1
19.51000022888184,0.4,0.010937609,0.488888889,0.6,0.013357843000000001,0
18.200000762939453,0.4,0.010937609,0.488888889,0.6,0.008185009,1
26.709999084472656,0.4,0.010937609,0.488888889,0.2,0.005970593000000001,0
80.24285888671875,0.6,0.008866699,0.622222222,0.6,0.021385777,1
238.02999877929688,0.6,0.008866699,0.622222222,0.8,0.017463375,1
330.7835693359375,0.6,0.008866699,0.622222222,0.4,0.009895707,0
5.422343254089356,0.6,0.008866699,0.622222222,0.4,0.039271962,1
190.2899932861328,0.6,0.008866699,0.622222222,0.8,0.0075483139114512,1
30.399999618530273,0.6,0.008866699,0.622222222,1.0,0.005491556999999999,1
19.36000061035156,0.6,0.008866699,0.622222222,0.6,0.011739678,0
17.790000915527344,0.6,0.008866699,0.622222222,0.6,0.012577441000000002,0
26.95000076293945,0.6,0.008866699,0.622222222,0.4,0.005921986,1
81.64286041259766,0.6,0.011322261,0.7333333329999999,0.8,0.020680575,1
239.8800048828125,0.6,0.011322261,0.7333333329999999,1.0,0.016909718,1
331.8267822265625,0.6,0.011322261,0.7333333329999999,0.6,0.008905133,1
5.649409770965576,0.6,0.011322261,0.7333333329999999,0.6,0.046733939,1
193.4900054931641,0.6,0.011322261,0.7333333329999999,0.8,0.010545044901424732,1
30.920000076293945,0.6,0.011322261,0.7333333329999999,1.0,0.006410916,1
19.71999931335449,0.6,0.011322261,0.7333333329999999,0.6,0.014757254,1
18.43000030517578,0.6,0.011322261,0.7333333329999999,0.6,0.016944433000000002,1
27.70000076293945,0.6,0.011322261,0.7333333329999999,0.6,0.010146564,1
84.21857452392578,0.6,0.012300459,0.7333333329999999,0.8,0.026206442000000003,1
243.6199951171875,0.6,0.012300459,0.7333333329999999,1.0,0.015830303,1
328.4388122558594,0.6,0.012300459,0.7333333329999999,0.6,0.010922428999999999,0
5.785649299621582,0.6,0.012300459,0.7333333329999999,0.8,0.048040270999999996,1
192.8800048828125,0.6,0.012300459,0.7333333329999999,0.6,0.010002584065532566,0
30.959999084472656,0.6,0.012300459,0.7333333329999999,1.0,0.006335758,1
19.88999938964844,0.6,0.012300459,0.7333333329999999,0.6,0.014883791,1
18.450000762939453,0.6,0.012300459,0.7333333329999999,0.6,0.016380665,1
27.38999938964844,0.6,0.012300459,0.7333333329999999,0.6,0.011334583,0
83.54000091552734,0.6,0.009845093000000001,0.622222222,0.6,0.01339628,0
243.3999938964844,0.6,0.009845093000000001,0.622222222,0.8,0.012032747,0
333.18792724609375,0.6,0.009845093000000001,0.622222222,0.6,0.0073153969999999995,1
5.613079071044922,0.6,0.009845093000000001,0.622222222,0.6,0.047001842,0
191.22999572753903,0.6,0.009845093000000001,0.622222222,0.4,0.00806526860352602,0
31.21999931335449,0.6,0.009845093000000001,0.622222222,1.0,0.007082016,1
19.93000030517578,0.6,0.009845093000000001,0.622222222,0.6,0.014691663999999998,1
18.25,0.6,0.009845093000000001,0.622222222,0.6,0.017437578999999998,0
27.07999992370605,0.6,0.009845093000000001,0.622222222,0.4,0.012014476000000001,0
83.27714538574219,0.8,0.011180178999999998,0.7111111109999999,0.6,0.012321569,0
247.1100006103516,0.8,0.011180178999999998,0.7111111109999999,0.8,0.011537641000000001,1
339.6260681152344,0.8,0.011180178999999998,0.7111111109999999,0.6,0.010653197,1
5.781107902526856,0.8,0.011180178999999998,0.7111111109999999,0.8,0.02907912,1
191.97999572753903,0.8,0.011180178999999998,0.7111111109999999,0.6,0.007641354295108831,1
31.79999923706055,0.8,0.011180178999999998,0.7111111109999999,1.0,0.010399432,1
20.09000015258789,0.8,0.011180178999999998,0.7111111109999999,0.8,0.008988642,1
18.399999618530273,0.8,0.011180178999999998,0.7111111109999999,0.6,0.015729443,1
27.36000061035156,0.8,0.011180178999999998,0.7111111109999999,0.6,0.01393278,1
84.19428253173828,0.8,0.012817356,0.7111111109999999,0.6,0.014242487,1
251.2700042724609,0.8,0.012817356,0.7111111109999999,0.8,0.011268668999999999,1
343.7095031738281,0.8,0.012817356,0.7111111109999999,0.8,0.011833932,1
5.853769302368164,0.8,0.012817356,0.7111111109999999,0.8,0.027664617000000002,1
191.52999877929688,0.8,0.012817356,0.7111111109999999,0.4,0.006957933938924393,0
31.84000015258789,0.8,0.012817356,0.7111111109999999,1.0,0.009326514000000001,1
19.530000686645508,0.8,0.012817356,0.7111111109999999,0.8,0.013025881000000001,0
18.729999542236328,0.8,0.012817356,0.7111111109999999,0.8,0.014810906,1
26.95000076293945,0.8,0.012817356,0.7111111109999999,0.4,0.015132762,0
83.6114273071289,0.6,0.008329416,0.644444444,0.4,0.012137624,0
252.0500030517578,0.6,0.008329416,0.644444444,0.8,0.010335083,1
346.9285583496094,0.6,0.008329416,0.644444444,0.8,0.013076305,1
5.899182796478272,0.6,0.008329416,0.644444444,0.8,0.020840998,1
190.07000732421875,0.6,0.008329416,0.644444444,0.2,0.005119189805851139,0
32.18000030517578,0.6,0.008329416,0.644444444,1.0,0.008041138,1
19.56999969482422,0.6,0.008329416,0.644444444,0.8,0.009716502,1
18.920000076293945,0.6,0.008329416,0.644444444,0.8,0.009644696,1
26.6200008392334,0.6,0.008329416,0.644444444,0.2,0.012015878999999998,0
83.7414321899414,0.6,0.009117354,0.5555555560000001,0.4,0.006138886999999999,1
250.3300018310547,0.6,0.009117354,0.5555555560000001,0.6,0.008581675,0
345.3786315917969,0.6,0.009117354,0.5555555560000001,0.8,0.011927807,0
5.844686508178711,0.6,0.009117354,0.5555555560000001,0.6,0.017865443999999998,0
189.47999572753903,0.6,0.009117354,0.5555555560000001,0.2,0.005109501737190171,0
32.310001373291016,0.6,0.009117354,0.5555555560000001,1.0,0.008590374,1
19.540000915527344,0.6,0.009117354,0.5555555560000001,0.6,0.008298942,0
18.440000534057614,0.6,0.009117354,0.5555555560000001,0.6,0.014501644,0
26.43000030517578,0.6,0.009117354,0.5555555560000001,0.2,0.011205103999999999,0
82.2642822265625,0.6,0.010782989,0.6,0.4,0.008055312,0
252.4900054931641,0.6,0.010782989,0.6,0.8,0.01012679,1
343.28228759765625,0.6,0.010782989,0.6,0.6,0.010249814,0
6.144413948059082,0.6,0.010782989,0.6,0.8,0.022156394,1
189.3600006103516,0.6,0.010782989,0.6,0.2,0.0035252412440132533,0
32.380001068115234,0.6,0.010782989,0.6,1.0,0.007344086,1
19.96999931335449,0.6,0.010782989,0.6,0.6,0.012297933,1
18.700000762939453,0.6,0.010782989,0.6,0.8,0.015153574,1
26.3700008392334,0.6,0.010782989,0.6,0.2,0.009395533000000001,0
76.97000122070312,0.4,0.011959141000000001,0.488888889,0.4,0.020297416000000002,0
253.9600067138672,0.4,0.011959141000000001,0.488888889,0.8,0.008242708,1
341.6876525878906,0.4,0.011959141000000001,0.488888889,0.4,0.007314296,0
6.27611255645752,0.4,0.011959141000000001,0.488888889,0.8,0.020456123,1
188.6499938964844,0.4,0.011959141000000001,0.488888889,0.0,0.0034907469424544212,0
32.0,0.4,0.011959141000000001,0.488888889,0.8,0.005975654,0
19.850000381469727,0.4,0.011959141000000001,0.488888889,0.4,0.011894107,0
18.649999618530273,0.4,0.011959141000000001,0.488888889,0.6,0.014044514,0
26.670000076293945,0.4,0.011959141000000001,0.488888889,0.2,0.009602888,1
78.17713928222656,0.4,0.009539414,0.5111111110000001,0.4,0.021231447999999997,1
253.3699951171875,0.4,0.009539414,0.5111111110000001,0.6,0.005340431999999999,0
343.33197021484375,0.4,0.009539414,0.5111111110000001,0.4,0.005872099,1
6.280653953552246,0.4,0.009539414,0.5111111110000001,0.8,0.018087089,1
189.6999969482422,0.4,0.009539414,0.5111111110000001,0.2,0.004135127091179303,1
32.029998779296875,0.4,0.009539414,0.5111111110000001,0.8,0.005911568000000001,1
20.15999984741211,0.4,0.009539414,0.5111111110000001,0.6,0.009442619000000001,1
18.56999969482422,0.4,0.009539414,0.5111111110000001,0.4,0.011315466000000001,0
26.729999542236328,0.4,0.009539414,0.5111111110000001,0.4,0.0070557530000000005,1
76.17857360839844,0.6,0.009460923000000001,0.444444444,0.4,0.024959815,0
253.2700042724609,0.6,0.009460923000000001,0.444444444,0.4,0.004798516,0
339.8943176269531,0.6,0.009460923000000001,0.444444444,0.2,0.006001497,0
6.330608367919923,0.6,0.009460923000000001,0.444444444,0.8,0.01812623,1
191.9499969482422,0.6,0.009460923000000001,0.444444444,0.4,0.004982737278991541,1
31.920000076293945,0.6,0.009460923000000001,0.444444444,0.6,0.0044627370000000005,0
20.15999984741211,0.6,0.009460923000000001,0.444444444,0.4,0.009033003000000001,0
18.76000022888184,0.6,0.009460923000000001,0.444444444,0.4,0.011332947,1
26.459999084472656,0.6,0.009460923000000001,0.444444444,0.4,0.00662698,0
75.68856811523438,0.6,0.008594589,0.533333333,0.2,0.025935307,0
247.7700042724609,0.6,0.008594589,0.533333333,0.4,0.007776897,0
340.4953918457031,0.6,0.008594589,0.533333333,0.4,0.005461667,1
6.4305176734924325,0.6,0.008594589,0.533333333,1.0,0.019435031000000002,1
192.6199951171875,0.6,0.008594589,0.533333333,0.6,0.005059997759792603,1
32.06999969482422,0.6,0.008594589,0.533333333,0.6,0.0045946220000000005,1
20.07999992370605,0.6,0.008594589,0.533333333,0.4,0.009520074,0
19.309999465942386,0.6,0.008594589,0.533333333,0.6,0.012122487,1
26.940000534057607,0.6,0.008594589,0.533333333,0.6,0.008827607,1
77.3414306640625,0.6,0.007015655,0.6,0.4,0.026774958999999997,1
250.69000244140625,0.6,0.007015655,0.6,0.4,0.008408196,1
346.1883850097656,0.6,0.007015655,0.6,0.6,0.0075916740000000005,1
6.475931167602539,0.6,0.007015655,0.6,1.0,0.01059106,1
194.1999969482422,0.6,0.007015655,0.6,0.8,0.006573878178965353,1
32.34000015258789,0.6,0.007015655,0.6,0.6,0.005845141999999999,1
20.649999618530273,0.6,0.007015655,0.6,0.4,0.01079615,1
19.280000686645508,0.6,0.007015655,0.6,0.4,0.009613235,0
27.31999969482422,0.6,0.007015655,0.6,0.8,0.011194659,1
77.0,0.8,0.009326089000000001,0.644444444,0.4,0.01478648,0
251.75999450683602,0.8,0.009326089000000001,0.644444444,0.4,0.00809743,1
346.52618408203125,0.8,0.009326089000000001,0.644444444,0.8,0.0068577759999999995,1
6.5985469818115225,0.8,0.009326089000000001,0.644444444,1.0,0.010091101,1
192.9499969482422,0.8,0.009326089000000001,0.644444444,0.8,0.0071113093761806185,0
31.940000534057607,0.8,0.009326089000000001,0.644444444,0.6,0.005971722,0
20.670000076293945,0.8,0.009326089000000001,0.644444444,0.6,0.009788067,1
19.399999618530273,0.8,0.009326089000000001,0.644444444,0.6,0.010323266,1
27.239999771118164,0.8,0.009326089000000001,0.644444444,0.6,0.009505003,0
75.66999816894531,0.8,0.00932164,0.5111111110000001,0.2,0.015104385,0
251.25,0.8,0.00932164,0.5111111110000001,0.4,0.008037924,0
349.0795593261719,0.8,0.00932164,0.5111111110000001,0.8,0.007369006,1
6.584922790527344,0.8,0.00932164,0.5111111110000001,0.8,0.010359326,0
191.9900054931641,0.8,0.00932164,0.5111111110000001,0.6,0.006993201166333759,0
31.61000061035156,0.8,0.00932164,0.5111111110000001,0.4,0.007850603000000001,0
20.489999771118164,0.8,0.00932164,0.5111111110000001,0.4,0.008406304,0
18.90999984741211,0.8,0.00932164,0.5111111110000001,0.6,0.014516902,0
27.11000061035156,0.8,0.00932164,0.5111111110000001,0.4,0.010009536,0
72.82714080810547,0.6,0.010221437,0.533333333,0.2,0.017505299,0
249.19000244140625,0.6,0.010221437,0.533333333,0.4,0.009598794,0
348.71197509765625,0.6,0.010221437,0.533333333,0.8,0.005577084,0
6.698455810546875,0.6,0.010221437,0.533333333,0.8,0.012216858999999998,1
191.75999450683602,0.6,0.010221437,0.533333333,0.4,0.004860641799477586,0
31.959999084472656,0.6,0.010221437,0.533333333,0.6,0.009378234000000001,1
20.530000686645508,0.6,0.010221437,0.533333333,0.6,0.008796748,1
19.09000015258789,0.6,0.010221437,0.533333333,0.6,0.014374343000000001,1
26.809999465942386,0.6,0.010221437,0.533333333,0.4,0.010202544000000001,0
74.11856842041016,0.8,0.01224827,0.5555555560000001,0.4,0.019765388999999998,1
253.8600006103516,0.8,0.01224827,0.5555555560000001,0.6,0.009003746,1
358.0611572265625,0.8,0.01224827,0.5555555560000001,0.8,0.010585523999999999,1
6.453224182128906,0.8,0.01224827,0.5555555560000001,0.6,0.016382505,0
193.6199951171875,0.8,0.01224827,0.5555555560000001,0.4,0.006102470831365191,1
32.31999969482422,0.8,0.01224827,0.5555555560000001,0.6,0.010691207,1
20.56999969482422,0.8,0.01224827,0.5555555560000001,0.8,0.008392762,1
18.90999984741211,0.8,0.01224827,0.5555555560000001,0.4,0.010396619000000001,0
27.10000038146973,0.8,0.01224827,0.5555555560000001,0.4,0.008737794,1
76.27143096923828,0.8,0.015861805,0.5555555560000001,0.4,0.021207093,1
260.39999389648443,0.8,0.015861805,0.5555555560000001,0.6,0.011799163,1
358.2052307128906,0.8,0.015861805,0.5555555560000001,0.8,0.0073220509999999996,1
6.5985469818115225,0.8,0.015861805,0.5555555560000001,0.6,0.01947395,1
195.69000244140625,0.8,0.015861805,0.5555555560000001,0.4,0.006600149600863067,1
32.880001068115234,0.8,0.015861805,0.5555555560000001,0.6,0.012472743,1
20.959999084472656,0.8,0.015861805,0.5555555560000001,0.8,0.006507398,1
18.8799991607666,0.8,0.015861805,0.5555555560000001,0.4,0.010403210999999999,0
27.559999465942386,0.8,0.015861805,0.5555555560000001,0.4,0.009311543,1
75.18714141845703,0.8,0.009574417,0.488888889,0.4,0.023167414,0
257.989990234375,0.8,0.009574417,0.488888889,0.4,0.012796527,0
357.72833251953125,0.8,0.009574417,0.488888889,0.6,0.007393168,0
6.530426979064941,0.8,0.009574417,0.488888889,0.4,0.017751831000000003,0
195.0800018310547,0.8,0.009574417,0.488888889,0.4,0.0059362525746778595,0
34.09000015258789,0.8,0.009574417,0.488888889,0.8,0.01735912,1
21.100000381469727,0.8,0.009574417,0.488888889,0.8,0.007649579,1
18.850000381469727,0.8,0.009574417,0.488888889,0.2,0.009476193,0
27.309999465942386,0.8,0.009574417,0.488888889,0.4,0.010540116,0
74.5328598022461,0.8,0.016467773,0.5555555560000001,0.4,0.021453272000000002,0
261.5,0.8,0.016467773,0.5555555560000001,0.6,0.015112427,1
358.8460388183594,0.8,0.016467773,0.5555555560000001,0.6,0.006544360999999999,1
6.553133487701416,0.8,0.016467773,0.5555555560000001,0.6,0.018034292,1
194.7700042724609,0.8,0.016467773,0.5555555560000001,0.4,0.005259000796379277,0
33.939998626708984,0.8,0.016467773,0.5555555560000001,0.8,0.016172778,0
21.030000686645508,0.8,0.016467773,0.5555555560000001,0.8,0.006571426,0
18.790000915527344,0.8,0.016467773,0.5555555560000001,0.2,0.005061248,0
27.68000030517578,0.8,0.016467773,0.5555555560000001,0.6,0.01229528,1
74.19000244140625,0.8,0.020148285,0.46666666700000003,0.4,0.014859458999999998,0
256.92001342773443,0.8,0.020148285,0.46666666700000003,0.6,0.016975486,0
355.5028076171875,0.8,0.020148285,0.46666666700000003,0.6,0.008197083,0
6.512261390686035,0.8,0.020148285,0.46666666700000003,0.4,0.015833426,0
193.4199981689453,0.8,0.020148285,0.46666666700000003,0.4,0.006405650232512414,0
33.759998321533196,0.8,0.020148285,0.46666666700000003,0.6,0.015018996000000001,0
20.770000457763672,0.8,0.020148285,0.46666666700000003,0.6,0.008653643,0
18.399999618530273,0.8,0.020148285,0.46666666700000003,0.0,0.007308648,0
27.45000076293945,0.8,0.020148285,0.46666666700000003,0.6,0.011743911999999999,0
74.30999755859375,0.6,0.018299828,0.37777777799999995,0.4,0.011636384,1
258.6199951171875,0.6,0.018299828,0.37777777799999995,0.6,0.014550698,1
352.4576110839844,0.6,0.018299828,0.37777777799999995,0.4,0.004548137,0
6.36239767074585,0.6,0.018299828,0.37777777799999995,0.4,0.013113901,0
192.3999938964844,0.6,0.018299828,0.37777777799999995,0.2,0.005520428679434229,0
33.610000610351555,0.6,0.018299828,0.37777777799999995,0.4,0.013654788000000001,0
20.63999938964844,0.6,0.018299828,0.37777777799999995,0.4,0.009515795,0
18.700000762939453,0.6,0.018299828,0.37777777799999995,0.2,0.008683722,1
27.059999465942386,0.6,0.018299828,0.37777777799999995,0.4,0.012422073,0
73.28571319580078,0.4,0.014480671,0.26666666699999997,0.2,0.008583931999999999,0
248.6300048828125,0.4,0.014480671,0.26666666699999997,0.4,0.017123871000000002,0
352.1446533203125,0.4,0.014480671,0.26666666699999997,0.2,0.004645249000000001,0
6.412352561950684,0.4,0.014480671,0.26666666699999997,0.4,0.010180336,1
191.9499969482422,0.4,0.014480671,0.26666666699999997,0.0,0.00384998450753988,0
33.610000610351555,0.4,0.014480671,0.26666666699999997,0.2,0.010189433000000001,0
20.649999618530273,0.4,0.014480671,0.26666666699999997,0.4,0.005820771999999999,1
18.780000686645508,0.4,0.014480671,0.26666666699999997,0.4,0.009222036999999999,1
26.86000061035156,0.4,0.014480671,0.26666666699999997,0.2,0.010505434,0
73.58000183105469,0.2,0.015275743999999999,0.311111111,0.4,0.00654382,1
248.30999755859366,0.2,0.015275743999999999,0.311111111,0.4,0.015530286,0
350.86297607421875,0.2,0.015275743999999999,0.311111111,0.2,0.005106904000000001,0
6.376021862030027,0.2,0.015275743999999999,0.311111111,0.4,0.009248786,0
192.7100067138672,0.2,0.015275743999999999,0.311111111,0.2,0.004018431938068541,1
33.27000045776367,0.2,0.015275743999999999,0.311111111,0.0,0.00485255,0
20.51000022888184,0.2,0.015275743999999999,0.311111111,0.2,0.005840808,0
18.86000061035156,0.2,0.015275743999999999,0.311111111,0.6,0.009756222,1
26.959999084472656,0.2,0.015275743999999999,0.311111111,0.4,0.009435801,1
72.79856872558594,0.0,0.009495287,0.222222222,0.4,0.006927448,0
245.17999267578125,0.0,0.009495287,0.222222222,0.2,0.015330288999999999,0
347.7432556152344,0.0,0.009495287,0.222222222,0.0,0.006260326,0
6.212533950805664,0.0,0.009495287,0.222222222,0.2,0.01368159,0
189.8300018310547,0.0,0.009495287,0.222222222,0.2,0.006689568199100424,0
33.02000045776367,0.0,0.009495287,0.222222222,0.0,0.005475373,0
20.229999542236328,0.0,0.009495287,0.222222222,0.2,0.007907686,0
18.5,0.0,0.009495287,0.222222222,0.6,0.012937233000000001,0
26.54999923706055,0.0,0.009495287,0.222222222,0.2,0.009767706,0
76.02428436279297,0.2,0.005549681,0.4,0.6,0.014869462,1
250.8699951171875,0.2,0.005549681,0.4,0.4,0.016468921,1
351.4044494628906,0.2,0.005549681,0.4,0.2,0.00650269,1
6.4713897705078125,0.2,0.005549681,0.4,0.4,0.020767525,1
191.5500030517578,0.2,0.005549681,0.4,0.4,0.007115460492584862,1
33.31999969482422,0.2,0.005549681,0.4,0.2,0.006231751999999999,1
20.6200008392334,0.2,0.005549681,0.4,0.4,0.009290698,1
18.299999237060547,0.2,0.005549681,0.4,0.6,0.010948246000000002,0
26.709999084472656,0.2,0.005549681,0.4,0.4,0.009311132,1
78.43285369873047,0.4,0.009593669,0.533333333,0.6,0.020882297,1
257.3099975585937,0.4,0.009593669,0.533333333,0.4,0.020279701,1
359.2881774902344,0.4,0.009593669,0.533333333,0.4,0.009276496,1
6.8210716247558585,0.4,0.009593669,0.533333333,0.6,0.026972025,1
196.3500061035156,0.4,0.009593669,0.533333333,0.6,0.011072505834260877,1
34.689998626708984,0.4,0.009593669,0.533333333,0.4,0.013566423000000001,1
21.3799991607666,0.4,0.009593669,0.533333333,0.6,0.01541035,1
18.799999237060547,0.4,0.009593669,0.533333333,0.6,0.013151845,1
27.6200008392334,0.4,0.009593669,0.533333333,0.6,0.013283533,1
77.44285583496094,0.6,0.013931516000000001,0.533333333,0.6,0.020649957,0
258.48001098632807,0.6,0.013931516000000001,0.533333333,0.6,0.013463507,1
359.496826171875,0.6,0.013931516000000001,0.533333333,0.6,0.009215055,1
6.875567436218263,0.6,0.013931516000000001,0.533333333,0.6,0.026999575,1
195.2700042724609,0.6,0.013931516000000001,0.533333333,0.6,0.011704811749042508,0
34.310001373291016,0.6,0.013931516000000001,0.533333333,0.4,0.01575724,0
21.31999969482422,0.6,0.013931516000000001,0.533333333,0.4,0.015874716,0
18.799999237060547,0.6,0.013931516000000001,0.533333333,0.4,0.012296231000000001,0
27.25,0.6,0.013931516000000001,0.533333333,0.6,0.014484569,0
75.28571319580078,0.8,0.013815261,0.533333333,0.4,0.025417757000000003,0
259.14999389648443,0.8,0.013815261,0.533333333,0.8,0.013724493,1
366.6006164550781,0.8,0.013815261,0.533333333,0.8,0.012439203000000001,1
6.875567436218263,0.8,0.013815261,0.533333333,0.6,0.025866427999999997,0
193.9900054931641,0.8,0.013815261,0.533333333,0.4,0.012223932673504544,0
34.610000610351555,0.8,0.013815261,0.533333333,0.6,0.015482788,1
21.15999984741211,0.8,0.013815261,0.533333333,0.4,0.016019726,0
19.38999938964844,0.8,0.013815261,0.533333333,0.4,0.017720859,1
26.739999771118164,0.8,0.013815261,0.533333333,0.4,0.017483099999999998,0
74.84285736083984,0.8,0.014123911999999999,0.6,0.4,0.024470187,0
268.45999145507807,0.8,0.014123911999999999,0.6,1.0,0.018388473,1
365.0010070800781,0.8,0.014123911999999999,0.6,0.8,0.011533561000000001,0
6.889191627502441,0.8,0.014123911999999999,0.6,0.8,0.021134524,1
193.13999938964844,0.8,0.014123911999999999,0.6,0.4,0.010111320686928351,0
34.43000030517578,0.8,0.014123911999999999,0.6,0.6,0.015020097,0
21.25,0.8,0.014123911999999999,0.6,0.6,0.014140007,1
19.239999771118164,0.8,0.014123911999999999,0.6,0.4,0.015450435,0
26.690000534057607,0.8,0.014123911999999999,0.6,0.4,0.014815523,0
75.0442886352539,0.6,0.014614626,0.488888889,0.4,0.016146435,1
266.3800048828125,0.6,0.014614626,0.488888889,0.8,0.015296552,0
364.28070068359375,0.6,0.014614626,0.488888889,0.6,0.009822561,0
6.989100933074951,0.6,0.014614626,0.488888889,0.8,0.015701648999999998,1
192.8699951171875,0.6,0.014614626,0.488888889,0.2,0.008578766067053883,0
34.439998626708984,0.6,0.014614626,0.488888889,0.6,0.0132611,1
21.09000015258789,0.6,0.014614626,0.488888889,0.4,0.011790215,0
19.21999931335449,0.6,0.014614626,0.488888889,0.4,0.013496168999999999,0
26.54999923706055,0.6,0.014614626,0.488888889,0.2,0.014659343,0
73.87142944335938,0.6,0.010521127,0.42222222200000004,0.2,0.012935898000000001,0
266.35000610351557,0.6,0.010521127,0.42222222200000004,0.6,0.01018494,0
366.6751403808594,0.6,0.010521127,0.42222222200000004,0.6,0.006650191,1
7.1980018615722665,0.6,0.010521127,0.42222222200000004,0.8,0.010872545,1
192.32000732421875,0.6,0.010521127,0.42222222200000004,0.0,0.004137336384526383,0
34.459999084472656,0.6,0.010521127,0.42222222200000004,0.6,0.005153963,1
21.450000762939453,0.6,0.010521127,0.42222222200000004,0.4,0.007832694,1
19.479999542236328,0.6,0.010521127,0.42222222200000004,0.4,0.010737206000000001,1
26.70000076293945,0.6,0.010521127,0.42222222200000004,0.2,0.008975358000000001,1
74.78713989257812,0.6,0.007679395,0.5111111110000001,0.4,0.012890651999999999,1
265.33999633789057,0.6,0.007679395,0.5111111110000001,0.4,0.010033929,0
368.3442687988281,0.6,0.007679395,0.5111111110000001,0.6,0.007444458,1
7.393279075622559,0.6,0.007679395,0.5111111110000001,0.8,0.014700551000000001,1
192.8800048828125,0.6,0.007679395,0.5111111110000001,0.2,0.0036196183271425438,1
34.90999984741211,0.6,0.007679395,0.5111111110000001,0.8,0.0055748740000000005,1
21.799999237060547,0.6,0.007679395,0.5111111110000001,0.6,0.010534816,1
19.84000015258789,0.6,0.007679395,0.5111111110000001,0.6,0.01443331,1
26.459999084472656,0.6,0.007679395,0.5111111110000001,0.2,0.008093899,0
74.32857513427734,0.4,0.0072967530000000004,0.533333333,0.4,0.008546044000000001,0
267.94000244140625,0.4,0.0072967530000000004,0.533333333,0.4,0.011475281,1
367.6040954589844,0.4,0.0072967530000000004,0.533333333,0.4,0.003894276,0
7.338782787322997,0.4,0.0072967530000000004,0.533333333,0.8,0.016174763,0
194.4499969482422,0.4,0.0072967530000000004,0.533333333,0.4,0.003936561267980207,1
34.860000610351555,0.4,0.0072967530000000004,0.533333333,0.6,0.004112564,0
22.0,0.4,0.0072967530000000004,0.533333333,0.8,0.010868748000000001,1
20.040000915527344,0.4,0.0072967530000000004,0.533333333,0.6,0.01017285,1
26.82999992370605,0.4,0.0072967530000000004,0.533333333,0.4,0.007147459,1
71.67857360839844,0.6,0.006764076,0.577777778,0.4,0.014500082,0
272.73001098632807,0.6,0.006764076,0.577777778,0.4,0.007865688000000001,1
359.2881774902344,0.6,0.006764076,0.577777778,0.4,0.007545993000000001,0
7.697547912597656,0.6,0.006764076,0.577777778,0.8,0.025555692999999997,1
192.6199951171875,0.6,0.006764076,0.577777778,0.4,0.004942455017633429,0
34.959999084472656,0.6,0.006764076,0.577777778,0.8,0.003646115,1
22.0,0.6,0.006764076,0.577777778,0.6,0.010018085,0
20.059999465942386,0.6,0.006764076,0.577777778,0.8,0.00882525,1
26.88999938964844,0.6,0.006764076,0.577777778,0.6,0.007220749,1
69.41714477539061,0.8,0.005993788000000001,0.5555555560000001,0.2,0.02027172,0
271.89999389648443,0.8,0.005993788000000001,0.5555555560000001,0.4,0.006924792,0
360.12274169921875,0.8,0.005993788000000001,0.5555555560000001,0.6,0.007615871,1
7.50681209564209,0.8,0.005993788000000001,0.5555555560000001,0.6,0.027610983,0
192.5,0.8,0.005993788000000001,0.5555555560000001,0.4,0.004787453244453853,0
34.700000762939446,0.8,0.005993788000000001,0.5555555560000001,0.6,0.005075441,0
21.8799991607666,0.8,0.005993788000000001,0.5555555560000001,0.6,0.009603121,0
19.700000762939453,0.8,0.005993788000000001,0.5555555560000001,0.8,0.012206565,0
27.209999084472656,0.8,0.005993788000000001,0.5555555560000001,0.8,0.008551722,1
72.29856872558594,0.8,0.004372743,0.533333333,0.4,0.025447706,1
268.92999267578125,0.8,0.004372743,0.533333333,0.4,0.009086897,0
355.2842102050781,0.8,0.004372743,0.533333333,0.4,0.008988415,0
7.815622329711914,0.8,0.004372743,0.533333333,0.6,0.029860544,1
192.58999633789062,0.8,0.004372743,0.533333333,0.6,0.004310636228818636,1
34.639999389648445,0.8,0.004372743,0.533333333,0.4,0.005305123,0
22.11000061035156,0.8,0.004372743,0.533333333,0.6,0.008291565,1
20.170000076293945,0.8,0.004372743,0.533333333,0.8,0.014272614,1
27.040000915527344,0.8,0.004372743,0.533333333,0.6,0.008671294,0
71.81143188476562,0.8,0.004039547,0.46666666700000003,0.2,0.024316075,0
270.48001098632807,0.8,0.004039547,0.46666666700000003,0.6,0.009481219,1
353.3617248535156,0.8,0.004039547,0.46666666700000003,0.2,0.009160226,0
7.7702088356018075,0.8,0.004039547,0.46666666700000003,0.4,0.025596792,0
193.6499938964844,0.8,0.004039547,0.46666666700000003,0.6,0.004829057595718478,1
34.61999893188477,0.8,0.004039547,0.46666666700000003,0.2,0.0028088709999999997,0
22.68000030517578,0.8,0.004039547,0.46666666700000003,0.6,0.010184211,1
20.0,0.8,0.004039547,0.46666666700000003,0.6,0.012262181,0
27.25,0.8,0.004039547,0.46666666700000003,0.8,0.008426777,1
71.42857360839844,1.0,0.004107327,0.42222222200000004,0.2,0.024156043,0
272.1199951171875,1.0,0.004107327,0.42222222200000004,0.6,0.008734111999999999,1
349.9787292480469,1.0,0.004107327,0.42222222200000004,0.2,0.010673084,0
7.7702088356018075,1.0,0.004107327,0.42222222200000004,0.4,0.024122581,0
194.47000122070312,1.0,0.004107327,0.42222222200000004,0.6,0.0040480069669273965,1
35.110000610351555,1.0,0.004107327,0.42222222200000004,0.4,0.005353168,1
21.25,1.0,0.004107327,0.42222222200000004,0.4,0.020959573999999998,0
19.88999938964844,1.0,0.004107327,0.42222222200000004,0.4,0.011346051000000001,0
27.25,1.0,0.004107327,0.42222222200000004,0.6,0.005630095999999999,0
72.11000061035156,1.0,0.005781522,0.4,0.4,0.018933534,1
270.19000244140625,1.0,0.005781522,0.4,0.4,0.006577164,0
349.1640319824219,1.0,0.005781522,0.4,0.2,0.006614265,0
7.833787441253662,1.0,0.005781522,0.4,0.4,0.015981814,1
196.0800018310547,1.0,0.005781522,0.4,0.8,0.003821556118040946,1
34.93000030517578,1.0,0.005781522,0.4,0.2,0.005804804,0
21.170000076293945,1.0,0.005781522,0.4,0.4,0.021712514,0
20.049999237060547,1.0,0.005781522,0.4,0.4,0.012755312,1
27.149999618530273,1.0,0.005781522,0.4,0.4,0.005916787,0
73.43000030517578,0.8,0.006130292,0.46666666700000003,0.6,0.01628469,1
268.1099853515625,0.8,0.006130292,0.46666666700000003,0.4,0.007508161,0
368.3542175292969,0.8,0.006130292,0.46666666700000003,0.2,0.017141774,1
7.724795818328857,0.8,0.006130292,0.46666666700000003,0.4,0.013808662,0
204.72000122070312,0.8,0.006130292,0.46666666700000003,1.0,0.012509692324677685,1
34.689998626708984,0.8,0.006130292,0.46666666700000003,0.2,0.005691585999999999,0
21.11000061035156,0.8,0.006130292,0.46666666700000003,0.4,0.021188432000000004,0
20.549999237060547,0.8,0.006130292,0.46666666700000003,0.6,0.014153623999999998,1
27.61000061035156,0.8,0.006130292,0.46666666700000003,0.4,0.0069253119999999994,1
64.35713958740234,0.8,0.006631973,0.46666666700000003,0.4,0.032694517,0
273.45999145507807,0.8,0.006631973,0.46666666700000003,0.6,0.009314438000000001,1
374.6681518554688,0.8,0.006631973,0.46666666700000003,0.4,0.017882804,1
7.724795818328857,0.8,0.006631973,0.46666666700000003,0.2,0.005581195,0
204.4199981689453,0.8,0.006631973,0.46666666700000003,0.8,0.012709275851248307,0
34.939998626708984,0.8,0.006631973,0.46666666700000003,0.4,0.0067870940000000005,1
20.950000762939453,0.8,0.006631973,0.46666666700000003,0.2,0.02060191,0
21.649999618530273,0.8,0.006631973,0.46666666700000003,0.6,0.020087657,1
27.6299991607666,0.8,0.006631973,0.46666666700000003,0.6,0.005820649000000001,1
62.84000015258789,0.8,0.006374565,0.488888889,0.4,0.036061697999999996,0
283.989990234375,0.8,0.006374565,0.488888889,0.6,0.015863016,1
374.39990234375,0.8,0.006374565,0.488888889,0.4,0.016943773,0
7.715713024139402,0.8,0.006374565,0.488888889,0.2,0.004654234,0
204.97000122070312,0.8,0.006374565,0.488888889,0.8,0.012146605124472723,1
35.380001068115234,0.8,0.006374565,0.488888889,0.6,0.009190236,1
20.959999084472656,0.8,0.006374565,0.488888889,0.2,0.015541323999999999,1
21.31999969482422,0.8,0.006374565,0.488888889,0.6,0.021450483,0
27.8799991607666,0.8,0.006374565,0.488888889,0.6,0.006077029,1
64.26142883300781,0.8,0.00650889,0.533333333,0.6,0.039519372000000004,1
276.04000854492193,0.8,0.00650889,0.533333333,0.4,0.020249145,0
372.93939208984375,0.8,0.00650889,0.533333333,0.4,0.015809211,0
7.729336738586426,0.8,0.00650889,0.533333333,0.4,0.005007376,1
204.92999267578125,0.8,0.00650889,0.533333333,0.6,0.01133874725609788,0
35.540000915527344,0.8,0.00650889,0.533333333,0.6,0.007263957,1
21.049999237060547,0.8,0.00650889,0.533333333,0.4,0.003789873,1
20.989999771118164,0.8,0.00650889,0.533333333,0.6,0.023446161,0
27.90999984741211,0.8,0.00650889,0.533333333,0.8,0.006292241999999999,1
65.46714019775389,0.8,0.004645199,0.577777778,0.6,0.041363896000000004,1
260.35000610351557,0.8,0.004645199,0.577777778,0.4,0.030198577999999997,0
374.4048461914063,0.8,0.004645199,0.577777778,0.6,0.016129535,1
7.484105587005615,0.8,0.004645199,0.577777778,0.2,0.009716369,0
203.8999938964844,0.8,0.004645199,0.577777778,0.4,0.010688184395563186,0
35.779998779296875,0.8,0.004645199,0.577777778,0.8,0.007589185,1
21.280000686645508,0.8,0.004645199,0.577777778,0.6,0.005222219,1
22.11000061035156,0.8,0.004645199,0.577777778,0.6,0.03250907,1
28.01000022888184,0.8,0.004645199,0.577777778,1.0,0.0062748859999999995,1
65.26142883300781,1.0,0.004274256,0.5555555560000001,0.4,0.038331265,0
272.760009765625,1.0,0.004274256,0.5555555560000001,0.6,0.038192231,1
374.4793701171875,1.0,0.004274256,0.5555555560000001,0.6,0.00517727,1
7.447774887084961,1.0,0.004274256,0.5555555560000001,0.2,0.007904642,0
203.5200042724609,1.0,0.004274256,0.5555555560000001,0.2,0.0022481771671315678,0
35.380001068115234,1.0,0.004274256,0.5555555560000001,0.8,0.008450872,0
21.3700008392334,1.0,0.004274256,0.5555555560000001,0.8,0.00550125,1
22.399999618530273,1.0,0.004274256,0.5555555560000001,0.6,0.030144777,1
27.85000038146973,1.0,0.004274256,0.5555555560000001,0.8,0.004028745,0
65.06999969482422,1.0,0.005827334,0.5111111110000001,0.4,0.014206327,0
265.5,1.0,0.005827334,0.5111111110000001,0.4,0.039524695,0
375.4033508300781,1.0,0.005827334,0.5111111110000001,0.6,0.002242559,1
7.497729301452638,1.0,0.005827334,0.5111111110000001,0.4,0.009246101,1
203.07000732421875,1.0,0.005827334,0.5111111110000001,0.2,0.002397304924716299,0
35.5099983215332,1.0,0.005827334,0.5111111110000001,0.8,0.007744396999999999,1
21.040000915527344,1.0,0.005827334,0.5111111110000001,0.8,0.007073823000000001,0
21.0,1.0,0.005827334,0.5111111110000001,0.4,0.031939174,0
27.45000076293945,1.0,0.005827334,0.5111111110000001,0.6,0.0067564090000000005,0
64.8028564453125,1.0,0.006705899,0.533333333,0.4,0.010312670999999999,0
265.0,1.0,0.006705899,0.533333333,0.2,0.032200034,0
385.2940368652344,1.0,0.006705899,0.533333333,0.8,0.00736873,1
7.475022792816162,1.0,0.006705899,0.533333333,0.4,0.009616632,0
205.17999267578125,1.0,0.006705899,0.533333333,0.2,0.003937280762337998,1
36.209999084472656,1.0,0.006705899,0.533333333,0.8,0.009168336,1
21.36000061035156,1.0,0.006705899,0.533333333,0.8,0.010020196,1
21.43000030517578,1.0,0.006705899,0.533333333,0.6,0.032985917000000003,1
27.93000030517578,1.0,0.006705899,0.533333333,0.6,0.008444046,1
63.18857192993164,0.8,0.008083581,0.42222222200000004,0.2,0.010770848999999999,0
259.98001098632807,0.8,0.008083581,0.42222222200000004,0.2,0.030389929,0
377.0576171875,0.8,0.008083581,0.42222222200000004,0.8,0.010863936999999999,0
7.347865581512451,0.8,0.008083581,0.42222222200000004,0.2,0.012665678999999999,0
203.7899932861328,0.8,0.008083581,0.42222222200000004,0.2,0.0052531496620568646,0
35.130001068115234,0.8,0.008083581,0.42222222200000004,0.6,0.014229063,0
21.15999984741211,0.8,0.008083581,0.42222222200000004,0.6,0.011034081999999999,0
21.11000061035156,0.8,0.008083581,0.42222222200000004,0.6,0.032876697,0
27.440000534057607,0.8,0.008083581,0.42222222200000004,0.4,0.011737603000000001,0
65.40571594238281,0.8,0.010393133,0.444444444,0.2,0.014035876999999999,1
266.8900146484375,0.8,0.010393133,0.444444444,0.4,0.024337806,1
380.3959045410156,0.8,0.010393133,0.444444444,0.8,0.011848747,1
7.543142795562744,0.8,0.010393133,0.444444444,0.4,0.011635423999999998,1
202.7899932861328,0.8,0.010393133,0.444444444,0.2,0.005229331978786852,0
35.47999954223633,0.8,0.010393133,0.444444444,0.6,0.014871074,1
21.18000030517578,0.8,0.010393133,0.444444444,0.6,0.009037836,1
20.979999542236328,0.8,0.010393133,0.444444444,0.4,0.023436595,0
27.5,0.8,0.010393133,0.444444444,0.4,0.011458325,1
65.33571624755861,0.8,0.011210333999999999,0.42222222200000004,0.2,0.013621483,0
262.22000122070307,0.8,0.011210333999999999,0.42222222200000004,0.2,0.018304062,0
382.5965881347656,0.8,0.011210333999999999,0.42222222200000004,0.8,0.012965987,1
7.57947301864624,0.8,0.011210333999999999,0.42222222200000004,0.6,0.011627812,1
201.0200042724609,0.8,0.011210333999999999,0.42222222200000004,0.2,0.00660224784402561,0
35.09999847412109,0.8,0.011210333999999999,0.42222222200000004,0.6,0.014777259,0
20.989999771118164,0.8,0.011210333999999999,0.42222222200000004,0.4,0.00998612,0
22.440000534057614,0.8,0.011210333999999999,0.42222222200000004,0.4,0.034731383,1
27.34000015258789,0.8,0.011210333999999999,0.42222222200000004,0.4,0.011479511999999999,0
66.88857269287111,0.8,0.010500755,0.42222222200000004,0.4,0.017788299,1
260.23001098632807,0.8,0.010500755,0.42222222200000004,0.2,0.014498496000000001,0
384.474365234375,0.8,0.010500755,0.42222222200000004,0.8,0.013454108999999999,1
7.465939998626709,0.8,0.010500755,0.42222222200000004,0.4,0.013282156000000002,0
199.7400054931641,0.8,0.010500755,0.42222222200000004,0.2,0.007433537753444875,0
34.560001373291016,0.8,0.010500755,0.42222222200000004,0.4,0.017119303,0
20.809999465942386,0.8,0.010500755,0.42222222200000004,0.4,0.008612784,0
22.959999084472656,0.8,0.010500755,0.42222222200000004,0.6,0.026865955,1
27.28000068664551,0.8,0.010500755,0.42222222200000004,0.4,0.009045896999999999,0
67.85428619384766,0.8,0.00967627,0.46666666700000003,0.6,0.019854733,1
261.95001220703125,0.8,0.00967627,0.46666666700000003,0.4,0.015443756000000001,1
390.1474609375,0.8,0.00967627,0.46666666700000003,0.8,0.011135836000000001,1
7.661217212677003,0.8,0.00967627,0.46666666700000003,0.6,0.017907615,1
201.67999267578125,0.8,0.00967627,0.46666666700000003,0.2,0.007297963503370338,1
34.900001525878906,0.8,0.00967627,0.46666666700000003,0.4,0.01514434,1
21.0,0.8,0.00967627,0.46666666700000003,0.4,0.007397013000000001,1
22.709999084472656,0.8,0.00967627,0.46666666700000003,0.4,0.024948414,0
27.54999923706055,0.8,0.00967627,0.46666666700000003,0.4,0.007528094,1
68.56143188476561,1.0,0.013896742,0.5555555560000001,0.8,0.0169569,1
257.20999145507807,1.0,0.013896742,0.5555555560000001,0.4,0.015274112,0
388.6820068359375,1.0,0.013896742,0.5555555560000001,0.8,0.007611672,0
7.643051624298098,1.0,0.013896742,0.5555555560000001,0.6,0.014979646999999999,0
200.16000366210938,1.0,0.013896742,0.5555555560000001,0.2,0.007450383681911504,0
34.959999084472656,1.0,0.013896742,0.5555555560000001,0.6,0.009522974,1
21.030000686645508,1.0,0.013896742,0.5555555560000001,0.6,0.0058100669999999995,1
22.690000534057607,1.0,0.013896742,0.5555555560000001,0.4,0.02213807,0
27.86000061035156,1.0,0.013896742,0.5555555560000001,0.6,0.006269788,1
66.84285736083984,1.0,0.011842425,0.533333333,0.6,0.014952591999999999,0
258.70001220703125,1.0,0.011842425,0.533333333,0.4,0.011116919,1
387.8275451660156,1.0,0.011842425,0.533333333,0.6,0.006280639,0
7.76566743850708,1.0,0.011842425,0.533333333,0.6,0.012872995,1
200.0399932861328,1.0,0.011842425,0.533333333,0.2,0.006588895667742267,0
35.110000610351555,1.0,0.011842425,0.533333333,0.6,0.008388516,1
21.190000534057614,1.0,0.011842425,0.533333333,0.6,0.007142661,1
22.75,1.0,0.011842425,0.533333333,0.6,0.021435278999999998,1
27.8799991607666,1.0,0.011842425,0.533333333,0.6,0.005976039,1
66.71571350097656,1.0,0.017724746,0.6,0.6,0.015118971,0
269.47000122070307,1.0,0.017724746,0.6,0.6,0.015943578,1
388.9005737304688,1.0,0.017724746,0.6,0.6,0.005676944000000001,1
7.724795818328857,1.0,0.017724746,0.6,0.4,0.012962353000000001,0
200.08999633789062,1.0,0.017724746,0.6,0.4,0.004893251292445751,1
34.990001678466804,1.0,0.017724746,0.6,0.6,0.0069300180000000005,0
21.25,1.0,0.017724746,0.6,0.8,0.005914811,1
22.770000457763672,1.0,0.017724746,0.6,0.6,0.00769308,1
28.03000068664551,1.0,0.017724746,0.6,0.8,0.005888454,1
66.65571594238281,0.8,0.022566707999999998,0.6,0.4,0.010545361999999999,0
269.239990234375,0.8,0.022566707999999998,0.6,0.6,0.014596488999999999,0
391.36456298828125,0.8,0.022566707999999998,0.6,0.6,0.005962504,1
7.733878135681152,0.8,0.022566707999999998,0.6,0.6,0.010201698,1
199.6499938964844,0.8,0.022566707999999998,0.6,0.4,0.004059551947571047,0
34.900001525878906,0.8,0.022566707999999998,0.6,0.6,0.004367545,0
21.229999542236328,0.8,0.022566707999999998,0.6,0.8,0.004387945,0
22.26000022888184,0.8,0.022566707999999998,0.6,0.4,0.007538093,0
28.040000915527344,0.8,0.022566707999999998,0.6,1.0,0.005520895,1
65.73714447021484,0.8,0.024203198,0.488888889,0.2,0.010414,0
265.08999633789057,0.8,0.024203198,0.488888889,0.4,0.016357328,0
393.8831787109375,0.8,0.024203198,0.488888889,0.6,0.004298506,1
7.624886512756348,0.8,0.024203198,0.488888889,0.4,0.007789099,0
200.97999572753903,0.8,0.024203198,0.488888889,0.4,0.00344937300745352,1
34.810001373291016,0.8,0.024203198,0.488888889,0.4,0.0029157109999999997,0
21.1200008392334,0.8,0.024203198,0.488888889,0.6,0.0035981520000000003,0
22.75,0.8,0.024203198,0.488888889,0.6,0.009762906,1
28.01000022888184,0.8,0.024203198,0.488888889,0.8,0.003755418,0
65.71286010742189,0.8,0.020731,0.5111111110000001,0.0,0.008403576999999999,0
269.75,0.8,0.020731,0.5111111110000001,0.6,0.016254091000000002,1
400.8180541992188,0.8,0.020731,0.5111111110000001,0.8,0.007068561,1
7.670299530029298,0.8,0.020731,0.5111111110000001,0.6,0.008506056,1
200.32000732421875,0.8,0.020731,0.5111111110000001,0.4,0.0025988157328894674,0
35.400001525878906,0.8,0.020731,0.5111111110000001,0.4,0.005961716999999999,1
21.09000015258789,0.8,0.020731,0.5111111110000001,0.4,0.003596528,0
22.54999923706055,0.8,0.020731,0.5111111110000001,0.6,0.011345033000000001,0
28.04999923706055,0.8,0.020731,0.5111111110000001,0.8,0.00179056,1
64.12142944335939,0.6,0.022406383999999998,0.37777777799999995,0.0,0.008233927,0
266.41000366210943,0.6,0.022406383999999998,0.37777777799999995,0.4,0.017571853000000002,0
393.6695556640625,0.6,0.022406383999999998,0.37777777799999995,0.8,0.010195844,0
7.584014415740968,0.6,0.022406383999999998,0.37777777799999995,0.4,0.00754735,0
199.30999755859366,0.6,0.022406383999999998,0.37777777799999995,0.4,0.0034872975852874378,0
35.009998321533196,0.6,0.022406383999999998,0.37777777799999995,0.2,0.007306993,0
20.729999542236328,0.6,0.022406383999999998,0.37777777799999995,0.2,0.00548884,0
22.100000381469727,0.6,0.022406383999999998,0.37777777799999995,0.4,0.014807291,0
27.8700008392334,0.6,0.022406383999999998,0.37777777799999995,0.6,0.002930406,0
63.72285842895508,0.4,0.015655955,0.288888889,0.0,0.009096676,0
265.94000244140625,0.4,0.015655955,0.288888889,0.2,0.009598455,0
395.19464111328125,0.4,0.015655955,0.288888889,0.8,0.010417295,1
7.76566743850708,0.4,0.015655955,0.288888889,0.6,0.011285145,1
198.3300018310547,0.4,0.015655955,0.288888889,0.2,0.004420692960087853,0
34.279998779296875,0.4,0.015655955,0.288888889,0.2,0.010793667,0
20.25,0.4,0.015655955,0.288888889,0.0,0.009553506,0
22.100000381469727,0.4,0.015655955,0.288888889,0.2,0.014631463,0
27.489999771118164,0.4,0.015655955,0.288888889,0.4,0.004581309,0
64.40142822265625,0.6,0.011474092,0.37777777799999995,0.2,0.011046569,1
265.42001342773443,0.6,0.011474092,0.37777777799999995,0.2,0.009818799,0
397.2711486816406,0.6,0.011474092,0.37777777799999995,0.8,0.010201017,1
8.719346046447754,0.6,0.011474092,0.37777777799999995,0.6,0.035611405,1
201.08999633789062,0.6,0.011474092,0.37777777799999995,0.4,0.006764122912011066,1
34.75,0.6,0.011474092,0.37777777799999995,0.4,0.013021365,1
20.420000076293945,0.6,0.011474092,0.37777777799999995,0.2,0.011044278999999999,1
21.950000762939453,0.6,0.011474092,0.37777777799999995,0.2,0.011509345,0
27.76000022888184,0.6,0.011474092,0.37777777799999995,0.4,0.006474309,1
63.25714111328125,0.4,0.011782306999999999,0.311111111,0.2,0.01184401,0
259.8699951171875,0.4,0.011782306999999999,0.311111111,0.2,0.010918117,0
392.83001708984375,0.4,0.011782306999999999,0.311111111,0.6,0.011149741999999999,0
8.660308837890625,0.4,0.011782306999999999,0.311111111,0.6,0.034147021,0
197.50999450683602,0.4,0.011782306999999999,0.311111111,0.2,0.008992386101288536,0
34.279998779296875,0.4,0.011782306999999999,0.311111111,0.4,0.015210648,0
20.229999542236328,0.4,0.011782306999999999,0.311111111,0.2,0.011868948,0
21.649999618530273,0.4,0.011782306999999999,0.311111111,0.0,0.009840327,0
27.3700008392334,0.4,0.011782306999999999,0.311111111,0.4,0.009070118,0
64.13857269287111,0.4,0.013100796000000001,0.311111111,0.4,0.014556946999999999,1
259.3599853515625,0.4,0.013100796000000001,0.311111111,0.0,0.007794838,0
392.5120849609375,0.4,0.013100796000000001,0.311111111,0.4,0.007790324,0
8.987284660339355,0.4,0.013100796000000001,0.311111111,0.6,0.040506977,1
199.13999938964844,0.4,0.013100796000000001,0.311111111,0.4,0.009986170187678792,1
34.31999969482422,0.4,0.013100796000000001,0.311111111,0.4,0.012054193999999999,1
20.57999992370605,0.4,0.013100796000000001,0.311111111,0.4,0.015045062,1
21.350000381469727,0.4,0.013100796000000001,0.311111111,0.0,0.010853435,0
27.3700008392334,0.4,0.013100796000000001,0.311111111,0.2,0.008784513,0
63.5099983215332,0.6,0.012468418,0.46666666700000003,0.4,0.011673409,0
263.25,0.6,0.012468418,0.46666666700000003,0.2,0.008318177,1
397.305908203125,0.6,0.012468418,0.46666666700000003,0.6,0.006666007,1
8.978201866149902,0.6,0.012468418,0.46666666700000003,0.6,0.038459253,0
202.3300018310547,0.6,0.012468418,0.46666666700000003,0.6,0.012181552592645391,1
34.68000030517578,0.6,0.012468418,0.46666666700000003,0.6,0.011948692,1
20.93000030517578,0.6,0.012468418,0.46666666700000003,0.6,0.01503248,1
22.0,0.6,0.012468418,0.46666666700000003,0.2,0.012951303,1
27.809999465942386,0.6,0.012468418,0.46666666700000003,0.4,0.010716291000000001,1
63.05714416503906,0.6,0.012835408000000001,0.5111111110000001,0.4,0.011856321000000001,0
264.26998901367193,0.6,0.012835408000000001,0.5111111110000001,0.4,0.008740257,1
398.0113220214844,0.6,0.012835408000000001,0.5111111110000001,0.6,0.006246301,1
9.146230697631836,0.6,0.012835408000000001,0.5111111110000001,0.6,0.037411874,1
200.8300018310547,0.6,0.012835408000000001,0.5111111110000001,0.6,0.012680890388913471,0
34.240001678466804,0.6,0.012835408000000001,0.5111111110000001,0.6,0.010315935,0
20.8799991607666,0.6,0.012835408000000001,0.5111111110000001,0.6,0.010879308999999998,0
22.3799991607666,0.6,0.012835408000000001,0.5111111110000001,0.4,0.016405841,1
27.79999923706055,0.6,0.012835408000000001,0.5111111110000001,0.4,0.008061255,0
61.4957160949707,0.4,0.010887573999999999,0.533333333,0.2,0.01467899,0
265.739990234375,0.4,0.010887573999999999,0.533333333,0.6,0.009461699,1
400.4902038574219,0.4,0.010887573999999999,0.533333333,0.6,0.006441056,1
9.150772094726562,0.4,0.010887573999999999,0.533333333,0.6,0.012949773000000001,1
202.91000366210938,0.4,0.010887573999999999,0.533333333,0.6,0.011969061378923907,1
34.630001068115234,0.4,0.010887573999999999,0.533333333,0.6,0.009851838,1
21.030000686645508,0.4,0.010887573999999999,0.533333333,0.6,0.010637091999999999,1
23.20000076293945,0.4,0.010887573999999999,0.533333333,0.6,0.022376364,1
27.95000076293945,0.4,0.010887573999999999,0.533333333,0.4,0.007176049,1
60.00714111328125,0.6,0.010357366,0.666666667,0.2,0.015966613,0
273.1099853515625,0.6,0.010357366,0.666666667,0.8,0.010826406,1
408.0957336425781,0.6,0.010357366,0.666666667,0.8,0.008003347,1
9.0690279006958,0.6,0.010357366,0.666666667,0.6,0.013382215,0
205.19000244140625,0.6,0.010357366,0.666666667,0.8,0.01065576525003045,1
35.049999237060554,0.6,0.010357366,0.666666667,0.8,0.009572426,1
21.270000457763672,0.6,0.010357366,0.666666667,0.8,0.011058617,1
22.270000457763672,0.6,0.010357366,0.666666667,0.6,0.027660112,0
28.149999618530273,0.6,0.010357366,0.666666667,0.6,0.005797374,1
61.59142684936523,0.6,0.008957858,0.7333333329999999,0.2,0.018460116999999998,1
275.58999633789057,0.6,0.008957858,0.7333333329999999,1.0,0.012250021000000002,1
416.5904846191406,0.6,0.008957858,0.7333333329999999,1.0,0.012004596999999999,1
9.250680923461914,0.6,0.008957858,0.7333333329999999,0.6,0.009837088,1
206.52999877929688,0.6,0.008957858,0.7333333329999999,0.8,0.010311313870865773,1
35.459999084472656,0.6,0.008957858,0.7333333329999999,0.8,0.011678563000000001,1
21.51000022888184,0.6,0.008957858,0.7333333329999999,0.8,0.009855103,1
22.11000061035156,0.6,0.008957858,0.7333333329999999,0.6,0.026325666,0
28.35000038146973,0.6,0.008957858,0.7333333329999999,0.8,0.007218338,1
60.808570861816406,0.4,0.008151634,0.666666667,0.2,0.01904216,0
273.79000854492193,0.4,0.008151634,0.666666667,0.8,0.010556597,0
413.0038146972656,0.4,0.008151634,0.666666667,0.8,0.011283876000000002,0
9.504995346069336,0.4,0.008151634,0.666666667,0.8,0.015133248,1
208.3800048828125,0.4,0.008151634,0.666666667,0.8,0.008899048379476467,1
35.86000061035156,0.4,0.008151634,0.666666667,0.8,0.011836728999999999,1
21.75,0.4,0.008151634,0.666666667,0.8,0.008685257,1
22.06999969482422,0.4,0.008151634,0.666666667,0.4,0.020598512,0
28.09000015258789,0.4,0.008151634,0.666666667,0.6,0.005837366,0
61.51142883300781,0.4,0.008760999,0.7555555559999999,0.4,0.019927779,1
273.8800048828125,0.4,0.008760999,0.7555555559999999,0.8,0.009847418,1
413.60986328125,0.4,0.008760999,0.7555555559999999,0.8,0.011222261,1
9.46866512298584,0.4,0.008760999,0.7555555559999999,0.6,0.012154653,0
209.4199981689453,0.4,0.008760999,0.7555555559999999,1.0,0.008414492094808948,1
35.939998626708984,0.4,0.008760999,0.7555555559999999,1.0,0.00974542,1
21.88999938964844,0.4,0.008760999,0.7555555559999999,1.0,0.009494814,1
22.26000022888184,0.4,0.008760999,0.7555555559999999,0.4,0.018865774,1
28.13999938964844,0.4,0.008760999,0.7555555559999999,0.8,0.006121441,1
61.67428588867188,0.6,0.008443123,0.688888889,0.6,0.015504873999999998,1
274.19000244140625,0.6,0.008443123,0.688888889,0.8,0.008961293,1
413.0733642578125,0.6,0.008443123,0.688888889,0.6,0.010236049,0
9.536785125732422,0.6,0.008443123,0.688888889,0.6,0.013494198,1
210.3800048828125,0.6,0.008443123,0.688888889,1.0,0.00725991091329088,1
35.709999084472656,0.6,0.008443123,0.688888889,0.8,0.008747295,0
21.57999992370605,0.6,0.008443123,0.688888889,0.8,0.010890356,0
22.440000534057614,0.6,0.008443123,0.688888889,0.4,0.013155041000000001,1
28.0,0.6,0.008443123,0.688888889,0.6,0.006037314,0
62.5528564453125,0.6,0.007341601999999999,0.666666667,0.8,0.013512709,1
271.239990234375,0.6,0.007341601999999999,0.666666667,0.6,0.005566323000000001,0
414.71270751953125,0.6,0.007341601999999999,0.666666667,0.6,0.0072316690000000005,1
9.550408363342283,0.6,0.007341601999999999,0.666666667,0.8,0.011993288999999999,1
210.0800018310547,0.6,0.007341601999999999,0.666666667,0.8,0.005297811504970682,0
35.880001068115234,0.6,0.007341601999999999,0.666666667,0.8,0.007273788000000001,1
21.690000534057614,0.6,0.007341601999999999,0.666666667,0.8,0.009627373,1
21.799999237060547,0.6,0.007341601999999999,0.666666667,0.4,0.010841908999999999,0
27.8700008392334,0.6,0.007341601999999999,0.666666667,0.4,0.00553476,0
61.20428466796875,0.4,0.006018973,0.577777778,0.6,0.012544168,0
274.1300048828125,0.4,0.006018973,0.577777778,0.6,0.005881162,1
411.1309814453125,0.4,0.006018973,0.577777778,0.4,0.004795881,0
9.718438148498537,0.4,0.006018973,0.577777778,0.8,0.011506078000000001,1
210.5500030517578,0.4,0.006018973,0.577777778,0.8,0.004439158303830843,1
35.43000030517578,0.4,0.006018973,0.577777778,0.6,0.00744264,0
21.63999938964844,0.4,0.006018973,0.577777778,0.6,0.007831728,0
21.57999992370605,0.4,0.006018973,0.577777778,0.4,0.011423342,0
27.90999984741211,0.4,0.006018973,0.577777778,0.4,0.004400836,1
61.19285583496094,0.6,0.004787647,0.6,0.6,0.010039421,0
275.10000610351557,0.6,0.004787647,0.6,0.8,0.005282576999999999,1
409.9884338378906,0.6,0.004787647,0.6,0.4,0.0036297720000000003,0
9.682106971740724,0.6,0.004787647,0.6,0.6,0.006755468000000001,0
212.05999755859366,0.6,0.004787647,0.6,0.8,0.004081978493823432,1
35.58000183105469,0.6,0.004787647,0.6,0.6,0.0060333159999999995,1
21.65999984741211,0.6,0.004787647,0.6,0.6,0.005785057,1
20.8799991607666,0.6,0.004787647,0.6,0.4,0.017549002,0
27.920000076293945,0.6,0.004787647,0.6,0.6,0.00263828,1
61.78571319580078,0.8,0.006349196999999999,0.533333333,0.6,0.009665382,1
265.739990234375,0.8,0.006349196999999999,0.533333333,0.6,0.012021645,0
408.1156005859375,0.8,0.006349196999999999,0.533333333,0.2,0.0042498909999999996,0
9.959128379821776,0.8,0.006349196999999999,0.533333333,0.8,0.01171336,1
215.8000030517578,0.8,0.006349196999999999,0.533333333,0.8,0.006611117367293272,1
36.29999923706055,0.8,0.006349196999999999,0.533333333,0.6,0.009634351,1
21.649999618530273,0.8,0.006349196999999999,0.533333333,0.4,0.004590045,0
20.75,0.8,0.006349196999999999,0.533333333,0.2,0.017072405,0
28.13999938964844,0.8,0.006349196999999999,0.533333333,0.6,0.003858213,1
63.38000106811523,0.6,0.006345747,0.488888889,0.6,0.014296565,1
261.82000732421875,0.6,0.006345747,0.488888889,0.4,0.01474551,0
404.51898193359375,0.6,0.006345747,0.488888889,0.2,0.005753018,0
10.072661399841307,0.6,0.006345747,0.488888889,0.8,0.012554488,1
214.9199981689453,0.6,0.006345747,0.488888889,0.6,0.00650986755543598,0
36.34000015258789,0.6,0.006345747,0.488888889,0.8,0.008574833,1
21.3799991607666,0.6,0.006345747,0.488888889,0.4,0.004251937,0
19.950000762939453,0.6,0.006345747,0.488888889,0.0,0.023165988,0
28.040000915527344,0.6,0.006345747,0.488888889,0.6,0.0035739129999999997,0
65.10285949707031,0.4,0.00619392,0.444444444,0.6,0.016884099,1
257.8900146484375,0.4,0.00619392,0.444444444,0.4,0.015595765,0
401.2850341796875,0.4,0.00619392,0.444444444,0.0,0.006558198,0
10.367847442626953,0.4,0.00619392,0.444444444,0.8,0.018129922,1
213.2100067138672,0.4,0.00619392,0.444444444,0.6,0.00781594829218973,0
36.040000915527344,0.4,0.00619392,0.444444444,0.6,0.009273776999999999,0
21.26000022888184,0.4,0.00619392,0.444444444,0.2,0.004355003,0
19.399999618530273,0.4,0.00619392,0.444444444,0.0,0.022975672000000003,0
28.10000038146973,0.4,0.00619392,0.444444444,0.8,0.0030733040000000002,1
64.92713928222656,0.4,0.006874816,0.46666666700000003,0.6,0.013112138999999998,0
256.41000366210943,0.4,0.006874816,0.46666666700000003,0.2,0.014612585,0
403.0386352539063,0.4,0.006874816,0.46666666700000003,0.2,0.005704862,1
10.495004653930664,0.4,0.006874816,0.46666666700000003,0.8,0.017064039,1
213.44000244140625,0.4,0.006874816,0.46666666700000003,0.6,0.007584244258715073,1
35.689998626708984,0.4,0.006874816,0.46666666700000003,0.6,0.00870771,0
21.13999938964844,0.4,0.006874816,0.46666666700000003,0.2,0.005022839,0
19.75,0.4,0.006874816,0.46666666700000003,0.2,0.024565581,1
28.18000030517578,0.4,0.006874816,0.46666666700000003,0.8,0.0033556590000000004,1
64.58285522460939,0.2,0.007062795,0.5111111110000001,0.6,0.014135317,0
257.27999877929693,0.2,0.007062795,0.5111111110000001,0.2,0.014583487,1
404.72265625,0.2,0.007062795,0.5111111110000001,0.4,0.005984717,1
10.408719062805176,0.2,0.007062795,0.5111111110000001,0.8,0.017960681000000003,0
215.05999755859366,0.2,0.007062795,0.5111111110000001,0.6,0.0076678972723055235,1
35.77000045776367,0.2,0.007062795,0.5111111110000001,0.6,0.008309277,1
21.18000030517578,0.2,0.007062795,0.5111111110000001,0.2,0.00521643,1
20.149999618530273,0.2,0.007062795,0.5111111110000001,0.4,0.022128715,1
28.31999969482422,0.2,0.007062795,0.5111111110000001,0.8,0.004277606,1
64.67571258544922,0.2,0.004700183,0.444444444,0.6,0.012485208000000001,1
253.38999938964844,0.2,0.004700183,0.444444444,0.2,0.01080262,0
403.0088195800781,0.2,0.004700183,0.444444444,0.4,0.0059180330000000005,0
10.136240005493164,0.2,0.004700183,0.444444444,0.6,0.017473936000000002,0
212.25999450683602,0.2,0.004700183,0.444444444,0.4,0.006744515811412266,0
32.299999237060554,0.2,0.004700183,0.444444444,0.4,0.023663814,0
21.040000915527344,0.2,0.004700183,0.444444444,0.2,0.006446088000000001,0
20.34000015258789,0.2,0.004700183,0.444444444,0.6,0.022769374,1
28.11000061035156,0.2,0.004700183,0.444444444,0.6,0.004184724,0
65.98714447021484,0.4,0.006513641999999999,0.5111111110000001,0.6,0.011379915,1
257.75,0.4,0.006513641999999999,0.5111111110000001,0.4,0.011293717,1
402.5368957519531,0.4,0.006513641999999999,0.5111111110000001,0.4,0.004389685,0
10.463214874267578,0.4,0.006513641999999999,0.5111111110000001,0.6,0.021645558,1
212.0800018310547,0.4,0.006513641999999999,0.5111111110000001,0.4,0.00609853774533607,0
31.979999542236328,0.4,0.006513641999999999,0.5111111110000001,0.2,0.025424845,0
21.32999992370605,0.4,0.006513641999999999,0.5111111110000001,0.4,0.006708502,1
21.049999237060547,0.4,0.006513641999999999,0.5111111110000001,0.8,0.022039846000000002,1
28.25,0.4,0.006513641999999999,0.5111111110000001,0.8,0.004470086,1
66.22571563720703,0.4,0.006276802,0.488888889,0.6,0.006666399,1
256.01998901367193,0.4,0.006276802,0.488888889,0.4,0.009634054,0
402.20404052734375,0.4,0.006276802,0.488888889,0.4,0.002956153,0
10.490463256835938,0.4,0.006276802,0.488888889,0.6,0.016305267,1
210.7400054931641,0.4,0.006276802,0.488888889,0.4,0.005770926522081181,0
31.25,0.4,0.006276802,0.488888889,0.2,0.028339127000000002,0
21.149999618530273,0.4,0.006276802,0.488888889,0.4,0.0072737340000000004,0
20.709999084472656,0.4,0.006276802,0.488888889,0.8,0.019756456000000002,0
28.15999984741211,0.4,0.006276802,0.488888889,0.6,0.0046792990000000005,0
65.87714385986328,0.6,0.006598402,0.5111111110000001,0.6,0.007179254,0
260.3099975585937,0.6,0.006598402,0.5111111110000001,0.6,0.011837577,1
403.5850830078125,0.6,0.006598402,0.5111111110000001,0.4,0.0027688979999999997,1
10.735694885253906,0.6,0.006598402,0.5111111110000001,0.6,0.018527677,1
212.3600006103516,0.6,0.006598402,0.5111111110000001,0.4,0.0070926156311764904,1
31.540000915527344,0.6,0.006598402,0.5111111110000001,0.4,0.028252833999999998,1
21.770000457763672,0.6,0.006598402,0.5111111110000001,0.6,0.012007738,1
20.489999771118164,0.6,0.006598402,0.5111111110000001,0.6,0.018272775,0
28.15999984741211,0.6,0.006598402,0.5111111110000001,0.4,0.004109904,0
64.58285522460939,0.6,0.007085546,0.444444444,0.6,0.010048131,0
265.29998779296875,0.6,0.007085546,0.444444444,0.6,0.014992863,1
398.7366027832031,0.6,0.007085546,0.444444444,0.2,0.004335940999999999,0
10.708446502685547,0.6,0.007085546,0.444444444,0.6,0.017390982,0
210.88999938964844,0.6,0.007085546,0.444444444,0.2,0.006959071879476026,0
31.95000076293945,0.6,0.007085546,0.444444444,0.4,0.030404391,1
21.82999992370605,0.6,0.007085546,0.444444444,0.6,0.012180512,1
20.440000534057614,0.6,0.007085546,0.444444444,0.4,0.014710181999999999,0
28.3700008392334,0.6,0.007085546,0.444444444,0.4,0.00460778,1
63.23714447021485,0.4,0.006953513000000001,0.533333333,0.4,0.013927964,0
266.489990234375,0.4,0.006953513000000001,0.533333333,0.8,0.01286602,1
394.5289611816406,0.4,0.006953513000000001,0.533333333,0.2,0.0055995080000000004,0
10.826520919799805,0.4,0.006953513000000001,0.533333333,0.8,0.014360646999999999,1
213.3000030517578,0.4,0.006953513000000001,0.533333333,0.4,0.006640699714714439,1
32.330001831054695,0.4,0.006953513000000001,0.533333333,0.6,0.013381374,1
21.84000015258789,0.4,0.006953513000000001,0.533333333,0.8,0.010950135,1
20.100000381469727,0.4,0.006953513000000001,0.533333333,0.2,0.016151132,0
28.61000061035156,0.4,0.006953513000000001,0.533333333,0.6,0.004816662,1
61.27285766601562,0.2,0.0067516830000000005,0.444444444,0.2,0.016085002,0
261.6099853515625,0.2,0.0067516830000000005,0.444444444,0.6,0.013087115,0
398.00634765625,0.2,0.0067516830000000005,0.444444444,0.4,0.007128112,1
10.585830688476562,0.2,0.0067516830000000005,0.444444444,0.6,0.012355353999999999,0
212.3800048828125,0.2,0.0067516830000000005,0.444444444,0.4,0.007333736352276291,0
32.40999984741211,0.2,0.0067516830000000005,0.444444444,0.8,0.011894836,1
21.43000030517578,0.2,0.0067516830000000005,0.444444444,0.6,0.011948068000000001,0
19.920000076293945,0.2,0.0067516830000000005,0.444444444,0.0,0.010960871,0
28.61000061035156,0.2,0.0067516830000000005,0.444444444,0.4,0.00382058,0
61.3985710144043,0.2,0.031008959,0.5555555560000001,0.2,0.015772258,1
263.32000732421875,0.2,0.031008959,0.5555555560000001,0.8,0.013052026000000001,1
403.89306640625,0.2,0.031008959,0.5555555560000001,0.6,0.009920836,1
10.036330223083496,0.2,0.031008959,0.5555555560000001,0.4,0.022216324,0
214.3600006103516,0.2,0.031008959,0.5555555560000001,0.6,0.00793464401755982,1
32.740001678466804,0.2,0.031008959,0.5555555560000001,1.0,0.009365905,1
21.459999084472656,0.2,0.031008959,0.5555555560000001,0.8,0.010540271,1
19.479999542236328,0.2,0.031008959,0.5555555560000001,0.0,0.012148141999999999,0
28.79999923706055,0.2,0.031008959,0.5555555560000001,0.6,0.004511608,1
61.71285629272461,0.2,0.031286262999999995,0.46666666700000003,0.4,0.015743333999999998,1
259.02999877929693,0.2,0.031286262999999995,0.46666666700000003,0.6,0.012959118,0
400.49517822265625,0.2,0.031286262999999995,0.46666666700000003,0.4,0.010916667,0
9.950045585632324,0.2,0.031286262999999995,0.46666666700000003,0.2,0.019260445,0
212.66000366210938,0.2,0.031286262999999995,0.46666666700000003,0.4,0.007983323153696344,0
32.400001525878906,0.2,0.031286262999999995,0.46666666700000003,0.8,0.00958687,0
21.049999237060547,0.2,0.031286262999999995,0.46666666700000003,0.6,0.00849844,0
19.549999237060547,0.2,0.031286262999999995,0.46666666700000003,0.2,0.010742254,1
28.559999465942386,0.2,0.031286262999999995,0.46666666700000003,0.6,0.006178273000000001,0
61.10285568237305,0.4,0.032608912000000004,0.46666666700000003,0.4,0.013790833,0
259.07998657226557,0.4,0.032608912000000004,0.46666666700000003,0.6,0.009163830999999999,1
394.96612548828125,0.4,0.032608912000000004,0.46666666700000003,0.4,0.01127507,0
10.127157211303713,0.4,0.032608912000000004,0.46666666700000003,0.4,0.022312838999999998,1
211.30999755859366,0.4,0.032608912000000004,0.46666666700000003,0.4,0.007868518488784832,0
32.36999893188477,0.4,0.032608912000000004,0.46666666700000003,0.6,0.007172199000000001,0
21.13999938964844,0.4,0.032608912000000004,0.46666666700000003,0.6,0.008802336,1
19.549999237060547,0.4,0.032608912000000004,0.46666666700000003,0.2,0.010254218,0
28.60000038146973,0.4,0.032608912000000004,0.46666666700000003,0.6,0.0049669070000000004,1
60.4571418762207,0.6,0.033444839,0.355555556,0.4,0.01173697,0
255.47999572753903,0.6,0.033444839,0.355555556,0.4,0.011045788999999999,0
388.9949645996094,0.6,0.033444839,0.355555556,0.4,0.012188215,0
9.977293014526367,0.6,0.033444839,0.355555556,0.2,0.023067231,0
209.41000366210938,0.6,0.033444839,0.355555556,0.2,0.00738126335031995,0
32.029998779296875,0.6,0.033444839,0.355555556,0.4,0.006894188000000001,0
20.940000534057614,0.6,0.033444839,0.355555556,0.4,0.010602853999999998,0
18.850000381469727,0.6,0.033444839,0.355555556,0.2,0.01408852,0
28.70000076293945,0.6,0.033444839,0.355555556,0.6,0.003974284,1
60.88714218139648,0.8,0.033318151000000004,0.42222222200000004,0.6,0.00694702,1
258.95001220703125,0.8,0.033318151000000004,0.42222222200000004,0.6,0.010099826999999999,1
384.9214477539063,0.8,0.033318151000000004,0.42222222200000004,0.2,0.012519792,0
9.959128379821776,0.8,0.033318151000000004,0.42222222200000004,0.2,0.018985043,0
209.32000732421875,0.8,0.033318151000000004,0.42222222200000004,0.2,0.0066045825743320215,0
32.360000610351555,0.8,0.033318151000000004,0.42222222200000004,0.4,0.008459883,1
21.09000015258789,0.8,0.033318151000000004,0.42222222200000004,0.6,0.008280937,1
19.1200008392334,0.8,0.033318151000000004,0.42222222200000004,0.4,0.015162199,1
28.59000015258789,0.8,0.033318151000000004,0.42222222200000004,0.6,0.004740839,0
60.99714279174805,0.8,0.009425302,0.444444444,0.6,0.006898006999999999,1
261.1400146484375,0.8,0.009425302,0.444444444,0.6,0.010483969000000001,1
386.3124084472656,0.8,0.009425302,0.444444444,0.2,0.010284413000000001,1
10.090826988220217,0.8,0.009425302,0.444444444,0.4,0.011248013999999999,1
209.22000122070312,0.8,0.009425302,0.444444444,0.0,0.004835557603738325,0
33.040000915527344,0.8,0.009425302,0.444444444,0.4,0.010626185,1
21.75,0.8,0.009425302,0.444444444,0.6,0.014259856000000001,1
19.18000030517578,0.8,0.009425302,0.444444444,0.6,0.011372132,1
29.61000061035156,0.8,0.009425302,0.444444444,0.6,0.010548007,1
62.24142837524414,0.8,0.008584708,0.6,0.6,0.009954069,1
264.76998901367193,0.8,0.008584708,0.6,0.8,0.010005668,1
392.53692626953125,0.8,0.008584708,0.6,0.4,0.011824375,1
10.136240005493164,0.8,0.008584708,0.6,0.6,0.010428653000000001,1
212.0,0.8,0.008584708,0.6,0.2,0.005906932184058389,1
33.72999954223633,0.8,0.008584708,0.6,0.6,0.012725961000000001,1
22.26000022888184,0.8,0.008584708,0.6,0.8,0.015128453,1
19.600000381469727,0.8,0.008584708,0.6,0.6,0.015033012,1
30.28000068664551,0.8,0.008584708,0.6,0.8,0.01340684,1
62.047142028808594,0.8,0.007634736,0.577777778,0.6,0.008601468000000001,0
269.85000610351557,0.8,0.007634736,0.577777778,0.8,0.013804378,1
392.6412353515625,0.8,0.007634736,0.577777778,0.6,0.009116413,1
9.482288360595703,0.8,0.007634736,0.577777778,0.4,0.019771875,0
212.9199981689453,0.8,0.007634736,0.577777778,0.4,0.0055052169897767825,1
33.61999893188477,0.8,0.007634736,0.577777778,0.6,0.013193001000000001,0
21.82999992370605,0.8,0.007634736,0.577777778,0.6,0.018136779,0
18.18000030517578,0.8,0.007634736,0.577777778,0.6,0.029522809,0
28.940000534057607,0.8,0.007634736,0.577777778,0.6,0.021977449,0
61.4000015258789,0.8,0.006373231,0.6,0.6,0.008573902,0
272.8699951171875,0.8,0.006373231,0.6,1.0,0.013263593,1
392.4723510742188,0.8,0.006373231,0.6,0.6,0.006178805999999999,0
9.491371154785156,0.8,0.006373231,0.6,0.6,0.0170038,1
211.3800048828125,0.8,0.006373231,0.6,0.4,0.005153463341019456,0
33.459999084472656,0.8,0.006373231,0.6,0.6,0.012044103,0
21.68000030517578,0.8,0.006373231,0.6,0.6,0.017618894,0
17.280000686645508,0.8,0.006373231,0.6,0.6,0.032262681,0
28.790000915527344,0.8,0.006373231,0.6,0.4,0.022314771,0
59.97857284545898,0.6,0.00909081,0.488888889,0.4,0.011781466,0
267.72000122070307,0.6,0.00909081,0.488888889,0.8,0.014321811,0
388.4385681152344,0.6,0.00909081,0.488888889,0.6,0.0061400019999999994,0
9.391462326049805,0.6,0.00909081,0.488888889,0.6,0.018744936,0
209.25999450683602,0.6,0.00909081,0.488888889,0.4,0.007073387043087434,0
32.799999237060554,0.6,0.00909081,0.488888889,0.4,0.013928531999999999,0
21.3799991607666,0.6,0.00909081,0.488888889,0.4,0.018953771,0
16.799999237060547,0.6,0.00909081,0.488888889,0.4,0.034953526,0
28.690000534057607,0.6,0.00909081,0.488888889,0.4,0.022242903999999997,0
60.89142990112305,0.8,0.008067432,0.5111111110000001,0.4,0.014464083999999999,1
272.33999633789057,0.8,0.008067432,0.5111111110000001,0.8,0.016081727,1
394.1216125488281,0.8,0.008067432,0.5111111110000001,0.6,0.008343374,1
9.550408363342283,0.8,0.008067432,0.5111111110000001,0.6,0.019485059,1
212.0,0.8,0.008067432,0.5111111110000001,0.6,0.009596590838431642,1
33.419998168945305,0.8,0.008067432,0.5111111110000001,0.4,0.013506292,1
21.920000076293945,0.8,0.008067432,0.5111111110000001,0.4,0.017746341000000002,1
17.59000015258789,0.8,0.008067432,0.5111111110000001,0.4,0.04373069,1
28.96999931335449,0.8,0.008067432,0.5111111110000001,0.4,0.01705943,1
57.5428581237793,0.6,0.008702604000000001,0.333333333,0.2,0.021382767,0
267.39999389648443,0.6,0.008702604000000001,0.333333333,0.6,0.016929448,0
388.7515563964844,0.6,0.008702604000000001,0.333333333,0.4,0.007845919,0
9.305176734924316,0.6,0.008702604000000001,0.333333333,0.4,0.023720495,0
209.6699981689453,0.6,0.008702604000000001,0.333333333,0.4,0.009137217232066982,0
32.490001678466804,0.6,0.008702604000000001,0.333333333,0.2,0.014895054,0
21.93000030517578,0.6,0.008702604000000001,0.333333333,0.4,0.013147927,1
17.049999237060547,0.6,0.008702604000000001,0.333333333,0.2,0.04549099,0
28.82999992370605,0.6,0.008702604000000001,0.333333333,0.2,0.013500443999999999,0
56.00714111328125,0.4,0.010074351,0.288888889,0.2,0.026096114,0
259.42001342773443,0.4,0.010074351,0.288888889,0.4,0.019060715,0
380.4803466796875,0.4,0.010074351,0.288888889,0.2,0.012048041,0
9.178019523620604,0.4,0.010074351,0.288888889,0.4,0.013550298,0
207.1499938964844,0.4,0.010074351,0.288888889,0.2,0.010673075892011908,0
32.11999893188477,0.4,0.010074351,0.288888889,0.2,0.016520453,0
22.239999771118164,0.4,0.010074351,0.288888889,0.6,0.012111664,1
16.629999160766598,0.4,0.010074351,0.288888889,0.2,0.035927881,0
28.790000915527344,0.4,0.010074351,0.288888889,0.2,0.004927199,0
55.790000915527344,0.4,0.010220522,0.37777777799999995,0.2,0.024785552000000002,0
260.32000732421875,0.4,0.010220522,0.37777777799999995,0.4,0.017516293,1
397.3506164550781,0.4,0.010220522,0.37777777799999995,0.4,0.020829896,1
8.882833480834961,0.4,0.010220522,0.37777777799999995,0.2,0.019791181,0
190.0,0.4,0.010220522,0.37777777799999995,0.2,0.025784573807640144,0
32.36999893188477,0.4,0.010220522,0.37777777799999995,0.4,0.017125302,1
22.440000534057614,0.4,0.010220522,0.37777777799999995,0.8,0.01253598,1
17.989999771118164,0.4,0.010220522,0.37777777799999995,0.4,0.042382887,1
29.770000457763672,0.4,0.010220522,0.37777777799999995,0.4,0.01069849,1
56.952857971191406,0.6,0.007121056,0.5555555560000001,0.4,0.024324185,1
263.54998779296875,0.6,0.007121056,0.5555555560000001,0.6,0.016223152,1
397.4698486328125,0.6,0.007121056,0.5555555560000001,0.6,0.018834333999999998,1
8.973660469055176,0.6,0.007121056,0.5555555560000001,0.4,0.019730925,1
187.8300018310547,0.6,0.007121056,0.5555555560000001,0.2,0.026062906422988502,0
32.52000045776367,0.6,0.007121056,0.5555555560000001,0.6,0.014107086999999999,1
22.8799991607666,0.6,0.007121056,0.5555555560000001,1.0,0.013689998,1
18.010000228881836,0.6,0.007121056,0.5555555560000001,0.6,0.037049665,1
30.82999992370605,0.6,0.007121056,0.5555555560000001,0.6,0.017125061,1
58.01856994628906,0.6,0.008693828,0.488888889,0.4,0.025022676,1
268.89999389648443,0.6,0.008693828,0.488888889,0.6,0.016831744,1
401.33966064453125,0.6,0.008693828,0.488888889,0.6,0.01785546,1
8.9237060546875,0.6,0.008693828,0.488888889,0.2,0.017459376999999998,0
191.6100006103516,0.6,0.008693828,0.488888889,0.2,0.027469064120678705,1
32.459999084472656,0.6,0.008693828,0.488888889,0.4,0.010695618,0
23.3799991607666,0.6,0.008693828,0.488888889,1.0,0.013009169,1
18.399999618530273,0.6,0.008693828,0.488888889,0.6,0.031975812,1
30.60000038146973,0.6,0.008693828,0.488888889,0.4,0.01666522,0
57.92285537719727,0.6,0.008216249,0.622222222,0.4,0.014354121000000001,0
268.77999877929693,0.6,0.008216249,0.622222222,0.6,0.013293173,0
404.09674072265625,0.6,0.008216249,0.622222222,0.8,0.016504322,1
9.009990692138672,0.6,0.008216249,0.622222222,0.4,0.014257685,1
191.7100067138672,0.6,0.008216249,0.622222222,0.4,0.025375334242030662,1
32.509998321533196,0.6,0.008216249,0.622222222,0.6,0.005438175999999999,1
23.65999984741211,0.6,0.008216249,0.622222222,1.0,0.015313142,1
18.46999931335449,0.6,0.008216249,0.622222222,0.8,0.026596816000000002,1
31.76000022888184,0.6,0.008216249,0.622222222,0.6,0.023280406,1
58.34000015258789,0.8,0.009430945,0.688888889,0.6,0.010456821,1
274.70001220703125,0.8,0.009430945,0.688888889,0.8,0.011729701,1
401.935791015625,0.8,0.009430945,0.688888889,0.8,0.013318576,0
8.89645767211914,0.8,0.009430945,0.688888889,0.4,0.014044801,0
193.9499969482422,0.8,0.009430945,0.688888889,0.6,0.025308405481552197,1
32.27000045776367,0.8,0.009430945,0.688888889,0.6,0.004636991,0
23.3799991607666,0.8,0.009430945,0.688888889,0.8,0.014852839,0
18.43000030517578,0.8,0.009430945,0.688888889,0.8,0.022103253,0
31.940000534057607,0.8,0.009430945,0.688888889,0.8,0.024136427000000002,1
59.599998474121094,0.8,0.010469256,0.666666667,0.8,0.01400092,1
254.80999755859366,0.8,0.010469256,0.666666667,0.6,0.025517112,0
398.12060546875,0.8,0.010469256,0.666666667,0.6,0.006349100999999999,0
9.0690279006958,0.8,0.010469256,0.666666667,0.6,0.011491872,1
194.30999755859366,0.8,0.010469256,0.666666667,0.8,0.009121591497712805,1
32.360000610351555,0.8,0.010469256,0.666666667,0.6,0.003638123,1
23.399999618530273,0.8,0.010469256,0.666666667,0.8,0.013225361000000001,1
18.1299991607666,0.8,0.010469256,0.666666667,0.6,0.009002836,0
31.790000915527344,0.8,0.010469256,0.666666667,0.6,0.01826777,0
61.44571304321289,0.8,0.010496588000000001,0.644444444,0.8,0.0160259,1
249.7400054931641,0.8,0.010496588000000001,0.644444444,0.4,0.027014996,0
406.88360595703125,0.8,0.010496588000000001,0.644444444,0.6,0.010691272,1
9.309718132019043,0.8,0.010496588000000001,0.644444444,0.6,0.014754831999999999,1
199.1499938964844,0.8,0.010496588000000001,0.644444444,1.0,0.011819109416966973,1
32.240001678466804,0.8,0.010496588000000001,0.644444444,0.4,0.003452979,0
23.76000022888184,0.8,0.010496588000000001,0.644444444,0.8,0.012380733,1
18.600000381469727,0.8,0.010496588000000001,0.644444444,0.6,0.013965275,1
32.610000610351555,0.8,0.010496588000000001,0.644444444,0.6,0.016305363,1
63.2542839050293,0.8,0.010834733000000001,0.688888889,0.8,0.018170191999999998,1
253.80999755859366,0.8,0.010834733000000001,0.688888889,0.4,0.026214424,1
409.6208190917969,0.8,0.010834733000000001,0.688888889,0.6,0.010089500999999999,1
9.355132102966307,0.8,0.010834733000000001,0.688888889,0.8,0.014617101,1
202.5399932861328,0.8,0.010834733000000001,0.688888889,1.0,0.011198663093023236,1
32.779998779296875,0.8,0.010834733000000001,0.688888889,0.6,0.006433825,1
23.95000076293945,0.8,0.010834733000000001,0.688888889,0.8,0.009609435,1
18.3700008392334,0.8,0.010834733000000001,0.688888889,0.4,0.012107468,0
33.09999847412109,0.8,0.010834733000000001,0.688888889,0.8,0.017818513,1
62.755714416503906,0.8,0.010498387,0.577777778,0.8,0.019416645,0
248.22999572753903,0.8,0.010498387,0.577777778,0.4,0.030522166,0
407.5641784667969,0.8,0.010498387,0.577777778,0.4,0.009719731,0
9.241598129272461,0.8,0.010498387,0.577777778,0.6,0.015110473000000001,0
199.6300048828125,0.8,0.010498387,0.577777778,0.8,0.013967773148575028,0
33.15999984741211,0.8,0.010498387,0.577777778,0.6,0.008444251,1
23.989999771118164,0.8,0.010498387,0.577777778,0.8,0.00754824,1
18.200000762939453,0.8,0.010498387,0.577777778,0.2,0.013197446000000002,0
32.720001220703125,0.8,0.010498387,0.577777778,0.6,0.012532871000000001,0
63.645713806152344,0.8,0.011662603,0.666666667,0.8,0.020812692,1
252.5500030517578,0.8,0.011662603,0.666666667,0.4,0.029597715,1
412.1245422363281,0.8,0.011662603,0.666666667,0.6,0.010888073,1
9.287012100219727,0.8,0.011662603,0.666666667,0.8,0.013573131,1
202.38999938964844,0.8,0.011662603,0.666666667,0.8,0.01439603034084651,1
33.689998626708984,0.8,0.011662603,0.666666667,0.8,0.010164411,1
24.11000061035156,0.8,0.011662603,0.666666667,1.0,0.006181795,1
17.81999969482422,0.8,0.011662603,0.666666667,0.2,0.016940158,0
33.15999984741211,0.8,0.011662603,0.666666667,0.6,0.014088846,1
64.28285980224611,0.8,0.01367949,0.7111111109999999,0.8,0.018495356,1
258.04998779296875,0.8,0.01367949,0.7111111109999999,0.6,0.019472014,1
420.1274719238281,0.8,0.01367949,0.7111111109999999,0.8,0.012873411000000001,1
9.368755340576172,0.8,0.01367949,0.7111111109999999,0.8,0.011453982,1
204.50999450683602,0.8,0.01367949,0.7111111109999999,0.8,0.016119760354667882,1
33.380001068115234,0.8,0.01367949,0.7111111109999999,0.6,0.01144691,0
23.959999084472656,0.8,0.01367949,0.7111111109999999,0.8,0.007255014000000001,0
17.84000015258789,0.8,0.01367949,0.7111111109999999,0.4,0.013909056000000001,1
33.490001678466804,0.8,0.01367949,0.7111111109999999,0.8,0.015139948,1
65.81571197509766,0.6,0.014466177,0.688888889,0.8,0.017070768,1
255.72000122070312,0.6,0.014466177,0.688888889,0.6,0.017298426000000002,0
427.9913330078125,0.6,0.014466177,0.688888889,0.8,0.012214786000000002,1
9.373296737670898,0.6,0.014466177,0.688888889,0.8,0.006242969,1
202.77999877929688,0.6,0.014466177,0.688888889,0.6,0.012829878513074685,0
33.509998321533196,0.6,0.014466177,0.688888889,0.8,0.011484154,1
23.90999984741211,0.6,0.014466177,0.688888889,0.6,0.004595441,0
17.8700008392334,0.6,0.014466177,0.688888889,0.4,0.009060596,1
33.75,0.6,0.014466177,0.688888889,0.8,0.011533787,1
65.52285766601561,0.6,0.012385354,0.577777778,0.6,0.012073963,0
257.73001098632807,0.6,0.012385354,0.577777778,0.6,0.015611082,1
425.8452758789063,0.6,0.012385354,0.577777778,0.6,0.011872185,0
9.309718132019043,0.6,0.012385354,0.577777778,0.6,0.006623934000000001,0
203.6300048828125,0.6,0.012385354,0.577777778,0.6,0.010263763030376604,1
33.259998321533196,0.6,0.012385354,0.577777778,0.6,0.009626388,0
24.149999618530273,0.6,0.012385354,0.577777778,0.6,0.005003637,1
17.6200008392334,0.6,0.012385354,0.577777778,0.4,0.009385468000000001,0
33.310001373291016,0.6,0.012385354,0.577777778,0.6,0.011135986,0
66.26285552978516,0.8,0.012942791,0.7111111109999999,0.8,0.012756311999999999,1
258.67999267578125,0.8,0.012942791,0.7111111109999999,0.8,0.011951281999999999,1
433.9923095703125,0.8,0.012942791,0.7111111109999999,0.8,0.014694305,1
9.568573951721193,0.8,0.012942791,0.7111111109999999,0.8,0.009757713000000001,1
204.82000732421875,0.8,0.012942791,0.7111111109999999,0.8,0.008559056812952931,1
33.459999084472656,0.8,0.012942791,0.7111111109999999,0.6,0.008510545,1
24.25,0.8,0.012942791,0.7111111109999999,0.6,0.005497775999999999,1
17.8799991607666,0.8,0.012942791,0.7111111109999999,0.6,0.010485796,1
32.990001678466804,0.8,0.012942791,0.7111111109999999,0.6,0.010761273,0
65.25285339355469,0.6,0.010049852,0.622222222,0.6,0.012968391000000001,0
260.16000366210943,0.6,0.010049852,0.622222222,0.8,0.009614913000000001,1
432.92425537109375,0.6,0.010049852,0.622222222,0.6,0.012948641,0
9.618528366088867,0.6,0.010049852,0.622222222,0.8,0.009819031,1
203.2400054931641,0.6,0.010049852,0.622222222,0.6,0.007336766737289222,0
33.700000762939446,0.6,0.010049852,0.622222222,0.6,0.006748489,1
24.36000061035156,0.6,0.010049852,0.622222222,0.6,0.0054045740000000005,1
17.780000686645508,0.6,0.010049852,0.622222222,0.6,0.007428512,0
32.65999984741211,0.6,0.010049852,0.622222222,0.4,0.010072413,0
64.70999908447266,0.6,0.008566225,0.622222222,0.4,0.012630075,0
263.6300048828125,0.6,0.008566225,0.622222222,0.8,0.007926942,1
437.2709655761719,0.6,0.008566225,0.622222222,0.6,0.011072968,1
9.78201675415039,0.6,0.008566225,0.622222222,0.8,0.011458101000000002,1
204.47000122070312,0.6,0.008566225,0.622222222,0.6,0.0064521938079813495,1
34.02000045776367,0.6,0.008566225,0.622222222,0.8,0.0068073019999999995,1
24.5,0.6,0.008566225,0.622222222,0.8,0.005309685,1
17.709999084472656,0.6,0.008566225,0.622222222,0.4,0.007991459,0
32.689998626708984,0.6,0.008566225,0.622222222,0.4,0.008265755,1
64.96286010742189,0.6,0.006596261,0.5555555560000001,0.4,0.00864251,1
264.510009765625,0.6,0.006596261,0.5555555560000001,1.0,0.006788705999999999,1
435.9296875,0.6,0.006596261,0.5555555560000001,0.4,0.007942885,0
9.695731163024902,0.6,0.006596261,0.5555555560000001,0.6,0.013125321,0
202.47000122070312,0.6,0.006596261,0.5555555560000001,0.6,0.006716626324231312,0
33.779998779296875,0.6,0.006596261,0.5555555560000001,0.6,0.0074393540000000005,0
24.07999992370605,0.6,0.006596261,0.5555555560000001,0.8,0.008320901,0
17.229999542236328,0.6,0.006596261,0.5555555560000001,0.2,0.01307579,0
33.029998779296875,0.6,0.006596261,0.5555555560000001,0.4,0.008793211,1
63.40857315063477,0.6,0.008952548000000001,0.622222222,0.4,0.012537743999999998,0
268.32998657226557,0.6,0.008952548000000001,0.622222222,1.0,0.008105009,1
440.6837768554688,0.6,0.008952548000000001,0.622222222,0.6,0.009121161,1
9.772933959960938,0.6,0.008952548000000001,0.622222222,0.8,0.013361241999999999,1
203.2100067138672,0.6,0.008952548000000001,0.622222222,0.6,0.006609251233820836,1
33.669998168945305,0.6,0.008952548000000001,0.622222222,0.6,0.006598538,0
23.84000015258789,0.6,0.008952548000000001,0.622222222,0.6,0.008306728000000001,0
17.290000915527347,0.6,0.008952548000000001,0.622222222,0.4,0.01097428,1
33.529998779296875,0.6,0.008952548000000001,0.622222222,0.6,0.009213362,1
61.26428604125977,0.6,0.008193073,0.577777778,0.2,0.017042394,0
266.5599975585937,0.6,0.008193073,0.577777778,0.8,0.00868708,0
454.9857482910156,0.6,0.008193073,0.577777778,0.6,0.011785681999999999,1
9.523160934448242,0.6,0.008193073,0.577777778,0.6,0.012911787,0
203.32000732421875,0.6,0.008193073,0.577777778,0.6,0.005548725325178741,1
33.990001678466804,0.6,0.008193073,0.577777778,0.6,0.007296711,1
24.20000076293945,0.6,0.008193073,0.577777778,0.6,0.010498707,1
17.459999084472653,0.6,0.008193073,0.577777778,0.4,0.009989541,1
33.84999847412109,0.6,0.008193073,0.577777778,0.8,0.009200756,1
62.08285903930664,0.6,0.008540061,0.622222222,0.4,0.016666191,1
264.1199951171875,0.6,0.008540061,0.622222222,0.6,0.009373535,0
449.01458740234375,0.6,0.008540061,0.622222222,0.6,0.013918251000000001,0
9.700272560119627,0.6,0.008540061,0.622222222,0.6,0.015587249,1
204.69000244140625,0.6,0.008540061,0.622222222,0.8,0.0053535300093301786,1
34.36999893188477,0.6,0.008540061,0.622222222,0.6,0.008098087,1
23.940000534057607,0.6,0.008540061,0.622222222,0.4,0.011740246999999999,0
17.899999618530273,0.6,0.008540061,0.622222222,0.6,0.013911088,1
34.080001831054695,0.6,0.008540061,0.622222222,1.0,0.008559095,1
61.894287109375,0.6,0.010004728000000001,0.622222222,0.4,0.015609827,0
269.89999389648443,0.6,0.010004728000000001,0.622222222,0.6,0.011082743,1
451.6524353027344,0.6,0.010004728000000001,0.622222222,0.6,0.013085131000000002,1
9.659400939941406,0.6,0.010004728000000001,0.622222222,0.4,0.013030492,0
208.44000244140625,0.6,0.010004728000000001,0.622222222,0.8,0.00780721993282069,1
35.029998779296875,0.6,0.010004728000000001,0.622222222,0.6,0.010039537,1
24.040000915527344,0.6,0.010004728000000001,0.622222222,0.4,0.011426252,1
18.0,0.6,0.010004728000000001,0.622222222,0.8,0.014240991000000001,1
34.86999893188477,0.6,0.010004728000000001,0.622222222,1.0,0.013011525,1
63.27571487426758,0.8,0.010385413000000001,0.644444444,0.4,0.019292136,1
267.6300048828125,0.8,0.010385413000000001,0.644444444,0.4,0.012097233,0
451.32952880859375,0.8,0.010385413000000001,0.644444444,0.6,0.012614643,0
9.618528366088867,0.8,0.010385413000000001,0.644444444,0.4,0.012112600000000001,0
207.6000061035156,0.8,0.010385413000000001,0.644444444,0.8,0.0066569265512385145,0
34.900001525878906,0.8,0.010385413000000001,0.644444444,0.6,0.009370798,0
24.07999992370605,0.8,0.010385413000000001,0.644444444,0.6,0.008330451,1
18.61000061035156,0.8,0.010385413000000001,0.644444444,1.0,0.015598114,1
35.080001831054695,0.8,0.010385413000000001,0.644444444,1.0,0.012135867,1
62.808570861816406,0.6,0.008455511,0.622222222,0.4,0.015983515,0
268.8599853515625,0.6,0.008455511,0.622222222,0.4,0.010128056,1
450.5545654296875,0.6,0.008455511,0.622222222,0.4,0.01077693,0
9.586739540100098,0.6,0.008455511,0.622222222,0.2,0.011181081,0
208.6499938964844,0.6,0.008455511,0.622222222,0.8,0.006937497543499011,1
35.09999847412109,0.6,0.008455511,0.622222222,0.8,0.009865636,1
24.149999618530273,0.6,0.008455511,0.622222222,0.8,0.00691849,1
18.88999938964844,0.6,0.008455511,0.622222222,1.0,0.01791076,1
34.84999847412109,0.6,0.008455511,0.622222222,0.8,0.010419624,0
63.04999923706055,0.4,0.008443765,0.533333333,0.6,0.009988893,1
262.95999145507807,0.4,0.008443765,0.533333333,0.4,0.01319769,0
441.8362731933594,0.4,0.008443765,0.533333333,0.2,0.008156148,0
9.6412353515625,0.4,0.008443765,0.533333333,0.4,0.007206454,1
206.9900054931641,0.4,0.008443765,0.533333333,0.6,0.008420404892598559,0
34.11999893188477,0.4,0.008443765,0.533333333,0.6,0.013548856000000001,0
24.06999969482422,0.4,0.008443765,0.533333333,0.6,0.004560876,0
18.520000457763672,0.4,0.008443765,0.533333333,0.8,0.019861732,0
34.610000610351555,0.4,0.008443765,0.533333333,0.6,0.009888207,0
63.16285705566406,0.4,0.006453987,0.488888889,0.6,0.007674619000000001,1
261.79998779296875,0.4,0.006453987,0.488888889,0.4,0.012249221999999999,0
438.5426940917969,0.4,0.006453987,0.488888889,0.2,0.007022239,0
11.2897367477417,0.4,0.006453987,0.488888889,0.4,0.037683747999999996,1
206.16000366210938,0.4,0.006453987,0.488888889,0.4,0.007874753249133995,0
34.22999954223633,0.4,0.006453987,0.488888889,0.6,0.011957707,1
24.04999923706055,0.4,0.006453987,0.488888889,0.6,0.002578299,0
19.280000686645508,0.4,0.006453987,0.488888889,0.8,0.02302898,1
34.150001525878906,0.4,0.006453987,0.488888889,0.4,0.011187436,0
63.592857360839844,0.2,0.004496677,0.4,0.8,0.008428695,1
261.739990234375,0.2,0.004496677,0.4,0.2,0.007918259,0
433.8382873535156,0.2,0.004496677,0.4,0.0,0.007992761999999999,0
10.994550704956056,0.2,0.004496677,0.4,0.4,0.04207034,0
205.72000122070312,0.2,0.004496677,0.4,0.2,0.004637531198160925,0
34.049999237060554,0.2,0.004496677,0.4,0.4,0.00916886,0
23.920000076293945,0.2,0.004496677,0.4,0.4,0.0028239479999999997,0
19.8799991607666,0.2,0.004496677,0.4,0.8,0.028135708,1
34.27000045776367,0.2,0.004496677,0.4,0.4,0.007254079,1
63.06285858154297,0.2,0.008867654,0.488888889,0.6,0.005631716,0
267.29000854492193,0.2,0.008867654,0.488888889,0.4,0.010477027,1
437.7876281738281,0.2,0.008867654,0.488888889,0.2,0.009670424,1
11.194368362426758,0.2,0.008867654,0.488888889,0.6,0.044858913,1
207.77999877929688,0.2,0.008867654,0.488888889,0.4,0.0058342671481421676,1
34.529998779296875,0.2,0.008867654,0.488888889,0.6,0.011246036000000001,1
24.07999992370605,0.2,0.008867654,0.488888889,0.4,0.003828969,1
20.200000762939453,0.2,0.008867654,0.488888889,0.8,0.024577255,1
35.02000045776367,0.2,0.008867654,0.488888889,0.4,0.010426594,1
63.56428527832031,0.4,0.00867305,0.46666666700000003,0.8,0.005745425,1
265.52999877929693,0.4,0.00867305,0.46666666700000003,0.2,0.010874791000000002,0
431.3494873046875,0.4,0.00867305,0.46666666700000003,0.2,0.012268227,0
11.46230697631836,0.4,0.00867305,0.46666666700000003,0.8,0.048984947,1
207.9199981689453,0.4,0.00867305,0.46666666700000003,0.4,0.00495747557470754,1
34.400001525878906,0.4,0.00867305,0.46666666700000003,0.4,0.010852873999999998,0
24.270000457763672,0.4,0.00867305,0.46666666700000003,0.4,0.004825654,1
19.65999984741211,0.4,0.00867305,0.46666666700000003,0.6,0.026914677,0
34.880001068115234,0.4,0.00867305,0.46666666700000003,0.4,0.009914826,0
64.51142883300781,0.6,0.010871893,0.577777778,0.8,0.007956762,1
266.82998657226557,0.6,0.010871893,0.577777778,0.4,0.007465058,1
432.5665588378906,0.6,0.010871893,0.577777778,0.4,0.008962509,1
11.471389770507812,0.6,0.010871893,0.577777778,0.8,0.048006528,1
209.3600006103516,0.6,0.010871893,0.577777778,0.6,0.004751455734318062,1
34.34000015258789,0.6,0.010871893,0.577777778,0.4,0.005617675999999999,0
24.209999084472656,0.6,0.010871893,0.577777778,0.4,0.004657578,0
19.93000030517578,0.6,0.010871893,0.577777778,0.8,0.02574397,1
35.029998779296875,0.6,0.010871893,0.577777778,0.6,0.009397586,1
64.24714660644531,0.6,0.014776943999999998,0.577777778,0.6,0.008418102,0
269.20001220703125,0.6,0.014776943999999998,0.577777778,0.6,0.008359223,1
432.7950744628906,0.6,0.014776943999999998,0.577777778,0.6,0.007577305,1
11.08991813659668,0.6,0.014776943999999998,0.577777778,0.6,0.020460472,0
208.0200042724609,0.6,0.014776943999999998,0.577777778,0.6,0.005229571082611052,0
33.779998779296875,0.6,0.014776943999999998,0.577777778,0.2,0.0082344,0
24.28000068664551,0.6,0.014776943999999998,0.577777778,0.6,0.0050696790000000005,1
20.3799991607666,0.6,0.014776943999999998,0.577777778,0.8,0.022052417999999997,1
34.900001525878906,0.6,0.014776943999999998,0.577777778,0.6,0.007481605,0
64.38857269287111,0.6,0.016026187,0.644444444,0.6,0.0074967969999999995,1
266.8800048828125,0.6,0.016026187,0.644444444,0.6,0.01003702,0
431.0116882324219,0.6,0.016026187,0.644444444,0.6,0.0062559569999999995,0
11.307902336120605,0.6,0.016026187,0.644444444,0.8,0.019162405,1
208.9499969482422,0.6,0.016026187,0.644444444,0.8,0.005696853525536925,1
34.389999389648445,0.6,0.016026187,0.644444444,0.4,0.010794297,1
25.239999771118164,0.6,0.016026187,0.644444444,0.8,0.01189634,1
20.280000686645508,0.6,0.016026187,0.644444444,0.6,0.016809707,0
35.59000015258789,0.6,0.016026187,0.644444444,0.6,0.010732976000000002,1
64.18714141845703,0.4,0.012559983,0.5111111110000001,0.6,0.006455621,0
265.70001220703125,0.4,0.012559983,0.5111111110000001,0.4,0.006680443,0
426.77423095703125,0.4,0.012559983,0.5111111110000001,0.4,0.00640159,0
11.180745124816896,0.4,0.012559983,0.5111111110000001,0.6,0.017776553,0
206.19000244140625,0.4,0.012559983,0.5111111110000001,0.6,0.0063359088752691405,0
34.15999984741211,0.4,0.012559983,0.5111111110000001,0.2,0.009312512,0
25.36000061035156,0.4,0.012559983,0.5111111110000001,0.8,0.011509427,1
20.93000030517578,0.4,0.012559983,0.5111111110000001,0.6,0.020000628,1
34.990001678466804,0.4,0.012559983,0.5111111110000001,0.4,0.009727695,0
63.58714294433594,0.4,0.013094369,0.46666666700000003,0.4,0.006734906,0
267.17001342773443,0.4,0.013094369,0.46666666700000003,0.6,0.006470025999999999,1
427.0722961425781,0.4,0.013094369,0.46666666700000003,0.6,0.0036000570000000003,1
10.985467910766602,0.4,0.013094369,0.46666666700000003,0.4,0.016482626,0
202.7400054931641,0.4,0.013094369,0.46666666700000003,0.4,0.00954757659697957,0
34.11999893188477,0.4,0.013094369,0.46666666700000003,0.2,0.008793757,0
24.70000076293945,0.4,0.013094369,0.46666666700000003,0.6,0.015136395,0
20.5,0.4,0.013094369,0.46666666700000003,0.6,0.018763021,0
34.779998779296875,0.4,0.013094369,0.46666666700000003,0.4,0.010128515,0
62.63714218139648,0.4,0.014768003,0.42222222200000004,0.2,0.0067428209999999995,0
267.82998657226557,0.4,0.014768003,0.42222222200000004,0.6,0.005984909,1
429.5263366699219,0.4,0.014768003,0.42222222200000004,0.6,0.004184987,1
11.012715339660645,0.4,0.014768003,0.42222222200000004,0.4,0.016820208,1
203.8000030517578,0.4,0.014768003,0.42222222200000004,0.4,0.009208097928333488,1
33.34999847412109,0.4,0.014768003,0.42222222200000004,0.2,0.012958396,0
24.649999618530273,0.4,0.014768003,0.42222222200000004,0.6,0.015046813999999999,0
20.13999938964844,0.4,0.014768003,0.42222222200000004,0.4,0.019528524,0
34.959999084472656,0.4,0.014768003,0.42222222200000004,0.4,0.010303516,1
63.11571502685547,0.6,0.01694343,0.488888889,0.4,0.007451566999999999,1
276.8699951171875,0.6,0.01694343,0.488888889,0.6,0.010959035,1
437.0225830078125,0.6,0.01694343,0.488888889,0.6,0.007569802,1
11.267029762268065,0.6,0.01694343,0.488888889,0.6,0.014787933,1
206.3500061035156,0.6,0.01694343,0.488888889,0.6,0.010430466065442873,1
33.810001373291016,0.6,0.01694343,0.488888889,0.4,0.012455523999999999,1
24.59000015258789,0.6,0.01694343,0.488888889,0.4,0.014955338,0
20.11000061035156,0.6,0.01694343,0.488888889,0.2,0.015310633,0
35.66999816894531,0.6,0.01694343,0.488888889,0.6,0.01362309,1
62.69857025146485,0.8,0.014643811999999999,0.46666666700000003,0.2,0.008333152,0
281.07000732421875,0.8,0.014643811999999999,0.46666666700000003,0.8,0.012269327,1
442.23370361328125,0.8,0.014643811999999999,0.46666666700000003,0.8,0.009130506,1
11.121707916259766,0.8,0.014643811999999999,0.46666666700000003,0.4,0.013436313,0
205.0200042724609,0.8,0.014643811999999999,0.46666666700000003,0.4,0.010825402033565098,0
34.049999237060554,0.8,0.014643811999999999,0.46666666700000003,0.4,0.010263600999999999,1
25.01000022888184,0.8,0.014643811999999999,0.46666666700000003,0.4,0.010463626,1
20.559999465942386,0.8,0.014643811999999999,0.46666666700000003,0.4,0.018804667,1
35.470001220703125,0.8,0.014643811999999999,0.46666666700000003,0.4,0.010790316999999999,0
62.51428604125977,0.8,0.018087467,0.42222222200000004,0.2,0.00829532,0
274.77999877929693,0.8,0.018087467,0.42222222200000004,0.8,0.0158608,0
437.06231689453125,0.8,0.018087467,0.42222222200000004,0.8,0.009502979,0
11.008173942565918,0.8,0.018087467,0.42222222200000004,0.4,0.01322898,0
203.97999572753903,0.8,0.018087467,0.42222222200000004,0.4,0.009198170404487423,0
33.56999969482422,0.8,0.018087467,0.42222222200000004,0.4,0.011745387,0
24.709999084472656,0.8,0.018087467,0.42222222200000004,0.2,0.011911798000000001,0
19.899999618530273,0.8,0.018087467,0.42222222200000004,0.2,0.018814647,0
34.84000015258789,0.8,0.018087467,0.42222222200000004,0.4,0.010970896,0
61.74142837524414,0.6,0.021647225,0.42222222200000004,0.2,0.00889837,0
271.67001342773443,0.6,0.021647225,0.42222222200000004,0.6,0.017017906,0
433.1726379394531,0.6,0.021647225,0.42222222200000004,0.6,0.011143216000000001,0
11.312442779541016,0.6,0.021647225,0.42222222200000004,0.6,0.015263935,1
201.1999969482422,0.6,0.021647225,0.42222222200000004,0.4,0.008577501639861472,0
33.52000045776367,0.6,0.021647225,0.42222222200000004,0.4,0.01180907,0
24.459999084472656,0.6,0.021647225,0.42222222200000004,0.2,0.008730224,0
19.799999237060547,0.6,0.021647225,0.42222222200000004,0.2,0.015710738999999998,0
35.0,0.6,0.021647225,0.42222222200000004,0.6,0.01068902,1
62.27999877929688,0.6,0.024341377,0.46666666700000003,0.4,0.007654942,1
275.79000854492193,0.6,0.024341377,0.46666666700000003,0.6,0.019556946999999998,1
435.6664123535156,0.6,0.024341377,0.46666666700000003,0.6,0.011145377,1
11.321525573730467,0.6,0.024341377,0.46666666700000003,0.6,0.014928452,1
203.7700042724609,0.6,0.024341377,0.46666666700000003,0.4,0.010086509101477441,1
34.25,0.6,0.024341377,0.46666666700000003,0.6,0.011651191000000002,1
24.989999771118164,0.6,0.024341377,0.46666666700000003,0.4,0.012658968,1
19.549999237060547,0.6,0.024341377,0.46666666700000003,0.2,0.01472379,0
34.720001220703125,0.6,0.024341377,0.46666666700000003,0.4,0.011253933,0
61.43571472167969,0.6,0.017996309,0.311111111,0.2,0.008838115,0
273.989990234375,0.6,0.017996309,0.311111111,0.4,0.014111743999999999,0
434.6927490234375,0.6,0.017996309,0.311111111,0.4,0.008101882,0
11.235240936279297,0.6,0.017996309,0.311111111,0.4,0.011834151000000001,0
202.1999969482422,0.6,0.017996309,0.311111111,0.2,0.009125012950109122,0
33.77000045776367,0.6,0.017996309,0.311111111,0.4,0.01169547,0
24.920000076293945,0.6,0.017996309,0.311111111,0.4,0.012732378999999999,0
19.270000457763672,0.6,0.017996309,0.311111111,0.2,0.017290325,0
34.400001525878906,0.6,0.017996309,0.311111111,0.2,0.00903547,0
61.71428680419922,0.6,0.020452419,0.37777777799999995,0.4,0.008423146999999999,1
278.0599975585937,0.6,0.020452419,0.37777777799999995,0.4,0.014048737,1
440.26153564453125,0.6,0.020452419,0.37777777799999995,0.4,0.008279225,1
11.425976753234865,0.6,0.020452419,0.37777777799999995,0.6,0.012649869,1
203.0399932861328,0.6,0.020452419,0.37777777799999995,0.4,0.008666796172822488,1
34.27000045776367,0.6,0.020452419,0.37777777799999995,0.4,0.013236992,1
25.10000038146973,0.6,0.020452419,0.37777777799999995,0.4,0.01076098,1
19.270000457763672,0.6,0.020452419,0.37777777799999995,0.0,0.012814951000000002,0
35.0,0.6,0.020452419,0.37777777799999995,0.4,0.011402458999999998,1
61.68142700195313,0.8,0.016500132,0.5111111110000001,0.4,0.007941795,0
281.760009765625,0.8,0.016500132,0.5111111110000001,0.6,0.012234281999999999,1
447.4000854492188,0.8,0.016500132,0.5111111110000001,0.6,0.009183335,1
11.553133964538574,0.8,0.016500132,0.5111111110000001,0.8,0.012833961000000001,1
204.8699951171875,0.8,0.016500132,0.5111111110000001,0.6,0.009454855027026905,1
34.400001525878906,0.8,0.016500132,0.5111111110000001,0.6,0.011176298999999999,1
25.46999931335449,0.8,0.016500132,0.5111111110000001,0.6,0.01131013,1
19.13999938964844,0.8,0.016500132,0.5111111110000001,0.0,0.007743978,0
34.97999954223633,0.8,0.016500132,0.5111111110000001,0.4,0.007964444000000001,0
60.42856979370117,0.8,0.014535788000000001,0.488888889,0.4,0.009531564000000001,0
278.16000366210943,0.8,0.014535788000000001,0.488888889,0.6,0.012526033999999998,0
447.4299011230469,0.8,0.014535788000000001,0.488888889,0.8,0.007416744,1
11.548592567443848,0.8,0.014535788000000001,0.488888889,0.6,0.007384526,0
201.94000244140625,0.8,0.014535788000000001,0.488888889,0.6,0.009589442123829377,0
34.09000015258789,0.8,0.014535788000000001,0.488888889,0.6,0.012680752,0
25.0,0.8,0.014535788000000001,0.488888889,0.6,0.012977268,0
18.700000762939453,0.8,0.014535788000000001,0.488888889,0.0,0.011336636,0
34.59000015258789,0.8,0.014535788000000001,0.488888889,0.2,0.009275803,0
59.5485725402832,0.8,0.006867146,0.333333333,0.2,0.010699485,0
273.44000244140625,0.8,0.006867146,0.333333333,0.4,0.012886678,0
439.5114135742188,0.8,0.006867146,0.333333333,0.6,0.009804887,0
11.226158142089844,0.8,0.006867146,0.333333333,0.4,0.012807906,0
197.3500061035156,0.8,0.006867146,0.333333333,0.4,0.011580663878642693,0
33.209999084472656,0.8,0.006867146,0.333333333,0.4,0.013487957,0
24.190000534057607,0.8,0.006867146,0.333333333,0.4,0.015123652,0
17.989999771118164,0.8,0.006867146,0.333333333,0.0,0.016404976,0
33.490001678466804,0.8,0.006867146,0.333333333,0.2,0.014036021000000001,0
59.07143020629883,0.6,0.007843631,0.37777777799999995,0.2,0.009590764,0
273.3599853515625,0.6,0.007843631,0.37777777799999995,0.4,0.01163985,0
437.6187133789063,0.6,0.007843631,0.37777777799999995,0.6,0.010219186,0
10.967302322387695,0.6,0.007843631,0.37777777799999995,0.4,0.015895303,0
195.4600067138672,0.6,0.007843631,0.37777777799999995,0.4,0.011955081777855866,0
30.13999938964844,0.6,0.007843631,0.37777777799999995,0.4,0.029173445,0
24.20000076293945,0.6,0.007843631,0.37777777799999995,0.6,0.014646111000000002,1
18.350000381469727,0.6,0.007843631,0.37777777799999995,0.2,0.017542769,1
33.27000045776367,0.6,0.007843631,0.37777777799999995,0.2,0.013506536999999999,0
57.505714416503906,0.4,0.009565470999999999,0.24444444399999998,0.0,0.013984983999999999,0
270.6099853515625,0.4,0.009565470999999999,0.24444444399999998,0.2,0.010680931999999999,0
432.084716796875,0.4,0.009565470999999999,0.24444444399999998,0.4,0.010186155,0
10.640326499938963,0.4,0.009565470999999999,0.24444444399999998,0.2,0.018462729,0
193.5399932861328,0.4,0.009565470999999999,0.24444444399999998,0.2,0.013088834862443516,0
30.170000076293945,0.4,0.009565470999999999,0.24444444399999998,0.4,0.026411313,1
23.57999992370605,0.4,0.009565470999999999,0.24444444399999998,0.4,0.01832546,0
17.569999694824222,0.4,0.009565470999999999,0.24444444399999998,0.2,0.026044138999999997,0
33.720001220703125,0.4,0.009565470999999999,0.24444444399999998,0.2,0.012723318,1
57.51856994628906,0.4,0.0117972,0.24444444399999998,0.2,0.013923204,1
272.08999633789057,0.4,0.0117972,0.24444444399999998,0.2,0.00911346,1
430.3013000488281,0.4,0.0117972,0.24444444399999998,0.2,0.007768781,0
10.831062316894533,0.4,0.0117972,0.24444444399999998,0.2,0.019822122,1
194.97999572753903,0.4,0.0117972,0.24444444399999998,0.2,0.012774299583695541,1
29.959999084472656,0.4,0.0117972,0.24444444399999998,0.2,0.027044743,0
23.8799991607666,0.4,0.0117972,0.24444444399999998,0.4,0.017921784,1
17.81999969482422,0.4,0.0117972,0.24444444399999998,0.4,0.02754064,1
33.669998168945305,0.4,0.0117972,0.24444444399999998,0.2,0.012905608,0
56.86714172363281,0.6,0.009399366999999999,0.37777777799999995,0.2,0.012125961999999999,0
277.57000732421875,0.6,0.009399366999999999,0.37777777799999995,0.4,0.010586176999999999,1
434.0022277832031,0.6,0.009399366999999999,0.37777777799999995,0.2,0.009475609,1
10.90372371673584,0.6,0.009399366999999999,0.37777777799999995,0.4,0.021085227,1
194.8600006103516,0.6,0.009399366999999999,0.37777777799999995,0.2,0.010037040741303566,0
30.13999938964844,0.6,0.009399366999999999,0.37777777799999995,0.4,0.026444014,1
24.01000022888184,0.6,0.009399366999999999,0.37777777799999995,0.6,0.015319959,1
18.299999237060547,0.6,0.009399366999999999,0.37777777799999995,0.6,0.028330152999999997,1
34.34999847412109,0.6,0.009399366999999999,0.37777777799999995,0.4,0.014714971,1
56.2542839050293,0.6,0.011806655,0.533333333,0.2,0.011368843,0
277.54998779296875,0.6,0.011806655,0.533333333,0.4,0.00720687,0
435.701171875,0.6,0.011806655,0.533333333,0.4,0.006718985,1
11.248865127563477,0.6,0.011806655,0.533333333,0.6,0.021831972999999998,1
195.6499938964844,0.6,0.011806655,0.533333333,0.4,0.006301971356264735,1
30.45000076293945,0.6,0.011806655,0.533333333,0.6,0.02333828,1
24.04999923706055,0.6,0.011806655,0.533333333,0.8,0.00917315,1
18.3799991607666,0.6,0.011806655,0.533333333,0.8,0.021610876,1
34.61999893188477,0.6,0.011806655,0.533333333,0.6,0.009926816,1
56.64714431762695,0.6,0.011133465,0.622222222,0.4,0.011163042,1
277.69000244140625,0.6,0.011133465,0.622222222,0.6,0.0072492369999999995,1
437.3405151367188,0.6,0.011133465,0.622222222,0.6,0.0066102190000000005,1
11.26248836517334,0.6,0.011133465,0.622222222,0.8,0.017462534,1
191.1100006103516,0.6,0.011133465,0.622222222,0.4,0.009027527001897049,0
30.709999084472656,0.6,0.011133465,0.622222222,0.8,0.00655758,1
24.229999542236328,0.6,0.011133465,0.622222222,0.8,0.010587353,1
18.09000015258789,0.6,0.011133465,0.622222222,0.6,0.020764239,0
34.540000915527344,0.6,0.011133465,0.622222222,0.6,0.009075133,0
58.459999084472656,0.8,0.008664035,0.7111111109999999,0.6,0.012262465,1
282.1000061035156,0.8,0.008664035,0.7111111109999999,0.8,0.008413445,1
441.0712585449219,0.8,0.008664035,0.7111111109999999,0.8,0.005787183,1
11.321525573730467,0.8,0.008664035,0.7111111109999999,1.0,0.012548181,1
191.27999877929688,0.8,0.008664035,0.7111111109999999,0.6,0.007240823087203019,1
30.11000061035156,0.8,0.008664035,0.7111111109999999,0.6,0.010266016999999999,0
23.88999938964844,0.8,0.008664035,0.7111111109999999,0.8,0.008269819,0
18.15999984741211,0.8,0.008664035,0.7111111109999999,0.8,0.013036774,1
34.360000610351555,0.8,0.008664035,0.7111111109999999,0.4,0.00741226,0
59.78428649902344,0.6,0.005826349000000001,0.666666667,0.6,0.016748331,1
283.7300109863281,0.6,0.005826349000000001,0.666666667,0.8,0.008475234,1
438.3042602539063,0.6,0.005826349000000001,0.666666667,0.8,0.00621636,0
11.362398147583008,0.6,0.005826349000000001,0.666666667,1.0,0.009685065,1
191.5,0.6,0.005826349000000001,0.666666667,0.6,0.005982786584165677,1
30.10000038146973,0.6,0.005826349000000001,0.666666667,0.6,0.008940324,0
23.71999931335449,0.6,0.005826349000000001,0.666666667,0.6,0.007148486,0
18.030000686645508,0.6,0.005826349000000001,0.666666667,0.6,0.011622723,0
33.939998626708984,0.6,0.005826349000000001,0.666666667,0.4,0.009560397,0
60.11428451538086,0.4,0.007388614,0.688888889,0.8,0.015587186999999999,1
284.0299987792969,0.4,0.007388614,0.688888889,0.8,0.004658606,1
440.3509521484375,0.4,0.007388614,0.688888889,0.8,0.005430118,1
11.43505859375,0.4,0.007388614,0.688888889,1.0,0.009622305,1
193.25,0.4,0.007388614,0.688888889,0.8,0.007687378282558149,1
30.70000076293945,0.4,0.007388614,0.688888889,0.6,0.011725433,1
23.76000022888184,0.4,0.007388614,0.688888889,0.6,0.0063969759999999995,1
17.860000610351562,0.4,0.007388614,0.688888889,0.4,0.00812127,0
34.009998321533196,0.4,0.007388614,0.688888889,0.4,0.005933681,1
59.63142776489258,0.4,0.008281967,0.688888889,0.8,0.015038248,0
285.8800048828125,0.4,0.008281967,0.688888889,1.0,0.005946865,1
443.8581237792969,0.4,0.008281967,0.688888889,0.8,0.006240096999999999,1
11.616711616516113,0.4,0.008281967,0.688888889,1.0,0.006468723000000001,1
194.92999267578125,0.4,0.008281967,0.688888889,0.8,0.008615219510981188,1
31.190000534057607,0.4,0.008281967,0.688888889,0.6,0.012860538000000001,1
24.059999465942386,0.4,0.008281967,0.688888889,0.6,0.008589036,1
17.430000305175778,0.4,0.008281967,0.688888889,0.2,0.012062187,0
34.209999084472656,0.4,0.008281967,0.688888889,0.4,0.005537755,1
59.2928581237793,0.4,0.008816879,0.688888889,0.6,0.014777058000000001,0
290.5899963378906,0.4,0.008816879,0.688888889,1.0,0.009141055,1
449.6206359863281,0.4,0.008816879,0.688888889,0.8,0.008084144,1
11.43051815032959,0.4,0.008816879,0.688888889,0.8,0.009432121,0
194.97999572753903,0.4,0.008816879,0.688888889,1.0,0.004025589374342624,1
31.649999618530273,0.4,0.008816879,0.688888889,0.6,0.014102489,1
23.190000534057607,0.4,0.008816879,0.688888889,0.4,0.014324063,0
17.93000030517578,0.4,0.008816879,0.688888889,0.4,0.014643828000000001,1
34.330001831054695,0.4,0.008816879,0.688888889,0.6,0.005777172,1
60.33571243286133,0.4,0.00746858,0.688888889,0.6,0.011894181,1
291.5299987792969,0.4,0.00746858,0.688888889,1.0,0.00661181,1
449.6951599121094,0.4,0.00746858,0.688888889,0.8,0.00641119,1
11.566757202148438,0.4,0.00746858,0.688888889,0.8,0.010767512,1
191.3000030517578,0.4,0.00746858,0.688888889,0.8,0.007622421977780308,0
31.520000457763672,0.4,0.00746858,0.688888889,0.6,0.011016456,0
23.13999938964844,0.4,0.00746858,0.688888889,0.4,0.011948853999999998,0
17.989999771118164,0.4,0.00746858,0.688888889,0.4,0.014539186,1
34.34999847412109,0.4,0.00746858,0.688888889,0.8,0.004851397,1
60.104286193847656,0.6,0.007347059,0.7333333329999999,0.4,0.008130733000000001,0
292.3299865722656,0.6,0.007347059,0.7333333329999999,1.0,0.006005008,1
450.0677490234375,0.6,0.007347059,0.7333333329999999,1.0,0.005322225,1
11.77565860748291,0.6,0.007347059,0.7333333329999999,0.8,0.013657579,1
192.25,0.6,0.007347059,0.7333333329999999,0.8,0.008385592608124891,1
31.229999542236328,0.6,0.007347059,0.7333333329999999,0.6,0.012790138999999999,0
23.25,0.6,0.007347059,0.7333333329999999,0.6,0.011476403999999999,1
17.790000915527344,0.6,0.007347059,0.7333333329999999,0.4,0.015330922,0
34.700000762939446,0.6,0.007347059,0.7333333329999999,1.0,0.004444541,1
61.04142761230469,0.8,0.010399891,0.7555555559999999,0.4,0.010145155999999999,1
299.6600036621094,0.8,0.010399891,0.7555555559999999,1.0,0.01080844,1
457.1466979980469,0.8,0.010399891,0.7555555559999999,1.0,0.0075340369999999995,1
11.980018615722654,0.8,0.010399891,0.7555555559999999,0.8,0.015849504,1
192.8000030517578,0.8,0.010399891,0.7555555559999999,0.8,0.007130091194192022,1
31.86000061035156,0.8,0.010399891,0.7555555559999999,0.6,0.012838013999999998,1
23.989999771118164,0.8,0.010399891,0.7555555559999999,0.6,0.017504717,1
18.559999465942386,0.8,0.010399891,0.7555555559999999,0.6,0.022101707,1
35.689998626708984,0.8,0.010399891,0.7555555559999999,1.0,0.00973809,1
60.93000030517578,0.8,0.007909773,0.644444444,0.4,0.008903781,0
307.54998779296875,0.8,0.007909773,0.644444444,1.0,0.014771713999999998,1
458.5177917480469,0.8,0.007909773,0.644444444,1.0,0.006540987,1
11.893733024597168,0.8,0.007909773,0.644444444,0.6,0.014112872,0
192.07000732421875,0.8,0.007909773,0.644444444,0.6,0.006148675275307947,0
31.25,0.8,0.007909773,0.644444444,0.4,0.01347509,0
23.899999618530273,0.8,0.007909773,0.644444444,0.4,0.015729785,0
18.5,0.8,0.007909773,0.644444444,0.6,0.017933021,0
35.66999816894531,0.8,0.007909773,0.644444444,0.8,0.008674039,0
61.06285858154297,0.8,0.007881757,0.688888889,0.6,0.008204341,1
306.57000732421875,0.8,0.007881757,0.688888889,0.8,0.012113913,0
459.3573303222656,0.8,0.007881757,0.688888889,1.0,0.0043106279999999995,1
11.980018615722654,0.8,0.007881757,0.688888889,0.8,0.012358200000000001,1
194.0,0.8,0.007881757,0.688888889,0.6,0.008107047941551098,1
32.009998321533196,0.8,0.007881757,0.688888889,0.4,0.015389422,1
23.940000534057607,0.8,0.007881757,0.688888889,0.6,0.008832609,1
18.700000762939453,0.8,0.007881757,0.688888889,0.6,0.014357956000000002,1
36.16999816894531,0.8,0.007881757,0.688888889,0.8,0.01077595,1
61.4571418762207,0.6,0.009387209,0.666666667,0.6,0.005978103,1
306.8699951171875,0.6,0.009387209,0.666666667,0.8,0.011662658000000001,1
456.833740234375,0.6,0.009387209,0.666666667,0.8,0.005376227,0
12.011807441711426,0.6,0.009387209,0.666666667,0.8,0.01050512,1
193.8500061035156,0.6,0.009387209,0.666666667,0.6,0.0044869421267933135,0
32.0,0.6,0.009387209,0.666666667,0.4,0.014630411999999999,0
24.25,0.6,0.009387209,0.666666667,0.8,0.010991182,1
18.38999938964844,0.6,0.009387209,0.666666667,0.4,0.017004216000000003,0
36.27000045776367,0.6,0.009387209,0.666666667,0.8,0.011212411,1
61.47285842895508,0.4,0.009857988,0.644444444,0.8,0.005262121,1
308.69000244140625,0.4,0.009857988,0.644444444,0.8,0.012300013,1
456.3071594238281,0.4,0.009857988,0.644444444,0.6,0.005441054,0
11.94822883605957,0.4,0.009857988,0.644444444,0.6,0.007951622,0
194.5500030517578,0.4,0.009857988,0.644444444,0.6,0.004215945663560151,1
32.15999984741211,0.4,0.009857988,0.644444444,0.6,0.013790304,1
24.149999618530273,0.4,0.009857988,0.644444444,0.6,0.010865188000000001,0
18.559999465942386,0.4,0.009857988,0.644444444,0.6,0.016629603,1
35.7400016784668,0.4,0.009857988,0.644444444,0.6,0.012097071000000001,0
61.68000030517578,0.4,0.007540099000000001,0.5111111110000001,0.8,0.002817666,1
304.1099853515625,0.4,0.007540099000000001,0.5111111110000001,0.6,0.01025251,0
452.3975830078125,0.4,0.007540099000000001,0.5111111110000001,0.4,0.004008901,0
11.957311630249025,0.4,0.007540099000000001,0.5111111110000001,0.6,0.004632769,1
197.9900054931641,0.4,0.007540099000000001,0.5111111110000001,0.6,0.00718013926436775,1
32.009998321533196,0.4,0.007540099000000001,0.5111111110000001,0.4,0.01068856,0
23.239999771118164,0.4,0.007540099000000001,0.5111111110000001,0.4,0.012035829,0
18.36000061035156,0.4,0.007540099000000001,0.5111111110000001,0.4,0.010128231,0
35.439998626708984,0.4,0.007540099000000001,0.5111111110000001,0.4,0.008069839,0
60.7071418762207,0.2,0.007949555,0.488888889,0.8,0.005607113,0
305.2300109863281,0.2,0.007949555,0.488888889,0.6,0.005723145,1
445.403076171875,0.2,0.007949555,0.488888889,0.2,0.006501247,0
11.41689395904541,0.2,0.007949555,0.488888889,0.6,0.012231394,0
193.5399932861328,0.2,0.007949555,0.488888889,0.6,0.010918071027885936,0
31.86000061035156,0.2,0.007949555,0.488888889,0.4,0.007796496,0
23.040000915527344,0.2,0.007949555,0.488888889,0.4,0.013006676000000002,0
18.18000030517578,0.2,0.007949555,0.488888889,0.4,0.011442471999999999,0
31.399999618530273,0.2,0.007949555,0.488888889,0.4,0.030756852999999997,0
60.90142822265625,0.2,0.007783805,0.444444444,0.8,0.005811089,1
303.4800109863281,0.2,0.007783805,0.444444444,0.6,0.0062325390000000005,0
452.40753173828125,0.2,0.007783805,0.444444444,0.2,0.009280271,1
11.584922790527346,0.2,0.007783805,0.444444444,0.6,0.013723963999999998,1
194.08999633789062,0.2,0.007783805,0.444444444,0.6,0.009476755897263331,1
31.8700008392334,0.2,0.007783805,0.444444444,0.4,0.002995283,1
22.770000457763672,0.2,0.007783805,0.444444444,0.2,0.015015694,0
18.020000457763672,0.2,0.007783805,0.444444444,0.2,0.011040476,0
32.009998321533196,0.2,0.007783805,0.444444444,0.4,0.031838719,1
59.855712890625,0.4,0.0061487830000000005,0.42222222200000004,0.6,0.007953812,0
301.05999755859375,0.4,0.0061487830000000005,0.42222222200000004,0.4,0.007631675,0
448.9798278808594,0.4,0.0061487830000000005,0.42222222200000004,0.2,0.00969684,0
11.684831619262695,0.4,0.0061487830000000005,0.42222222200000004,0.6,0.014918074,1
194.97999572753903,0.4,0.0061487830000000005,0.42222222200000004,0.8,0.010239222716944165,1
32.06999969482422,0.4,0.0061487830000000005,0.42222222200000004,0.6,0.004187905,1
22.75,0.4,0.0061487830000000005,0.42222222200000004,0.0,0.012601563999999999,0
18.32999992370605,0.4,0.0061487830000000005,0.42222222200000004,0.4,0.011165568999999998,1
31.81999969482422,0.4,0.0061487830000000005,0.42222222200000004,0.2,0.032472882,0
62.93000030517578,0.4,0.01158497,0.444444444,0.6,0.018174993,1
298.94000244140625,0.4,0.01158497,0.444444444,0.2,0.007853854,0
448.53271484375,0.4,0.01158497,0.444444444,0.2,0.009665473,0
11.857402801513672,0.4,0.01158497,0.444444444,0.8,0.016813236999999998,1
196.6100006103516,0.4,0.01158497,0.444444444,0.8,0.011188989396246265,1
32.389999389648445,0.4,0.01158497,0.444444444,0.6,0.005183539,1
22.93000030517578,0.4,0.01158497,0.444444444,0.2,0.013359238999999998,1
18.190000534057614,0.4,0.01158497,0.444444444,0.2,0.010844281,0
31.959999084472656,0.4,0.01158497,0.444444444,0.4,0.030430309,1
62.64285659790039,0.4,0.011353344,0.488888889,0.4,0.018413645,0
303.3999938964844,0.4,0.011353344,0.488888889,0.4,0.007870335,1
440.9818420410156,0.4,0.011353344,0.488888889,0.2,0.011318823,0
11.9164400100708,0.4,0.011353344,0.488888889,0.8,0.017656987,1
197.22000122070312,0.4,0.011353344,0.488888889,0.8,0.008273139364420135,1
32.36999893188477,0.4,0.011353344,0.488888889,0.6,0.0043741909999999995,0
23.059999465942386,0.4,0.011353344,0.488888889,0.4,0.006956886999999999,1
18.399999618530273,0.4,0.011353344,0.488888889,0.4,0.010998072,1
31.38999938964844,0.4,0.011353344,0.488888889,0.4,0.032318458,0
62.998573303222656,0.4,0.011754578,0.622222222,0.6,0.016394808,1
312.010009765625,0.4,0.011754578,0.622222222,0.4,0.012809428999999999,1
439.8144226074219,0.4,0.011754578,0.622222222,0.2,0.008756092,0
11.802906036376953,0.4,0.011754578,0.622222222,0.8,0.010523372,0
197.3500061035156,0.4,0.011754578,0.622222222,1.0,0.0039097880562893655,1
32.540000915527344,0.4,0.011754578,0.622222222,0.8,0.004487366,1
23.26000022888184,0.4,0.011754578,0.622222222,0.6,0.006970338,1
18.450000762939453,0.4,0.011754578,0.622222222,0.6,0.009580775,1
31.6200008392334,0.4,0.011754578,0.622222222,0.6,0.01098481,1
63.97000122070313,0.6,0.011534165,0.533333333,0.6,0.018838698,1
306.1000061035156,0.6,0.011534165,0.533333333,0.4,0.015451095,0
438.2843933105469,0.6,0.011534165,0.533333333,0.0,0.0063066319999999995,0
11.657584190368652,0.6,0.011534165,0.533333333,0.6,0.010042335999999999,0
196.2100067138672,0.6,0.011534165,0.533333333,0.8,0.004496734095227661,0
32.47999954223633,0.6,0.011534165,0.533333333,0.6,0.004793375,0
23.239999771118164,0.6,0.011534165,0.533333333,0.6,0.004798557,0
18.5,0.6,0.011534165,0.533333333,0.8,0.008362598,1
31.540000915527344,0.6,0.011534165,0.533333333,0.4,0.007605476,0
64.76000213623047,0.4,0.014392539,0.577777778,0.8,0.017874485,1
302.4100036621094,0.4,0.014392539,0.577777778,0.4,0.016267231,0
442.5814208984375,0.4,0.014392539,0.577777778,0.2,0.006752155,1
11.707538604736328,0.4,0.014392539,0.577777778,0.6,0.009174556,1
196.00999450683602,0.4,0.014392539,0.577777778,0.6,0.0037835100362073352,0
32.549999237060554,0.4,0.014392539,0.577777778,0.6,0.003969316,1
23.3799991607666,0.4,0.014392539,0.577777778,0.8,0.005827698,1
18.34000015258789,0.4,0.014392539,0.577777778,0.6,0.006651710999999999,0
31.85000038146973,0.4,0.014392539,0.577777778,0.6,0.00838411,1
64.64714050292969,0.4,0.008674747,0.444444444,0.6,0.007950711,0
301.2200012207031,0.4,0.008674747,0.444444444,0.4,0.01564589,0
441.0066833496094,0.4,0.008674747,0.444444444,0.2,0.007264601999999999,0
11.66212558746338,0.4,0.008674747,0.444444444,0.4,0.006996583000000001,0
195.0399932861328,0.4,0.008674747,0.444444444,0.4,0.003101285329961838,0
32.34999847412109,0.4,0.008674747,0.444444444,0.4,0.003202567,0
23.34000015258789,0.4,0.008674747,0.444444444,0.6,0.004587442,0
18.34000015258789,0.4,0.008674747,0.444444444,0.6,0.005124167,0
31.84000015258789,0.4,0.008674747,0.444444444,0.4,0.007566959,0
65.23999786376953,0.4,0.01105283,0.488888889,0.8,0.008872263,1
305.57000732421875,0.4,0.01105283,0.488888889,0.4,0.015550278,1
449.1884765625,0.4,0.01105283,0.488888889,0.4,0.007608187,1
11.911898612976074,0.4,0.01105283,0.488888889,0.4,0.010284287,1
195.80999755859366,0.4,0.01105283,0.488888889,0.4,0.003270352967279,1
32.75,0.4,0.01105283,0.488888889,0.6,0.00555203,1
23.20000076293945,0.4,0.01105283,0.488888889,0.4,0.004653215,0
18.59000015258789,0.4,0.01105283,0.488888889,0.6,0.005541496999999999,1
31.670000076293945,0.4,0.01105283,0.488888889,0.4,0.005067842,0
66.07714080810547,0.4,0.010512346,0.46666666700000003,0.8,0.010302914,1
304.2099914550781,0.4,0.010512346,0.46666666700000003,0.2,0.010764741999999999,0
450.3558654785156,0.4,0.010512346,0.46666666700000003,0.6,0.0075985,1
12.26158046722412,0.4,0.010512346,0.46666666700000003,0.6,0.014249921,1
195.16000366210938,0.4,0.010512346,0.46666666700000003,0.2,0.0038024182105323274,0
32.56999969482422,0.4,0.010512346,0.46666666700000003,0.4,0.005600901,0
23.21999931335449,0.4,0.010512346,0.46666666700000003,0.4,0.003091005,1
18.600000381469727,0.4,0.010512346,0.46666666700000003,0.6,0.005105594000000001,1
31.88999938964844,0.4,0.010512346,0.46666666700000003,0.4,0.004991721,1
67.06428527832031,0.2,0.012209343000000001,0.533333333,0.8,0.010206801,1
300.989990234375,0.2,0.012209343000000001,0.533333333,0.2,0.009093359,0
449.575927734375,0.2,0.012209343000000001,0.533333333,0.6,0.007249104,0
12.2752046585083,0.2,0.012209343000000001,0.533333333,0.8,0.012009671000000001,1
195.5,0.2,0.012209343000000001,0.533333333,0.4,0.0029955393323603005,1
32.779998779296875,0.2,0.012209343000000001,0.533333333,0.6,0.006521641,1
22.920000076293945,0.2,0.012209343000000001,0.533333333,0.4,0.005503004000000001,0
18.6200008392334,0.2,0.012209343000000001,0.533333333,0.6,0.004778655,1
31.70000076293945,0.2,0.012209343000000001,0.533333333,0.4,0.005677300000000001,0
66.46428680419922,0.2,0.009367681999999999,0.444444444,0.6,0.009526214,0
300.75,0.2,0.009367681999999999,0.444444444,0.2,0.006841848,0
445.38818359375,0.2,0.009367681999999999,0.444444444,0.4,0.00715124,0
12.0072660446167,0.2,0.009367681999999999,0.444444444,0.6,0.015518168999999998,0
190.9900054931641,0.2,0.009367681999999999,0.444444444,0.4,0.007405468810808955,0
33.0,0.2,0.009367681999999999,0.444444444,0.6,0.007432898,1
22.79999923706055,0.2,0.009367681999999999,0.444444444,0.2,0.005345318000000001,0
19.06999969482422,0.2,0.009367681999999999,0.444444444,0.8,0.007882427,1
31.57999992370605,0.2,0.009367681999999999,0.444444444,0.2,0.004468649,0
66.42571258544922,0.2,0.010780963000000001,0.488888889,0.6,0.009293735,0
296.9100036621094,0.2,0.010780963000000001,0.488888889,0.2,0.008608449,0
442.4472961425781,0.2,0.010780963000000001,0.488888889,0.4,0.00776022,0
12.12079906463623,0.2,0.010780963000000001,0.488888889,0.8,0.01663345,1
188.55999755859366,0.2,0.010780963000000001,0.488888889,0.4,0.008960366196873935,0
32.81999969482422,0.2,0.010780963000000001,0.488888889,0.6,0.007294925,0
22.70000076293945,0.2,0.010780963000000001,0.488888889,0.2,0.005880333000000001,0
18.940000534057614,0.2,0.010780963000000001,0.488888889,0.8,0.009245816,0
32.060001373291016,0.2,0.010780963000000001,0.488888889,0.4,0.0074457609999999995,1
65.85857391357422,0.2,0.006276938,0.444444444,0.4,0.00916719,0
295.739990234375,0.2,0.006276938,0.444444444,0.0,0.006508317,0
443.44580078125,0.2,0.006276938,0.444444444,0.4,0.0045010679999999996,1
12.202543258666992,0.2,0.006276938,0.444444444,0.8,0.013698783999999999,1
187.92999267578125,0.2,0.006276938,0.444444444,0.2,0.008839007668509676,0
33.02000045776367,0.2,0.006276938,0.444444444,0.6,0.006040736999999999,1
22.450000762939453,0.2,0.006276938,0.444444444,0.2,0.006883325,0
19.32999992370605,0.2,0.006276938,0.444444444,0.8,0.010637797,1
32.889999389648445,0.2,0.006276938,0.444444444,0.6,0.011555701000000002,1
64.92142486572266,0.2,0.007427652,0.37777777799999995,0.2,0.009446785,0
297.260009765625,0.2,0.007427652,0.37777777799999995,0.2,0.00664611,1
442.3280944824219,0.2,0.007427652,0.37777777799999995,0.2,0.004485391,0
12.157130241394045,0.2,0.007427652,0.37777777799999995,0.6,0.008571969,0
187.82000732421875,0.2,0.007427652,0.37777777799999995,0.2,0.008292154282970659,0
32.919998168945305,0.2,0.007427652,0.37777777799999995,0.6,0.005547206,0
22.51000022888184,0.2,0.007427652,0.37777777799999995,0.2,0.00724544,1
19.6299991607666,0.2,0.007427652,0.37777777799999995,0.8,0.013634185,1
32.700000762939446,0.2,0.007427652,0.37777777799999995,0.4,0.011321736,0
66.76571655273439,0.4,0.005497251,0.4,0.2,0.012140541999999999,1
296.69000244140625,0.4,0.005497251,0.4,0.2,0.004912658,0
439.8939208984375,0.4,0.005497251,0.4,0.2,0.005239645,0
12.143506050109865,0.4,0.005497251,0.4,0.4,0.008573878,0
189.08999633789062,0.4,0.005497251,0.4,0.2,0.009296072876422094,1
33.25,0.4,0.005497251,0.4,0.6,0.0062625530000000006,1
22.63999938964844,0.4,0.005497251,0.4,0.4,0.0058165019999999994,1
19.809999465942386,0.4,0.005497251,0.4,0.8,0.015253056999999999,1
32.86999893188477,0.4,0.005497251,0.4,0.6,0.011169891999999999,1
69.93856811523439,0.4,0.005319479,0.4,0.4,0.019855651999999998,1
293.9700012207031,0.4,0.005319479,0.4,0.2,0.006586755,0
437.7776794433594,0.4,0.005319479,0.4,0.2,0.00433883,0
12.397820472717285,0.4,0.005319479,0.4,0.6,0.008396836999999999,1
188.4199981689453,0.4,0.005319479,0.4,0.2,0.005390923084521965,0
33.25,0.4,0.005319479,0.4,0.4,0.004920264000000001,0
22.520000457763672,0.4,0.005319479,0.4,0.4,0.005829435,0
19.6200008392334,0.4,0.005319479,0.4,0.6,0.012337767,0
32.22999954223633,0.4,0.005319479,0.4,0.6,0.014306913999999999,0
71.21428680419922,0.6,0.0038499040000000003,0.444444444,0.6,0.023387689,1
291.3399963378906,0.6,0.0038499040000000003,0.444444444,0.2,0.005822443,0
432.0946350097656,0.6,0.0038499040000000003,0.444444444,0.2,0.00561455,0
12.343324661254885,0.6,0.0038499040000000003,0.444444444,0.4,0.007384884,0
187.52999877929688,0.6,0.0038499040000000003,0.444444444,0.2,0.0037909763804059218,0
33.56999969482422,0.6,0.0038499040000000003,0.444444444,0.6,0.0057541630000000005,1
22.56999969482422,0.6,0.0038499040000000003,0.444444444,0.6,0.005396298000000001,1
19.6200008392334,0.6,0.0038499040000000003,0.444444444,0.6,0.010974376999999999,0
32.34999847412109,0.6,0.0038499040000000003,0.444444444,0.6,0.012011647,1
71.12999725341797,0.4,0.008547075,0.355555556,0.6,0.021916822000000002,0
286.4700012207031,0.4,0.008547075,0.355555556,0.2,0.008377486,0
427.0524291992188,0.4,0.008547075,0.355555556,0.0,0.007497038,0
11.784741401672365,0.4,0.008547075,0.355555556,0.2,0.015086833999999999,0
185.7899932861328,0.4,0.008547075,0.355555556,0.2,0.004978457834218698,0
32.72999954223633,0.4,0.008547075,0.355555556,0.4,0.009539858,0
22.030000686645508,0.4,0.008547075,0.355555556,0.6,0.00797876,0
19.81999969482422,0.4,0.008547075,0.355555556,0.6,0.00889484,1
31.790000915527344,0.4,0.008547075,0.355555556,0.4,0.010295986,0
71.76142883300781,0.4,0.008318955,0.37777777799999995,0.8,0.020846308,1
284.82000732421875,0.4,0.008318955,0.37777777799999995,0.0,0.008501492,0
425.6863098144531,0.4,0.008318955,0.37777777799999995,0.0,0.007632728,0
11.998183250427244,0.4,0.008318955,0.37777777799999995,0.4,0.017964856,1
185.33999633789062,0.4,0.008318955,0.37777777799999995,0.2,0.005345823177831937,0
32.40999984741211,0.4,0.008318955,0.37777777799999995,0.4,0.010889542,0
21.90999984741211,0.4,0.008318955,0.37777777799999995,0.4,0.008533674,0
20.399999618530273,0.4,0.008318955,0.37777777799999995,0.6,0.011643538,1
31.79999923706055,0.4,0.008318955,0.37777777799999995,0.6,0.00920353,1
72.53428649902344,0.2,0.008070536,0.333333333,0.8,0.01731866,1
285.57000732421875,0.2,0.008070536,0.333333333,0.2,0.008644633,1
430.028076171875,0.2,0.008070536,0.333333333,0.2,0.008571999,1
11.752951622009276,0.2,0.008070536,0.333333333,0.4,0.021828534,0
184.22999572753903,0.2,0.008070536,0.333333333,0.0,0.005191275610732743,0
32.060001373291016,0.2,0.008070536,0.333333333,0.2,0.011044488,0
22.280000686645508,0.2,0.008070536,0.333333333,0.4,0.010756100000000001,1
19.76000022888184,0.2,0.008070536,0.333333333,0.4,0.016084111,0
31.38999938964844,0.2,0.008070536,0.333333333,0.4,0.010742402,0
71.58142852783203,0.4,0.01061664,0.4,0.6,0.010441558,0
287.0899963378906,0.4,0.01061664,0.4,0.4,0.007875598000000001,1
429.913818359375,0.4,0.01061664,0.4,0.2,0.007662978000000001,0
11.734786987304688,0.4,0.01061664,0.4,0.2,0.017949157,0
184.55999755859366,0.4,0.01061664,0.4,0.2,0.004840870119021285,1
32.200000762939446,0.4,0.01061664,0.4,0.4,0.011917846999999999,1
22.520000457763672,0.4,0.01061664,0.4,0.6,0.011850436,1
19.06999969482422,0.4,0.01061664,0.4,0.4,0.021149712999999997,0
31.6200008392334,0.4,0.01061664,0.4,0.6,0.008313721,1
71.76571655273438,0.4,0.012353242,0.4,0.6,0.00730835,1
284.57000732421875,0.4,0.012353242,0.4,0.4,0.007841836,0
431.856201171875,0.4,0.012353242,0.4,0.4,0.005970278000000001,1
11.525885581970215,0.4,0.012353242,0.4,0.2,0.020630416000000002,0
184.8600006103516,0.4,0.012353242,0.4,0.4,0.004221273583253317,1
32.299999237060554,0.4,0.012353242,0.4,0.4,0.010614145,1
22.170000076293945,0.4,0.012353242,0.4,0.4,0.014514744,0
18.899999618530273,0.4,0.012353242,0.4,0.4,0.022932618,0
31.61000061035156,0.4,0.012353242,0.4,0.4,0.0076323319999999995,0
71.85142517089844,0.4,0.014070286999999999,0.5555555560000001,0.8,0.007310486,1
289.7300109863281,0.4,0.014070286999999999,0.5555555560000001,0.6,0.008125193000000001,1
434.03204345703125,0.4,0.014070286999999999,0.5555555560000001,0.6,0.004644105,1
10.090826988220217,0.4,0.014070286999999999,0.5555555560000001,0.2,0.036481131,0
185.19000244140625,0.4,0.014070286999999999,0.5555555560000001,0.6,0.00272259354437448,1
32.400001525878906,0.4,0.014070286999999999,0.5555555560000001,0.6,0.006228885,1
22.26000022888184,0.4,0.014070286999999999,0.5555555560000001,0.6,0.010541548999999999,1
19.3799991607666,0.4,0.014070286999999999,0.5555555560000001,0.4,0.025973255,1
32.389999389648445,0.4,0.014070286999999999,0.5555555560000001,0.6,0.009105354,1
71.57428741455078,0.6,0.014251805,0.577777778,0.6,0.006306475,0
290.010009765625,0.6,0.014251805,0.577777778,0.8,0.007166527,1
432.2933349609375,0.6,0.014251805,0.577777778,0.6,0.004805504,0
10.17257022857666,0.6,0.014251805,0.577777778,0.2,0.034478938,1
185.4199981689453,0.6,0.014251805,0.577777778,0.8,0.0024865678452263805,1
31.770000457763672,0.6,0.014251805,0.577777778,0.6,0.008162389,0
22.440000534057614,0.6,0.014251805,0.577777778,0.8,0.011069372,1
19.239999771118164,0.6,0.014251805,0.577777778,0.2,0.021565362999999997,0
34.75,0.6,0.014251805,0.577777778,0.6,0.023614853999999998,1
71.85285949707031,0.6,0.015354543,0.533333333,0.6,0.004930925,1
286.2099914550781,0.6,0.015354543,0.533333333,0.6,0.00926049,0
430.3956909179688,0.6,0.015354543,0.533333333,0.4,0.0036435559999999996,0
10.113533020019533,0.6,0.015354543,0.533333333,0.2,0.031551839,0
184.7400054931641,0.6,0.015354543,0.533333333,0.8,0.0020222305897882,0
32.34000015258789,0.6,0.015354543,0.533333333,0.8,0.009590861,1
22.270000457763672,0.6,0.015354543,0.533333333,0.6,0.009207063,0
19.030000686645508,0.6,0.015354543,0.533333333,0.2,0.017473802,0
34.150001525878906,0.6,0.015354543,0.533333333,0.6,0.024489467999999997,0
69.79856872558594,0.4,0.0171285,0.444444444,0.6,0.008021643,0
280.92999267578125,0.4,0.0171285,0.444444444,0.4,0.011885558000000001,0
422.3281555175781,0.4,0.0171285,0.444444444,0.4,0.0073393090000000005,0
9.98637580871582,0.4,0.0171285,0.444444444,0.2,0.033757326000000004,0
182.7400054931641,0.4,0.0171285,0.444444444,0.6,0.003829185840123844,0
31.78000068664551,0.4,0.0171285,0.444444444,0.6,0.012180702,0
22.190000534057614,0.4,0.0171285,0.444444444,0.4,0.007771121,0
19.229999542236328,0.4,0.0171285,0.444444444,0.4,0.012591923,1
33.259998321533196,0.4,0.0171285,0.444444444,0.4,0.028236341,0
70.12857055664061,0.2,0.015746527,0.444444444,0.6,0.008452322,1
281.5799865722656,0.2,0.015746527,0.444444444,0.6,0.010592763,1
421.5333251953125,0.2,0.015746527,0.444444444,0.2,0.006812098000000001,0
10.267938613891602,0.2,0.015746527,0.444444444,0.4,0.035835887000000004,1
182.16000366210938,0.2,0.015746527,0.444444444,0.4,0.0041388686414187345,0
31.65999984741211,0.2,0.015746527,0.444444444,0.4,0.012314791,0
22.290000915527344,0.2,0.015746527,0.444444444,0.6,0.00556408,1
19.190000534057614,0.2,0.015746527,0.444444444,0.4,0.011225023999999998,0
33.02000045776367,0.2,0.015746527,0.444444444,0.4,0.02961625,0
70.24285888671875,0.4,0.010372595,0.42222222200000004,0.6,0.008539404,1
283.9800109863281,0.4,0.010372595,0.42222222200000004,0.6,0.008670921,1
424.95111083984375,0.4,0.010372595,0.42222222200000004,0.2,0.007426025,1
10.227066040039062,0.4,0.010372595,0.42222222200000004,0.4,0.011730517,0
182.63999938964844,0.4,0.010372595,0.42222222200000004,0.4,0.004308844243452854,1
31.70000076293945,0.4,0.010372595,0.42222222200000004,0.4,0.011948272,1
22.059999465942386,0.4,0.010372595,0.42222222200000004,0.4,0.006815889,0
19.420000076293945,0.4,0.010372595,0.42222222200000004,0.4,0.00854274,1
33.549999237060554,0.4,0.010372595,0.42222222200000004,0.4,0.027891278999999998,1
69.60285949707031,0.2,0.009273838000000001,0.333333333,0.6,0.009590233,0
280.98001098632807,0.2,0.009273838000000001,0.333333333,0.4,0.010590463,0
420.7136535644531,0.2,0.009273838000000001,0.333333333,0.2,0.008619163,0
10.145322799682617,0.2,0.009273838000000001,0.333333333,0.2,0.011708935,0
182.2700042724609,0.2,0.009273838000000001,0.333333333,0.2,0.004465618611283067,0
31.86000061035156,0.2,0.009273838000000001,0.333333333,0.6,0.00906884,1
21.979999542236328,0.2,0.009273838000000001,0.333333333,0.2,0.00592393,0
19.3700008392334,0.2,0.009273838000000001,0.333333333,0.4,0.007612883000000001,0
33.400001525878906,0.2,0.009273838000000001,0.333333333,0.2,0.01421305,0
69.79714202880861,0.2,0.008641975999999999,0.46666666700000003,0.6,0.009370079,1
288.79998779296875,0.2,0.008641975999999999,0.46666666700000003,0.6,0.013536066999999999,1
427.41009521484375,0.2,0.008641975999999999,0.46666666700000003,0.4,0.010924593,1
10.15894603729248,0.2,0.008641975999999999,0.46666666700000003,0.4,0.010816783,1
183.9600067138672,0.2,0.008641975999999999,0.46666666700000003,0.4,0.005586551015797457,1
32.02000045776367,0.2,0.008641975999999999,0.46666666700000003,0.6,0.006484944,1
22.06999969482422,0.2,0.008641975999999999,0.46666666700000003,0.4,0.005227705,1
19.700000762939453,0.2,0.008641975999999999,0.46666666700000003,0.6,0.008837270999999999,1
31.8799991607666,0.2,0.008641975999999999,0.46666666700000003,0.2,0.019861632,0
71.2414321899414,0.4,0.005486525999999999,0.5555555560000001,0.8,0.007790566999999999,1
293.6400146484375,0.4,0.005486525999999999,0.5555555560000001,0.8,0.013198288,1
432.9987487792969,0.4,0.005486525999999999,0.5555555560000001,0.6,0.009790825,1
10.113533020019533,0.4,0.005486525999999999,0.5555555560000001,0.4,0.009196238,0
183.1300048828125,0.4,0.005486525999999999,0.5555555560000001,0.4,0.00432371796521922,0
32.31999969482422,0.4,0.005486525999999999,0.5555555560000001,0.8,0.004895568,1
22.63999938964844,0.4,0.005486525999999999,0.5555555560000001,0.6,0.009674631,1
19.6299991607666,0.4,0.005486525999999999,0.5555555560000001,0.4,0.007446015,0
31.20000076293945,0.4,0.005486525999999999,0.5555555560000001,0.2,0.018915302,0
70.75285339355469,0.6,0.006618524000000001,0.577777778,0.6,0.008216598,0
294.1000061035156,0.6,0.006618524000000001,0.577777778,0.8,0.013048846999999999,1
436.9381408691406,0.6,0.006618524000000001,0.577777778,0.8,0.011234006999999999,1
10.04541301727295,0.6,0.006618524000000001,0.577777778,0.2,0.004904405,0
184.1499938964844,0.6,0.006618524000000001,0.577777778,0.6,0.0048028850539040225,1
32.259998321533196,0.6,0.006618524000000001,0.577777778,0.8,0.004511666,0
22.60000038146973,0.6,0.006618524000000001,0.577777778,0.4,0.009126669,0
19.790000915527344,0.6,0.006618524000000001,0.577777778,0.6,0.008660184,1
31.229999542236328,0.6,0.006618524000000001,0.577777778,0.4,0.01766444,1
71.17428588867188,0.6,0.006729725,0.533333333,0.6,0.009081939,1
295.8599853515625,0.6,0.006729725,0.533333333,0.8,0.01254102,1
436.94805908203125,0.6,0.006729725,0.533333333,0.8,0.00961695,1
10.181653022766113,0.6,0.006729725,0.533333333,0.4,0.006820766,1
183.02999877929688,0.6,0.006729725,0.533333333,0.4,0.0054922749441390405,0
32.200000762939446,0.6,0.006729725,0.533333333,0.6,0.004630938,0
22.670000076293945,0.6,0.006729725,0.533333333,0.6,0.007682416,1
19.700000762939453,0.6,0.006729725,0.533333333,0.4,0.0071726590000000005,0
31.149999618530273,0.6,0.006729725,0.533333333,0.2,0.014966598999999999,0
72.30999755859375,0.8,0.006447896,0.688888889,0.8,0.010451046,1
299.7099914550781,0.8,0.006447896,0.688888889,1.0,0.013030782,1
441.15570068359375,0.8,0.006447896,0.688888889,1.0,0.009548546,1
10.154404640197754,0.8,0.006447896,0.688888889,0.4,0.0057574440000000005,0
184.97999572753903,0.8,0.006447896,0.688888889,0.6,0.007217906561255085,1
32.75,0.8,0.006447896,0.688888889,0.6,0.00703762,1
22.90999984741211,0.8,0.006447896,0.688888889,0.8,0.009074456,1
20.56999969482422,0.8,0.006447896,0.688888889,0.6,0.01549021,1
31.65999984741211,0.8,0.006447896,0.688888889,0.4,0.017346905,1
70.66285705566406,1.0,0.007933578,0.666666667,0.6,0.014448561,0
300.3599853515625,1.0,0.007933578,0.666666667,1.0,0.007898315,1
441.4637145996094,1.0,0.007933578,0.666666667,1.0,0.006504813000000001,1
10.113533020019533,1.0,0.007933578,0.666666667,0.2,0.006293885,0
186.6000061035156,1.0,0.007933578,0.666666667,0.6,0.007115064055589556,1
32.860000610351555,1.0,0.007933578,0.666666667,0.6,0.006704986,1
22.979999542236328,1.0,0.007933578,0.666666667,0.8,0.008866612,1
21.200000762939453,1.0,0.007933578,0.666666667,0.6,0.018208316000000002,1
32.389999389648445,1.0,0.007933578,0.666666667,0.6,0.012856589,1
66.81571197509766,1.0,0.0065852,0.644444444,0.4,0.021198757000000002,0
299.6400146484375,1.0,0.0065852,0.644444444,0.8,0.005025901,0
445.1994018554688,1.0,0.0065852,0.644444444,1.0,0.005582098000000001,1
10.113533020019533,1.0,0.0065852,0.644444444,0.2,0.005399835,0
190.6999969482422,1.0,0.0065852,0.644444444,0.8,0.010607108641819312,1
33.02000045776367,1.0,0.0065852,0.644444444,0.6,0.005804989,1
22.809999465942386,1.0,0.0065852,0.644444444,0.6,0.00518078,0
20.850000381469727,1.0,0.0065852,0.644444444,0.6,0.02079953,0
32.740001678466804,1.0,0.0065852,0.644444444,0.8,0.010751776000000001,1
67.52714538574219,1.0,0.00665617,0.577777778,0.6,0.021956682,1
298.8599853515625,1.0,0.00665617,0.577777778,0.6,0.005233242,0
443.64453125,1.0,0.00665617,0.577777778,0.8,0.004461017,0
9.97275161743164,1.0,0.00665617,0.577777778,0.2,0.00683675,0
190.72999572753903,1.0,0.00665617,0.577777778,0.8,0.009524619662425274,1
32.790000915527344,1.0,0.00665617,0.577777778,0.6,0.006826786,0
22.6299991607666,1.0,0.00665617,0.577777778,0.6,0.00640569,0
20.459999084472656,1.0,0.00665617,0.577777778,0.4,0.022910374,0
32.689998626708984,1.0,0.00665617,0.577777778,0.6,0.010864931999999999,0
66.41428375244139,0.8,0.005326121999999999,0.577777778,0.4,0.024061443999999998,0
297.9200134277344,0.8,0.005326121999999999,0.577777778,0.4,0.004665423,0
441.66241455078125,0.8,0.005326121999999999,0.577777778,0.6,0.0053500380000000005,0
10.022706985473633,0.8,0.005326121999999999,0.577777778,0.2,0.005126105,1
192.1699981689453,0.8,0.005326121999999999,0.577777778,1.0,0.0098182157859703,1
32.459999084472656,0.8,0.005326121999999999,0.577777778,0.6,0.008467643,0
23.440000534057607,0.8,0.005326121999999999,0.577777778,0.6,0.012944875,1
20.700000762939453,0.8,0.005326121999999999,0.577777778,0.6,0.024346879,1
33.029998779296875,0.8,0.005326121999999999,0.577777778,0.8,0.012432752,1
64.3028564453125,0.8,0.005365287,0.46666666700000003,0.2,0.027228442999999998,0
296.05999755859375,0.8,0.005365287,0.46666666700000003,0.2,0.0033115040000000003,0
441.01165771484375,0.8,0.005365287,0.46666666700000003,0.4,0.0037188000000000004,0
9.872842788696287,0.8,0.005365287,0.46666666700000003,0.2,0.007581354,0
193.1499938964844,0.8,0.005365287,0.46666666700000003,1.0,0.008707346709917015,1
32.970001220703125,0.8,0.005365287,0.46666666700000003,0.6,0.008193841,1
23.38999938964844,0.8,0.005365287,0.46666666700000003,0.4,0.011254172,0
20.88999938964844,0.8,0.005365287,0.46666666700000003,0.6,0.017350139,1
32.799999237060554,0.8,0.005365287,0.46666666700000003,0.6,0.010550943,0
65.04571533203125,0.8,0.0040439659999999995,0.444444444,0.4,0.024983167999999997,1
304.1700134277344,0.8,0.0040439659999999995,0.444444444,0.2,0.008356386,1
440.1919860839844,0.8,0.0040439659999999995,0.444444444,0.2,0.003950884,0
9.84105396270752,0.8,0.0040439659999999995,0.444444444,0.2,0.007420316,0
192.16000366210938,0.8,0.0040439659999999995,0.444444444,0.8,0.007980894682427462,0
33.259998321533196,0.8,0.0040439659999999995,0.444444444,0.6,0.009281239,1
23.739999771118164,0.8,0.0040439659999999995,0.444444444,0.4,0.013635824,1
21.09000015258789,0.8,0.0040439659999999995,0.444444444,0.6,0.013139501999999999,1
32.93000030517578,0.8,0.0040439659999999995,0.444444444,0.6,0.006732138,1
66.38285827636719,0.8,0.005437206,0.5555555560000001,0.6,0.018205829,1
312.0299987792969,0.8,0.005437206,0.5555555560000001,0.4,0.013045133,1
448.7413635253906,0.8,0.005437206,0.5555555560000001,0.2,0.00614286,1
9.900091171264648,0.8,0.005437206,0.5555555560000001,0.4,0.008620131,1
194.4199981689453,0.8,0.005437206,0.5555555560000001,0.8,0.005938678790448147,1
33.86999893188477,0.8,0.005437206,0.5555555560000001,0.6,0.011975485,1
23.899999618530273,0.8,0.005437206,0.5555555560000001,0.6,0.01350421,1
21.440000534057614,0.8,0.005437206,0.5555555560000001,0.8,0.013156724,1
33.31999969482422,0.8,0.005437206,0.5555555560000001,0.6,0.00693962,1
67.47142791748047,0.8,0.005140044,0.622222222,0.6,0.019355961,1
312.05999755859375,0.8,0.005140044,0.622222222,0.6,0.012543717,1
446.29229736328125,0.8,0.005140044,0.622222222,0.2,0.006535882,0
9.677565574645996,0.8,0.005140044,0.622222222,0.4,0.010331536,0
193.38999938964844,0.8,0.005140044,0.622222222,0.6,0.006966777566960911,0
33.889999389648445,0.8,0.005140044,0.622222222,0.8,0.010700494,1
23.90999984741211,0.8,0.005140044,0.622222222,0.8,0.012009636,1
21.100000381469727,0.8,0.005140044,0.622222222,0.8,0.012587346999999999,0
33.639999389648445,0.8,0.005140044,0.622222222,0.8,0.008554931,1
66.77285766601561,1.0,0.00525914,0.577777778,0.6,0.018130633,0
316.3399963378906,1.0,0.00525914,0.577777778,0.8,0.01465774,1
448.6370544433594,1.0,0.00525914,0.577777778,0.4,0.006693093000000001,1
9.636693954467773,1.0,0.00525914,0.577777778,0.2,0.010174365999999999,0
190.0200042724609,1.0,0.00525914,0.577777778,0.4,0.008941967369996588,0
34.049999237060554,1.0,0.00525914,0.577777778,1.0,0.009631905,1
23.770000457763672,1.0,0.00525914,0.577777778,0.6,0.006022038,0
21.049999237060547,1.0,0.00525914,0.577777778,0.6,0.010715233999999999,0
32.790000915527344,1.0,0.00525914,0.577777778,0.6,0.011528281999999999,0
70.0914306640625,0.8,0.00429583,0.5555555560000001,0.8,0.021712166,1
311.489990234375,0.8,0.00429583,0.5555555560000001,0.8,0.016475397,0
440.3857116699219,0.8,0.00429583,0.5555555560000001,0.4,0.010076812,0
9.62761116027832,0.8,0.00429583,0.5555555560000001,0.2,0.007372376999999999,0
190.9900054931641,0.8,0.00429583,0.5555555560000001,0.4,0.008942987962275342,1
33.939998626708984,0.8,0.00429583,0.5555555560000001,0.8,0.007135675,0
23.6200008392334,0.8,0.00429583,0.5555555560000001,0.6,0.006857499,0
20.670000076293945,0.8,0.00429583,0.5555555560000001,0.4,0.012489941999999999,0
32.740001678466804,0.8,0.00429583,0.5555555560000001,0.6,0.010440578,0
69.87142944335939,0.8,0.004344225,0.533333333,0.6,0.020029421000000002,0
314.1300048828125,0.8,0.004344225,0.533333333,0.8,0.012691855,1
440.55462646484375,0.8,0.004344225,0.533333333,0.6,0.009781801,1
9.645776748657227,0.8,0.004344225,0.533333333,0.4,0.007105775999999999,1
189.97000122070312,0.8,0.004344225,0.533333333,0.4,0.008986011216688534,0
33.639999389648445,0.8,0.004344225,0.533333333,0.6,0.007144339,0
23.70000076293945,0.8,0.004344225,0.533333333,0.6,0.004542155,1
21.299999237060547,0.8,0.004344225,0.533333333,0.4,0.016670926000000003,1
32.450000762939446,0.8,0.004344225,0.533333333,0.4,0.011419427,0
68.79000091552734,0.6,0.003629829,0.4,0.4,0.019013508000000002,0
312.6499938964844,0.6,0.003629829,0.4,0.6,0.008465995,0
435.7806701660156,0.6,0.003629829,0.4,0.4,0.008064664000000001,0
9.718438148498537,0.6,0.003629829,0.4,0.4,0.007412556,1
189.47000122070312,0.6,0.003629829,0.4,0.2,0.00716020938591726,0
33.86999893188477,0.6,0.003629829,0.4,0.6,0.004843682,1
23.70000076293945,0.6,0.003629829,0.4,0.4,0.00319422,0
21.229999542236328,0.6,0.003629829,0.4,0.2,0.014009088000000001,0
32.509998321533196,0.6,0.003629829,0.4,0.4,0.009420555,1
69.45999908447266,0.6,0.00530095,0.42222222200000004,0.4,0.017681789,1
318.1199951171875,0.6,0.00530095,0.42222222200000004,0.6,0.011945888,1
436.2476196289063,0.6,0.00530095,0.42222222200000004,0.6,0.007187442,1
9.67302417755127,0.6,0.00530095,0.42222222200000004,0.4,0.003851725,0
190.22000122070312,0.6,0.00530095,0.42222222200000004,0.4,0.006892330913580325,1
33.810001373291016,0.6,0.00530095,0.42222222200000004,0.4,0.005079862,0
23.40999984741211,0.6,0.00530095,0.42222222200000004,0.2,0.005557800999999999,0
21.38999938964844,0.6,0.00530095,0.42222222200000004,0.4,0.012344745,1
32.77000045776367,0.6,0.00530095,0.42222222200000004,0.4,0.00909931,1
68.96428680419922,0.4,0.007198198,0.37777777799999995,0.4,0.017038406000000002,0
316.010009765625,0.4,0.007198198,0.37777777799999995,0.4,0.01052936,0
435.3633728027344,0.4,0.007198198,0.37777777799999995,0.4,0.0065420569999999996,0
9.61398696899414,0.4,0.007198198,0.37777777799999995,0.4,0.004227715,0
186.9199981689453,0.4,0.007198198,0.37777777799999995,0.4,0.006876820463695329,0
33.779998779296875,0.4,0.007198198,0.37777777799999995,0.2,0.00431311,0
22.979999542236328,0.4,0.007198198,0.37777777799999995,0.2,0.008060395,0
21.350000381469727,0.4,0.007198198,0.37777777799999995,0.4,0.012244797,0
33.27000045776367,0.4,0.007198198,0.37777777799999995,0.6,0.007097381999999999,1
68.10713958740234,0.4,0.007632514,0.355555556,0.2,0.009584291,0
312.6400146484375,0.4,0.007632514,0.355555556,0.4,0.009595876,0
435.12493896484375,0.4,0.007632514,0.355555556,0.4,0.0029731859999999996,0
9.532243728637695,0.4,0.007632514,0.355555556,0.4,0.005739716999999999,0
185.17999267578125,0.4,0.007632514,0.355555556,0.2,0.007717638975263155,0
33.169998168945305,0.4,0.007632514,0.355555556,0.2,0.007278605,0
22.920000076293945,0.4,0.007632514,0.355555556,0.2,0.007320491,0
21.06999969482422,0.4,0.007632514,0.355555556,0.4,0.011257311,0
33.279998779296875,0.4,0.007632514,0.355555556,0.8,0.00685252,1
69.70857238769531,0.4,0.008627922,0.42222222200000004,0.4,0.013659223,1
320.95001220703125,0.4,0.008627922,0.42222222200000004,0.4,0.013216805,1
440.63409423828125,0.4,0.008627922,0.42222222200000004,0.4,0.005428692,1
9.677565574645996,0.4,0.008627922,0.42222222200000004,0.4,0.008411411,1
186.3800048828125,0.4,0.008627922,0.42222222200000004,0.4,0.007945565306536092,1
33.5,0.4,0.008627922,0.42222222200000004,0.4,0.007500545,1
22.82999992370605,0.4,0.008627922,0.42222222200000004,0.0,0.0074284419999999995,0
21.149999618530273,0.4,0.008627922,0.42222222200000004,0.4,0.005920901,1
33.580001831054695,0.4,0.008627922,0.42222222200000004,1.0,0.006883884,1
69.93714141845703,0.4,0.007881697,0.488888889,0.6,0.011219527,1
320.510009765625,0.4,0.007881697,0.488888889,0.4,0.012548700000000001,0
441.12591552734375,0.4,0.007881697,0.488888889,0.6,0.0034846770000000003,1
9.718438148498537,0.4,0.007881697,0.488888889,0.4,0.0077495030000000005,1
184.9600067138672,0.4,0.007881697,0.488888889,0.4,0.008942933044751047,0
33.68000030517578,0.4,0.007881697,0.488888889,0.4,0.0072077569999999995,1
22.88999938964844,0.4,0.007881697,0.488888889,0.2,0.007954061,1
21.06999969482422,0.4,0.007881697,0.488888889,0.4,0.006020126999999999,0
33.919998168945305,0.4,0.007881697,0.488888889,1.0,0.008539093000000001,1
69.05857086181639,0.2,0.005069128,0.355555556,0.4,0.011784032,0
314.760009765625,0.2,0.005069128,0.355555556,0.2,0.012637611000000002,0
435.21435546875,0.2,0.005069128,0.355555556,0.4,0.005950586,0
9.50045394897461,0.2,0.005069128,0.355555556,0.4,0.011300901,0
183.8600006103516,0.2,0.005069128,0.355555556,0.2,0.009340703912795385,0
33.240001678466804,0.2,0.005069128,0.355555556,0.4,0.009466294,0
22.60000038146973,0.2,0.005069128,0.355555556,0.2,0.008040645,0
20.950000762939453,0.2,0.005069128,0.355555556,0.2,0.005651878000000001,0
33.860000610351555,0.2,0.005069128,0.355555556,0.8,0.007293331,0
69.00428771972656,0.4,0.006449226,0.46666666700000003,0.4,0.01051391,0
319.0400085449219,0.4,0.006449226,0.46666666700000003,0.4,0.014030608,1
433.3564453125,0.4,0.006449226,0.46666666700000003,0.4,0.00639899,0
9.65485954284668,0.4,0.006449226,0.46666666700000003,0.6,0.013330733,1
184.1000061035156,0.4,0.006449226,0.46666666700000003,0.4,0.006132108203264778,1
33.209999084472656,0.4,0.006449226,0.46666666700000003,0.4,0.009469337,0
22.809999465942386,0.4,0.006449226,0.46666666700000003,0.4,0.006225398,1
21.270000457763672,0.4,0.006449226,0.46666666700000003,0.4,0.00833277,1
33.880001068115234,0.4,0.006449226,0.46666666700000003,0.8,0.004359895999999999,1
69.67857360839844,0.4,0.009659233,0.488888889,0.6,0.009982469,1
310.0299987792969,0.4,0.009659233,0.488888889,0.4,0.017545968000000002,0
430.0727844238281,0.4,0.009659233,0.488888889,0.4,0.0078049109999999994,0
9.504995346069336,0.4,0.009659233,0.488888889,0.6,0.014734657,0
182.00999450683602,0.4,0.009659233,0.488888889,0.4,0.006540860949373351,0
32.84000015258789,0.4,0.009659233,0.488888889,0.4,0.008085967,0
22.82999992370605,0.4,0.009659233,0.488888889,0.6,0.005878575,1
21.1299991607666,0.4,0.009659233,0.488888889,0.4,0.007026233000000001,0
33.299999237060554,0.4,0.009659233,0.488888889,0.6,0.007723651,0
68.70571136474611,0.2,0.010951158,0.311111111,0.4,0.00807221,0
303.2300109863281,0.2,0.010951158,0.311111111,0.2,0.016616615,0
424.0767822265625,0.2,0.010951158,0.311111111,0.2,0.00806106,0
9.423251152038574,0.2,0.010951158,0.311111111,0.4,0.013405625,0
178.72000122070312,0.2,0.010951158,0.311111111,0.2,0.008859990135563007,0
32.36999893188477,0.2,0.010951158,0.311111111,0.2,0.008958576999999999,0
22.479999542236328,0.2,0.010951158,0.311111111,0.6,0.008159378,0
21.059999465942386,0.2,0.010951158,0.311111111,0.2,0.0069294230000000005,0
33.009998321533196,0.2,0.010951158,0.311111111,0.4,0.007662495,0
69.51285552978516,0.4,0.012336413999999999,0.333333333,0.4,0.009765995,1
298.2300109863281,0.4,0.012336413999999999,0.333333333,0.2,0.019640255,0
425.1647033691406,0.4,0.012336413999999999,0.333333333,0.2,0.008350904000000001,1
10.263397216796877,0.4,0.012336413999999999,0.333333333,0.4,0.030392278999999998,1
181.32000732421875,0.4,0.012336413999999999,0.333333333,0.4,0.010245809536102378,1
32.189998626708984,0.4,0.012336413999999999,0.333333333,0.0,0.008996091,0
22.59000015258789,0.4,0.012336413999999999,0.333333333,0.6,0.008612411,1
21.09000015258789,0.4,0.012336413999999999,0.333333333,0.4,0.006457829,1
33.06999969482422,0.4,0.012336413999999999,0.333333333,0.4,0.006001037,1
69.94857025146484,0.6,0.018150146000000002,0.5111111110000001,0.6,0.008507161,1
305.1700134277344,0.6,0.018150146000000002,0.5111111110000001,0.4,0.020706351,1
431.3147277832031,0.6,0.018150146000000002,0.5111111110000001,0.4,0.008563697,1
10.136240005493164,0.6,0.018150146000000002,0.5111111110000001,0.4,0.028384165,0
184.7700042724609,0.6,0.018150146000000002,0.5111111110000001,0.6,0.012861779962424168,1
32.990001678466804,0.6,0.018150146000000002,0.5111111110000001,0.2,0.011353779,1
23.10000038146973,0.6,0.018150146000000002,0.5111111110000001,0.8,0.010593836,1
21.530000686645508,0.6,0.018150146000000002,0.5111111110000001,0.6,0.009491378,1
33.759998321533196,0.6,0.018150146000000002,0.5111111110000001,0.6,0.009820236,1
70.40142822265625,0.6,0.015406551000000001,0.577777778,0.8,0.009644783,1
310.8900146484375,0.6,0.015406551000000001,0.577777778,0.4,0.02173555,1
433.1776123046875,0.6,0.015406551000000001,0.577777778,0.6,0.008573723,1
10.354223251342773,0.6,0.015406551000000001,0.577777778,0.4,0.029434743,1
186.16000366210938,0.6,0.015406551000000001,0.577777778,0.6,0.014105278341628072,1
33.259998321533196,0.6,0.015406551000000001,0.577777778,0.4,0.012810097,1
23.26000022888184,0.6,0.015406551000000001,0.577777778,0.8,0.010120718,1
21.729999542236328,0.6,0.015406551000000001,0.577777778,0.6,0.00829435,1
34.130001068115234,0.6,0.015406551000000001,0.577777778,0.6,0.011894058999999998,1
70.86285400390625,0.8,0.013808178,0.7111111109999999,0.8,0.009001295,1
310.70001220703125,0.8,0.013808178,0.7111111109999999,0.4,0.016209581,0
435.2242736816406,0.8,0.013808178,0.7111111109999999,0.8,0.008003221,1
10.399636268615724,0.8,0.013808178,0.7111111109999999,0.6,0.027207501000000002,1
186.97000122070312,0.8,0.013808178,0.7111111109999999,0.8,0.012704977184702504,1
33.279998779296875,0.8,0.013808178,0.7111111109999999,0.6,0.010702126999999999,1
23.45000076293945,0.8,0.013808178,0.7111111109999999,0.8,0.011579062,1
21.76000022888184,0.8,0.013808178,0.7111111109999999,0.8,0.0072540519999999995,1
34.450000762939446,0.8,0.013808178,0.7111111109999999,0.8,0.010345380999999999,1
71.23999786376953,0.8,0.011965199,0.7777777779999999,1.0,0.007273299,1
306.3999938964844,0.8,0.011965199,0.7777777779999999,0.4,0.014590871000000002,0
438.15521240234375,0.8,0.011965199,0.7777777779999999,1.0,0.006561718,1
10.349681854248047,0.8,0.011965199,0.7777777779999999,0.6,0.02644817,0
184.66000366210938,0.8,0.011965199,0.7777777779999999,0.8,0.011560780496535123,0
32.75,0.8,0.011965199,0.7777777779999999,0.6,0.011024845,0
23.38999938964844,0.8,0.011965199,0.7777777779999999,0.8,0.009024657,0
21.46999931335449,0.8,0.011965199,0.7777777779999999,0.8,0.009256939,0
34.490001678466804,0.8,0.011965199,0.7777777779999999,1.0,0.008835859,1
71.58714294433594,0.8,0.012618407,0.8222222220000001,1.0,0.005898309,1
310.489990234375,0.8,0.012618407,0.8222222220000001,0.6,0.013962755,1
446.1134643554688,0.8,0.012618407,0.8222222220000001,1.0,0.009681259000000001,1
10.5722074508667,0.8,0.012618407,0.8222222220000001,0.6,0.012916971999999999,1
186.72999572753903,0.8,0.012618407,0.8222222220000001,0.8,0.010893144011340377,1
33.02000045776367,0.8,0.012618407,0.8222222220000001,0.8,0.01156156,1
23.70000076293945,0.8,0.012618407,0.8222222220000001,0.8,0.010696721000000001,1
21.56999969482422,0.8,0.012618407,0.8222222220000001,0.8,0.009903569000000001,1
34.639999389648445,0.8,0.012618407,0.8222222220000001,1.0,0.009342129000000001,1
72.07142639160156,0.8,0.008747616,0.7555555559999999,1.0,0.0059976759999999995,1
310.7699890136719,0.8,0.008747616,0.7555555559999999,0.6,0.009488986999999999,1
441.5233154296875,0.8,0.008747616,0.7555555559999999,0.8,0.00884609,0
10.622161865234377,0.8,0.008747616,0.7555555559999999,0.8,0.011384108,1
174.8300018310547,0.8,0.008747616,0.7555555559999999,0.6,0.01983338999031225,0
32.86999893188477,0.8,0.008747616,0.7555555559999999,0.6,0.0074996030000000005,0
23.920000076293945,0.8,0.008747616,0.7555555559999999,0.8,0.008037981,1
21.209999084472656,0.8,0.008747616,0.7555555559999999,0.6,0.009068945,0
34.919998168945305,0.8,0.008747616,0.7555555559999999,1.0,0.006785792,1
72.69857025146484,0.8,0.008249886,0.688888889,1.0,0.006443184,1
328.92999267578125,0.8,0.008249886,0.688888889,0.6,0.017427359,1
502.4371337890625,0.8,0.008249886,0.688888889,0.8,0.035574845,1
10.663033485412598,0.8,0.008249886,0.688888889,0.8,0.007852595,1
173.77999877929688,0.8,0.008249886,0.688888889,0.4,0.0195299877588591,0
32.900001525878906,0.8,0.008249886,0.688888889,0.6,0.006045317,1
23.8799991607666,0.8,0.008249886,0.688888889,0.6,0.006987157,0
20.979999542236328,0.8,0.008249886,0.688888889,0.4,0.009379867,0
34.959999084472656,0.8,0.008249886,0.688888889,1.0,0.004822933,1
74.4800033569336,0.6,0.00877326,0.644444444,1.0,0.010033216999999999,1
326.44000244140625,0.6,0.00877326,0.644444444,0.6,0.018819121,0
498.4083251953125,0.6,0.00877326,0.644444444,0.6,0.036233599,0
10.694823265075684,0.6,0.00877326,0.644444444,0.8,0.007571668,1
172.86000061035156,0.6,0.00877326,0.644444444,0.2,0.01971857912233564,0
32.950000762939446,0.6,0.00877326,0.644444444,0.6,0.006228996,1
24.13999938964844,0.6,0.00877326,0.644444444,0.6,0.007531001999999999,1
21.170000076293945,0.6,0.00877326,0.644444444,0.4,0.010914999,1
34.990001678466804,0.6,0.00877326,0.644444444,1.0,0.0031193909999999996,1
74.26714324951172,0.6,0.008233311,0.688888889,0.8,0.009540374,0
332.5400085449219,0.6,0.008233311,0.688888889,0.8,0.019788457,1
500.2463684082031,0.6,0.008233311,0.688888889,0.6,0.035624300000000005,1
10.921889305114746,0.6,0.008233311,0.688888889,1.0,0.010857252,1
174.97000122070312,0.6,0.008233311,0.688888889,0.4,0.019688879759915075,1
32.900001525878906,0.6,0.008233311,0.688888889,0.6,0.0033473929999999997,0
24.06999969482422,0.6,0.008233311,0.688888889,0.6,0.007599211,0
21.56999969482422,0.6,0.008233311,0.688888889,0.6,0.012028478,1
34.580001831054695,0.6,0.008233311,0.688888889,0.8,0.005230691,0
74.9942855834961,0.6,0.017747146999999998,0.5555555560000001,0.8,0.010523975,1
326.760009765625,0.6,0.017747146999999998,0.5555555560000001,0.6,0.020595019,0
512.3724975585939,0.6,0.017747146999999998,0.5555555560000001,0.6,0.036839745,1
10.790190696716307,0.6,0.017747146999999998,0.5555555560000001,0.8,0.008968754,0
175.77000427246094,0.6,0.017747146999999998,0.5555555560000001,0.4,0.018361376162442183,1
32.700000762939446,0.6,0.017747146999999998,0.5555555560000001,0.4,0.002914345,0
23.739999771118164,0.6,0.017747146999999998,0.5555555560000001,0.4,0.007690496,0
21.25,0.6,0.017747146999999998,0.5555555560000001,0.4,0.014064023,0
33.759998321533196,0.6,0.017747146999999998,0.5555555560000001,0.6,0.009103533,0
75.98714447021484,0.6,0.016047342,0.577777778,0.8,0.011818811,1
332.2099914550781,0.6,0.016047342,0.577777778,0.6,0.02375043,1
509.4614562988281,0.6,0.016047342,0.577777778,0.6,0.035918205,0
10.844686508178713,0.6,0.016047342,0.577777778,0.8,0.009033839,1
177.8000030517578,0.6,0.016047342,0.577777778,0.6,0.007925542107035924,1
33.06999969482422,0.6,0.016047342,0.577777778,0.6,0.004268786,1
23.78000068664551,0.6,0.016047342,0.577777778,0.4,0.006170954,1
21.01000022888184,0.6,0.016047342,0.577777778,0.4,0.012984869,0
33.720001220703125,0.6,0.016047342,0.577777778,0.4,0.007723860999999999,0
75.13714599609375,0.6,0.015917046,0.5555555560000001,0.6,0.012315688,0
363.3900146484375,0.6,0.015917046,0.5555555560000001,0.6,0.030834601,1
504.3198852539063,0.6,0.015917046,0.5555555560000001,0.4,0.010344067,0
10.899182319641113,0.6,0.015917046,0.5555555560000001,0.8,0.009269308,1
176.85000610351562,0.6,0.015917046,0.5555555560000001,0.6,0.007792984752513639,0
33.150001525878906,0.6,0.015917046,0.5555555560000001,0.6,0.004570065999999999,1
24.239999771118164,0.6,0.015917046,0.5555555560000001,0.6,0.009705287,1
20.940000534057614,0.6,0.015917046,0.5555555560000001,0.4,0.011482431999999999,0
35.72999954223633,0.6,0.015917046,0.5555555560000001,0.4,0.019416459,1
75.6971435546875,0.8,0.01333508,0.488888889,0.6,0.008905413000000001,1
358.1600036621094,0.8,0.01333508,0.488888889,0.6,0.032199063,0
504.22052001953125,0.8,0.01333508,0.488888889,0.4,0.008779766,0
10.835603713989258,0.8,0.01333508,0.488888889,0.6,0.009839714,0
177.35000610351562,0.8,0.01333508,0.488888889,0.8,0.007299627790374324,1
33.139999389648445,0.8,0.01333508,0.488888889,0.4,0.004326464,0
24.36000061035156,0.8,0.01333508,0.488888889,0.6,0.008517837,1
20.709999084472656,0.8,0.01333508,0.488888889,0.2,0.011867943999999998,0
35.56999969482422,0.8,0.01333508,0.488888889,0.2,0.020140424,0
73.81143188476562,1.0,0.01430581,0.5111111110000001,0.6,0.013316076999999999,0
362.70001220703125,1.0,0.01430581,0.5111111110000001,0.6,0.030996957000000002,1
514.7719116210939,1.0,0.01430581,0.5111111110000001,0.4,0.01222743,1
10.826520919799805,1.0,0.01430581,0.5111111110000001,0.4,0.005761082,0
182.1199951171875,1.0,0.01430581,0.5111111110000001,0.8,0.010237526240780285,1
33.709999084472656,1.0,0.01430581,0.5111111110000001,0.6,0.007462928000000001,1
24.520000457763672,1.0,0.01430581,0.5111111110000001,0.8,0.009251516999999999,1
20.989999771118164,1.0,0.01430581,0.5111111110000001,0.2,0.01079303,1
35.52000045776367,1.0,0.01430581,0.5111111110000001,0.2,0.01807803,0
74.9857177734375,0.8,0.00424689,0.533333333,0.6,0.01453975,1
361.0799865722656,0.8,0.00424689,0.533333333,0.6,0.028413999,0
511.8807067871094,0.8,0.00424689,0.533333333,0.2,0.008502663,0
10.990009307861328,0.8,0.00424689,0.533333333,0.6,0.006369583000000001,1
180.1499938964844,0.8,0.00424689,0.533333333,0.6,0.011486490423026165,0
33.529998779296875,0.8,0.00424689,0.533333333,0.6,0.007315052,0
24.5,0.8,0.00424689,0.533333333,0.8,0.006672651,0
21.11000061035156,0.8,0.00424689,0.533333333,0.4,0.008969358,1
35.540000915527344,0.8,0.00424689,0.533333333,0.4,0.013447998999999999,1
74.67142486572266,0.6,0.0052506459999999994,0.488888889,0.4,0.012730199,0
364.0299987792969,0.6,0.0052506459999999994,0.488888889,0.6,0.026712222,1
511.960205078125,0.6,0.0052506459999999994,0.488888889,0.4,0.007397425,1
11.067211151123047,0.6,0.0052506459999999994,0.488888889,0.6,0.00676443,1
179.2100067138672,0.6,0.0052506459999999994,0.488888889,0.4,0.010220215754166964,0
33.5,0.6,0.0052506459999999994,0.488888889,0.4,0.005230999,0
24.46999931335449,0.6,0.0052506459999999994,0.488888889,0.6,0.006580562,0
21.420000076293945,0.6,0.0052506459999999994,0.488888889,0.6,0.009647529,1
35.40999984741211,0.6,0.0052506459999999994,0.488888889,0.4,0.013942626000000001,0
74.29000091552734,0.4,0.005703992,0.488888889,0.4,0.011514588000000001,0
359.0,0.4,0.005703992,0.488888889,0.4,0.010704456999999999,0
510.2016296386719,0.4,0.005703992,0.488888889,0.4,0.0060659880000000005,0
11.771117210388185,0.4,0.005703992,0.488888889,0.6,0.018479975,1
179.22999572753906,0.4,0.005703992,0.488888889,0.6,0.009173910703706972,1
33.529998779296875,0.4,0.005703992,0.488888889,0.4,0.004926263,1
24.32999992370605,0.4,0.005703992,0.488888889,0.4,0.003856026,0
21.82999992370605,0.4,0.005703992,0.488888889,0.8,0.012809379,1
35.529998779296875,0.4,0.005703992,0.488888889,0.4,0.0026986959999999996,1
75.25,0.4,0.00649846,0.5111111110000001,0.4,0.012608451000000001,1
358.739990234375,0.4,0.00649846,0.5111111110000001,0.4,0.007970853,0
509.7396240234375,0.4,0.00649846,0.5111111110000001,0.4,0.00620769,0
11.702997207641602,0.4,0.00649846,0.5111111110000001,0.6,0.018470717,0
180.2700042724609,0.4,0.00649846,0.5111111110000001,0.6,0.009768989341134864,1
33.709999084472656,0.4,0.00649846,0.5111111110000001,0.6,0.005939586,1
24.26000022888184,0.4,0.00649846,0.5111111110000001,0.2,0.0034413390000000003,0
21.75,0.4,0.00649846,0.5111111110000001,0.8,0.011345548,0
35.939998626708984,0.4,0.00649846,0.5111111110000001,0.6,0.004110999000000001,1
75.06428527832031,0.2,0.005664355,0.444444444,0.4,0.008119791999999999,0
358.8900146484375,0.2,0.005664355,0.444444444,0.4,0.0055193080000000005,1
507.45947265625,0.2,0.005664355,0.444444444,0.2,0.002917095,0
11.566757202148438,0.2,0.005664355,0.444444444,0.6,0.020631362,0
177.85000610351562,0.2,0.005664355,0.444444444,0.4,0.007074667732290999,0
33.5,0.2,0.005664355,0.444444444,0.4,0.0037455509999999997,0
24.03000068664551,0.2,0.005664355,0.444444444,0.0,0.004023833,0
21.790000915527344,0.2,0.005664355,0.444444444,0.8,0.009009358,1
36.63999938964844,0.2,0.005664355,0.444444444,0.8,0.0077252530000000005,1
74.41714477539062,0.4,0.005128492,0.488888889,0.2,0.006662168,0
356.17999267578125,0.4,0.005128492,0.488888889,0.4,0.006136218000000001,0
508.0704956054688,0.4,0.005128492,0.488888889,0.4,0.002034615,1
11.630335807800293,0.4,0.005128492,0.488888889,0.6,0.018710549,1
179.19000244140625,0.4,0.005128492,0.488888889,0.6,0.006418141249157258,1
34.06999969482422,0.4,0.005128492,0.488888889,0.6,0.0060806,1
24.25,0.4,0.005128492,0.488888889,0.2,0.005691736,1
21.75,0.4,0.005128492,0.488888889,0.6,0.008233097,0
38.18000030517578,0.4,0.005128492,0.488888889,0.8,0.016018756999999998,1
73.21286010742188,0.4,0.005590086,0.46666666700000003,0.2,0.009060473000000001,0
343.55999755859375,0.4,0.005590086,0.46666666700000003,0.2,0.011588526000000002,0
500.7183227539063,0.4,0.005590086,0.46666666700000003,0.2,0.004897709,0
11.666666984558105,0.4,0.005590086,0.46666666700000003,0.6,0.017930368999999998,1
180.0,0.4,0.005590086,0.46666666700000003,0.8,0.006278646214830594,1
34.0,0.4,0.005590086,0.46666666700000003,0.6,0.00631258,0
24.059999465942386,0.4,0.005590086,0.46666666700000003,0.2,0.007013846999999999,0
22.049999237060547,0.4,0.005590086,0.46666666700000003,0.6,0.00805472,1
37.5,0.4,0.005590086,0.46666666700000003,0.8,0.018849257,0
74.36571502685547,0.6,0.009469003,0.533333333,0.4,0.01118819,1
350.30999755859375,0.6,0.009469003,0.533333333,0.4,0.012754463,1
504.7322082519531,0.6,0.009469003,0.533333333,0.4,0.005813963,1
11.780200004577635,0.6,0.009469003,0.533333333,0.6,0.007156081,1
179.99000549316406,0.6,0.009469003,0.533333333,0.6,0.006267443301079043,0
34.34999847412109,0.6,0.009469003,0.533333333,0.6,0.008192298,1
24.09000015258789,0.6,0.009469003,0.533333333,0.4,0.006118976,1
22.399999618530273,0.6,0.009469003,0.533333333,0.6,0.00740113,1
37.77999877929688,0.6,0.009469003,0.533333333,0.8,0.019664815,1
74.1500015258789,0.4,0.008673818,0.577777778,0.2,0.009183868000000001,0
354.3800048828125,0.4,0.008673818,0.577777778,0.6,0.014933271000000001,1
502.02978515625,0.4,0.008673818,0.577777778,0.4,0.00670369,0
11.966394424438475,0.4,0.008673818,0.577777778,0.8,0.009159814,1
182.8800048828125,0.4,0.008673818,0.577777778,0.6,0.008318202475907824,1
34.36999893188477,0.4,0.008673818,0.577777778,0.6,0.007235081,1
24.170000076293945,0.4,0.008673818,0.577777778,0.6,0.006207733000000001,1
22.729999542236328,0.4,0.008673818,0.577777778,0.8,0.009614622,1
37.59000015258789,0.4,0.008673818,0.577777778,0.6,0.018362723,0
74.28713989257812,0.4,0.008218376,0.644444444,0.4,0.009060169,1
349.5299987792969,0.4,0.008218376,0.644444444,0.4,0.01758681,0
502.6209411621094,0.4,0.008218376,0.644444444,0.6,0.006044563,1
11.907357215881348,0.4,0.008218376,0.644444444,0.8,0.007818238,0
183.07000732421875,0.4,0.008218376,0.644444444,0.8,0.00584113216559445,1
34.700000762939446,0.4,0.008218376,0.644444444,0.8,0.007909456,1
24.43000030517578,0.4,0.008218376,0.644444444,0.8,0.00646304,1
22.86000061035156,0.4,0.008218376,0.644444444,0.8,0.01039067,1
37.36000061035156,0.4,0.008218376,0.644444444,0.4,0.015691065,0
74.37571716308594,0.4,0.009040135999999999,0.688888889,0.6,0.007574411999999999,1
356.2200012207031,0.4,0.009040135999999999,0.688888889,0.6,0.019904584,1
512.8991088867189,0.4,0.009040135999999999,0.688888889,0.6,0.009893575,1
12.029973030090332,0.4,0.009040135999999999,0.688888889,0.8,0.008778401,1
183.5500030517578,0.4,0.009040135999999999,0.688888889,0.8,0.0048586333978947365,1
35.0,0.4,0.009040135999999999,0.688888889,0.8,0.006235575,1
24.60000038146973,0.4,0.009040135999999999,0.688888889,0.8,0.006023734,1
22.79999923706055,0.4,0.009040135999999999,0.688888889,0.8,0.010548466999999999,0
38.15999984741211,0.4,0.009040135999999999,0.688888889,0.4,0.011567596999999999,1
75.45143127441406,0.6,0.012537762,0.7111111109999999,0.8,0.007230482,1
367.3999938964844,0.6,0.012537762,0.7111111109999999,0.8,0.019095298,1
514.2701416015625,0.6,0.012537762,0.7111111109999999,0.8,0.007534041,1
11.385104179382324,0.6,0.012537762,0.7111111109999999,0.6,0.018874671000000003,0
182.2100067138672,0.6,0.012537762,0.7111111109999999,0.6,0.005414656430991789,0
34.380001068115234,0.6,0.012537762,0.7111111109999999,0.8,0.009367509,0
24.38999938964844,0.6,0.012537762,0.7111111109999999,0.8,0.0061640440000000005,0
22.93000030517578,0.6,0.012537762,0.7111111109999999,0.8,0.008930214,1
38.02000045776367,0.6,0.012537762,0.7111111109999999,0.4,0.008739271,0
74.99857330322266,0.4,0.008570153,0.666666667,0.6,0.005281554,0
369.1700134277344,0.4,0.008570153,0.666666667,0.8,0.016129391,1
513.4405517578125,0.4,0.008570153,0.666666667,0.6,0.006253418,0
11.44868278503418,0.4,0.008570153,0.666666667,0.6,0.018045265,1
183.19000244140625,0.4,0.008570153,0.666666667,0.8,0.00647922859965369,1
34.919998168945305,0.4,0.008570153,0.666666667,0.8,0.010450039,1
24.520000457763672,0.4,0.008570153,0.666666667,0.8,0.006980681,1
23.6200008392334,0.4,0.008570153,0.666666667,0.8,0.011773928000000001,1
37.84000015258789,0.4,0.008570153,0.666666667,0.2,0.008192815,0
74.08999633789062,0.6,0.011263551,0.622222222,0.6,0.00712433,0
366.17999267578125,0.6,0.011263551,0.622222222,0.6,0.015425592,0
512.4420776367189,0.6,0.011263551,0.622222222,0.6,0.0055715190000000005,0
11.353315353393555,0.6,0.011263551,0.622222222,0.4,0.016550121,0
184.47000122070312,0.6,0.011263551,0.622222222,0.8,0.004665394701463167,1
34.93000030517578,0.6,0.011263551,0.622222222,0.8,0.010390874,1
24.60000038146973,0.6,0.011263551,0.622222222,0.8,0.006969034,1
24.57999992370605,0.6,0.011263551,0.622222222,0.8,0.016956196,1
37.20000076293945,0.6,0.011263551,0.622222222,0.2,0.01056966,0
74.22142791748047,0.8,0.014174059,0.5555555560000001,0.6,0.007109224,1
364.9400024414063,0.8,0.014174059,0.5555555560000001,0.6,0.013365671,0
509.2875671386719,0.8,0.014174059,0.5555555560000001,0.4,0.00656718,0
11.348773956298828,0.8,0.014174059,0.5555555560000001,0.4,0.015643405,0
185.25,0.8,0.014174059,0.5555555560000001,0.8,0.00530327014325089,1
34.759998321533196,0.8,0.014174059,0.5555555560000001,0.6,0.00944397,0
24.70000076293945,0.8,0.014174059,0.5555555560000001,0.8,0.005630616,1
23.940000534057607,0.8,0.014174059,0.5555555560000001,0.6,0.021019805,0
36.7400016784668,0.8,0.014174059,0.5555555560000001,0.2,0.011819046000000001,0
73.57142639160156,0.8,0.01374629,0.4,0.4,0.008622272,0
362.5700073242188,0.8,0.01374629,0.4,0.4,0.010836513,0
507.8518981933594,0.8,0.01374629,0.4,0.2,0.0030411459999999998,0
11.326066970825195,0.8,0.01374629,0.4,0.2,0.013984075,0
185.19000244140625,0.8,0.01374629,0.4,0.6,0.004843659946183015,0
34.75,0.8,0.01374629,0.4,0.4,0.007772396,0
24.559999465942386,0.8,0.01374629,0.4,0.6,0.0053724969999999995,0
23.32999992370605,0.8,0.01374629,0.4,0.6,0.025590937,0
37.08000183105469,0.8,0.01374629,0.4,0.2,0.00938724,1
74.44857025146484,0.8,0.010394708,0.488888889,0.4,0.008114092,1
368.9200134277344,0.8,0.010394708,0.488888889,0.4,0.008062273,1
513.6939086914061,0.8,0.010394708,0.488888889,0.2,0.004807199999999999,1
11.366939544677734,0.8,0.010394708,0.488888889,0.4,0.0039847829999999996,1
184.1300048828125,0.8,0.010394708,0.488888889,0.6,0.004528338927188074,0
34.939998626708984,0.8,0.010394708,0.488888889,0.6,0.005323062,1
25.229999542236328,0.8,0.010394708,0.488888889,0.8,0.009121199,1
23.489999771118164,0.8,0.010394708,0.488888889,0.6,0.025822199999999997,1
37.400001525878906,0.8,0.010394708,0.488888889,0.4,0.010379486,1
74.25714111328125,1.0,0.0132953,0.42222222200000004,0.4,0.0074279540000000005,0
372.30999755859375,1.0,0.0132953,0.42222222200000004,0.4,0.008936523,1
512.6109619140625,1.0,0.0132953,0.42222222200000004,0.2,0.004906203,0
11.471389770507812,1.0,0.0132953,0.42222222200000004,0.4,0.004705699,1
181.3000030517578,1.0,0.0132953,0.42222222200000004,0.4,0.006526578826918176,0
34.830001831054695,1.0,0.0132953,0.42222222200000004,0.4,0.00281135,0
23.8700008392334,1.0,0.0132953,0.42222222200000004,0.6,0.018835986000000002,0
23.3799991607666,1.0,0.0132953,0.42222222200000004,0.4,0.020740453,0
37.56999969482422,1.0,0.0132953,0.42222222200000004,0.6,0.010341696,1
74.81999969482422,0.8,0.01205584,0.46666666700000003,0.6,0.006521008000000001,1
376.6400146484375,0.8,0.01205584,0.46666666700000003,0.6,0.009642689,1
519.5855712890625,0.8,0.01205584,0.46666666700000003,0.4,0.0072384780000000004,1
11.498637199401855,0.8,0.01205584,0.46666666700000003,0.6,0.0035147509999999996,1
178.94000244140625,0.8,0.01205584,0.46666666700000003,0.2,0.007732544360996844,0
34.779998779296875,0.8,0.01205584,0.46666666700000003,0.2,0.003041191,0
23.75,0.8,0.01205584,0.46666666700000003,0.4,0.019188911,0
23.63999938964844,0.8,0.01205584,0.46666666700000003,0.4,0.014835882,1
37.63999938964844,0.8,0.01205584,0.46666666700000003,0.8,0.007331671,1
76.19999694824219,0.6,0.011406567,0.5111111110000001,0.6,0.009855065,1
381.3699951171875,0.6,0.011406567,0.5111111110000001,0.8,0.011477103999999998,1
525.7852783203125,0.6,0.011406567,0.5111111110000001,0.6,0.008393715,1
11.394186973571776,0.6,0.011406567,0.5111111110000001,0.6,0.005251491,0
177.30999755859375,0.6,0.011406567,0.5111111110000001,0.0,0.008708724883559619,0
34.93000030517578,0.6,0.011406567,0.5111111110000001,0.4,0.002930377,1
23.649999618530273,0.6,0.011406567,0.5111111110000001,0.2,0.019218008999999998,0
23.85000038146973,0.6,0.011406567,0.5111111110000001,0.6,0.011405058999999999,1
37.349998474121094,0.6,0.011406567,0.5111111110000001,0.8,0.006399477,0
77.9942855834961,0.4,0.010766725,0.688888889,0.8,0.012812964,1
386.7099914550781,0.4,0.010766725,0.688888889,1.0,0.012978691,1
528.1201171875,0.4,0.010766725,0.688888889,0.8,0.008718054,1
12.425067901611328,0.4,0.010766725,0.688888889,0.8,0.022946182000000002,1
178.97000122070312,0.4,0.010766725,0.688888889,0.2,0.01051638117102267,1
35.290000915527344,0.4,0.010766725,0.688888889,0.6,0.0049341179999999995,1
23.899999618530273,0.4,0.010766725,0.688888889,0.4,0.02019856,1
23.959999084472656,0.4,0.010766725,0.688888889,0.8,0.007231402,1
37.599998474121094,0.4,0.010766725,0.688888889,0.8,0.00588732,1
79.43856811523438,0.4,0.011844226999999999,0.6,0.8,0.014132055,1
393.6199951171875,0.4,0.011844226999999999,0.6,1.0,0.013049655,1
526.3714599609375,0.4,0.011844226999999999,0.6,0.6,0.007079599000000001,0
12.420526504516602,0.4,0.011844226999999999,0.6,0.6,0.022297538999999998,0
179.67999267578125,0.4,0.011844226999999999,0.6,0.4,0.010165033098703905,1
35.290000915527344,0.4,0.011844226999999999,0.6,0.4,0.003840601,0
23.84000015258789,0.4,0.011844226999999999,0.6,0.2,0.015244621000000002,0
23.71999931335449,0.4,0.011844226999999999,0.6,0.6,0.007863115,0
38.13000106811523,0.4,0.011844226999999999,0.6,0.8,0.006980487,1
78.74714660644531,0.4,0.008858422,0.577777778,0.8,0.015358567,0
392.2999877929688,0.4,0.008858422,0.577777778,0.8,0.011882568999999999,0
523.8329467773439,0.4,0.008858422,0.577777778,0.6,0.007622500999999999,0
12.406903266906738,0.4,0.008858422,0.577777778,0.4,0.020679115,0
177.47999572753906,0.4,0.008858422,0.577777778,0.4,0.009539910588521985,0
35.080001831054695,0.4,0.008858422,0.577777778,0.4,0.0044011020000000005,0
23.70000076293945,0.4,0.008858422,0.577777778,0.2,0.005638306,0
23.809999465942386,0.4,0.008858422,0.577777778,0.8,0.007685396,1
38.45000076293945,0.4,0.008858422,0.577777778,0.8,0.007749873000000001,1
80.9028549194336,0.4,0.00917134,0.488888889,0.8,0.019317608,1
384.6600036621094,0.4,0.00917134,0.488888889,0.6,0.013451511000000001,0
523.2269287109375,0.4,0.00917134,0.488888889,0.4,0.005132669,0
12.488646507263185,0.4,0.00917134,0.488888889,0.4,0.021521771000000002,1
176.0800018310547,0.4,0.00917134,0.488888889,0.4,0.00851412592403788,0
35.06999969482422,0.4,0.00917134,0.488888889,0.4,0.004171001,0
23.54999923706055,0.4,0.00917134,0.488888889,0.2,0.005898688000000001,0
23.31999969482422,0.4,0.00917134,0.488888889,0.6,0.009577187,0
38.310001373291016,0.4,0.00917134,0.488888889,0.6,0.008105451999999999,0
80.71428680419922,0.6,0.011290261000000001,0.5111111110000001,0.6,0.016094922,0
385.9599914550781,0.6,0.011290261000000001,0.5111111110000001,0.6,0.011615755,1
525.6710205078125,0.6,0.011290261000000001,0.5111111110000001,0.4,0.003680503,1
12.774749755859375,0.6,0.011290261000000001,0.5111111110000001,0.6,0.024286844,1
175.74000549316406,0.6,0.011290261000000001,0.5111111110000001,0.4,0.007078464701303479,0
35.06999969482422,0.6,0.011290261000000001,0.5111111110000001,0.2,0.003308427,0
23.739999771118164,0.6,0.011290261000000001,0.5111111110000001,0.4,0.006670171999999999,1
23.540000915527344,0.6,0.011290261000000001,0.5111111110000001,0.6,0.009687331,1
38.93999862670898,0.6,0.011290261000000001,0.5111111110000001,0.8,0.009853477,1
81.12857055664062,0.6,0.01597368,0.4,0.6,0.012412046000000001,1
384.489990234375,0.6,0.01597368,0.4,0.4,0.009577064,0
525.2537231445311,0.6,0.01597368,0.4,0.2,0.0029511359999999996,0
12.375113487243652,0.6,0.01597368,0.4,0.4,0.012448645,0
176.0800018310547,0.6,0.01597368,0.4,0.4,0.0055929647872109845,1
34.84999847412109,0.6,0.01597368,0.4,0.0,0.002501799,0
24.26000022888184,0.6,0.01597368,0.4,0.4,0.008936803,1
23.60000038146973,0.6,0.01597368,0.4,0.6,0.009274677,1
38.0,0.6,0.01597368,0.4,0.6,0.013342722,0
80.00285339355469,0.6,0.012712218999999999,0.488888889,0.4,0.01148363,0
386.95001220703125,0.6,0.012712218999999999,0.488888889,0.4,0.007282953000000001,1
531.478271484375,0.6,0.012712218999999999,0.488888889,0.4,0.004659028,1
12.579473495483398,0.6,0.012712218999999999,0.488888889,0.6,0.015678303,1
177.6699981689453,0.6,0.012712218999999999,0.488888889,0.4,0.0066055383708865075,1
35.47999954223633,0.6,0.012712218999999999,0.488888889,0.2,0.0061173,1
24.81999969482422,0.6,0.012712218999999999,0.488888889,0.6,0.013051364,1
24.25,0.6,0.012712218999999999,0.488888889,0.8,0.012779811,1
38.36000061035156,0.6,0.012712218999999999,0.488888889,0.6,0.012418299999999998,1
80.91857147216797,0.6,0.012306591,0.577777778,0.6,0.012032073,1
384.8900146484375,0.6,0.012306591,0.577777778,0.4,0.007676988,0
535.5865478515625,0.6,0.012306591,0.577777778,0.6,0.005240476,1
12.375113487243652,0.6,0.012306591,0.577777778,0.6,0.018708039,0
177.4600067138672,0.6,0.012306591,0.577777778,0.4,0.0043931275020948225,0
35.599998474121094,0.6,0.012306591,0.577777778,0.4,0.005603598,1
24.93000030517578,0.6,0.012306591,0.577777778,0.8,0.012763258999999999,1
24.43000030517578,0.6,0.012306591,0.577777778,0.8,0.013505495,1
38.709999084472656,0.6,0.012306591,0.577777778,0.6,0.012564641999999999,1
80.79285430908203,0.6,0.010531209,0.6,0.4,0.006867785,0
387.7799987792969,0.6,0.010531209,0.6,0.6,0.005283736999999999,1
538.825439453125,0.6,0.010531209,0.6,0.8,0.0062185719999999995,1
12.279746055603027,0.6,0.010531209,0.6,0.4,0.018931611,0
177.1199951171875,0.6,0.010531209,0.6,0.4,0.003198689789033629,0
34.799999237060554,0.6,0.010531209,0.6,0.4,0.010040951,0
24.81999969482422,0.6,0.010531209,0.6,0.8,0.0123799,0
24.479999542236328,0.6,0.010531209,0.6,1.0,0.009798905,1
38.11000061035156,0.6,0.010531209,0.6,0.6,0.014936393999999999,0
80.19428253173828,0.4,0.006742565,0.46666666700000003,0.4,0.00788337,0
382.1900024414063,0.4,0.006742565,0.46666666700000003,0.4,0.007490898,0
535.1642456054689,0.4,0.006742565,0.46666666700000003,0.6,0.006643288000000001,0
12.257039070129395,0.4,0.006742565,0.46666666700000003,0.2,0.014719625,0
175.1999969482422,0.4,0.006742565,0.46666666700000003,0.4,0.004980525528724686,0
34.560001373291016,0.4,0.006742565,0.46666666700000003,0.4,0.011420248999999999,0
24.420000076293945,0.4,0.006742565,0.46666666700000003,0.6,0.013989511000000001,0
24.10000038146973,0.4,0.006742565,0.46666666700000003,0.8,0.011016671,0
37.61000061035156,0.4,0.006742565,0.46666666700000003,0.4,0.014271433,0
80.07714080810547,0.6,0.0016990829999999999,0.4,0.2,0.007148971,0
381.25,0.6,0.0016990829999999999,0.4,0.4,0.007221063000000001,0
531.52294921875,0.6,0.0016990829999999999,0.4,0.6,0.007845335,0
12.079927444458008,0.6,0.0016990829999999999,0.4,0.2,0.011352923999999999,0
173.3699951171875,0.6,0.0016990829999999999,0.4,0.2,0.006682637685739057,0
33.59999847412109,0.6,0.0016990829999999999,0.4,0.4,0.015721181,0
24.46999931335449,0.6,0.0016990829999999999,0.4,0.6,0.010018209,1
23.96999931335449,0.6,0.0016990829999999999,0.4,0.6,0.011585752,0
37.22000122070313,0.6,0.0016990829999999999,0.4,0.4,0.011517412,0
79.20428466796875,0.4,0.0028335879999999997,0.26666666699999997,0.2,0.006553865999999999,0
384.239990234375,0.4,0.0028335879999999997,0.26666666699999997,0.4,0.007509954,1
526.9675903320311,0.4,0.0028335879999999997,0.26666666699999997,0.4,0.007189302,0
12.157130241394045,0.4,0.0028335879999999997,0.26666666699999997,0.2,0.009328366,1
172.8000030517578,0.4,0.0028335879999999997,0.26666666699999997,0.0,0.005534188665230286,0
33.22999954223633,0.4,0.0028335879999999997,0.26666666699999997,0.2,0.014308053999999999,0
24.290000915527344,0.4,0.0028335879999999997,0.26666666699999997,0.4,0.006872736999999999,0
23.85000038146973,0.4,0.0028335879999999997,0.26666666699999997,0.4,0.007078523000000001,0
36.68999862670898,0.4,0.0028335879999999997,0.26666666699999997,0.2,0.012470617,0
79.64286041259766,0.4,0.003561255,0.333333333,0.2,0.005372106999999999,1
388.9700012207031,0.4,0.003561255,0.333333333,0.6,0.008907227,1
533.023193359375,0.4,0.003561255,0.333333333,0.4,0.007941604,1
12.216167449951172,0.4,0.003561255,0.333333333,0.4,0.007050499,1
177.85000610351562,0.4,0.003561255,0.333333333,0.2,0.011142715804526068,1
33.540000915527344,0.4,0.003561255,0.333333333,0.2,0.015497415,1
24.45000076293945,0.4,0.003561255,0.333333333,0.4,0.0073037630000000004,1
24.18000030517578,0.4,0.003561255,0.333333333,0.4,0.00836128,1
36.88999938964844,0.4,0.003561255,0.333333333,0.2,0.011736027,1
79.28428649902344,0.6,0.006505973000000001,0.355555556,0.2,0.005961836999999999,0
387.6499938964844,0.6,0.006505973000000001,0.355555556,0.4,0.008084227,0
531.4732666015625,0.6,0.006505973000000001,0.355555556,0.2,0.00731369,0
12.465940475463867,0.6,0.006505973000000001,0.355555556,0.6,0.009598441999999999,1
175.75999450683594,0.6,0.006505973000000001,0.355555556,0.2,0.013109825959197385,0
33.630001068115234,0.6,0.006505973000000001,0.355555556,0.4,0.011539711000000001,1
24.65999984741211,0.6,0.006505973000000001,0.355555556,0.6,0.008139071999999999,1
24.35000038146973,0.6,0.006505973000000001,0.355555556,0.4,0.009358074000000001,1
36.52000045776367,0.6,0.006505973000000001,0.355555556,0.2,0.010642018999999999,0
78.68142700195312,0.8,0.00705572,0.533333333,0.2,0.006000846,0
395.9599914550781,0.8,0.00705572,0.533333333,0.6,0.009488522,1
538.8701782226561,0.8,0.00705572,0.533333333,0.4,0.008738286,1
12.49318790435791,0.8,0.00705572,0.533333333,0.8,0.009665764,1
178.6999969482422,0.8,0.00705572,0.533333333,0.4,0.014287280266422309,1
34.59999847412109,0.8,0.00705572,0.533333333,0.6,0.015929056,1
25.149999618530273,0.8,0.00705572,0.533333333,0.8,0.008889913000000001,1
24.6299991607666,0.8,0.00705572,0.533333333,0.6,0.008553291,1
36.58000183105469,0.8,0.00705572,0.533333333,0.4,0.00834663,1
77.77999877929688,0.6,0.007349448000000001,0.6,0.2,0.008000038000000001,0
395.1900024414063,0.6,0.007349448000000001,0.6,0.6,0.009385542,0
539.6004028320311,0.6,0.007349448000000001,0.6,0.6,0.007648492,1
12.733878135681152,0.6,0.007349448000000001,0.6,1.0,0.01062895,1
180.22000122070312,0.6,0.007349448000000001,0.6,0.6,0.013899417008552984,1
36.599998474121094,0.6,0.007349448000000001,0.6,0.8,0.021934178,1
25.13999938964844,0.6,0.007349448000000001,0.6,0.6,0.008559943,0
24.229999542236328,0.6,0.007349448000000001,0.6,0.6,0.010722512,0
36.25,0.6,0.007349448000000001,0.6,0.4,0.008076992,0
78.43142700195312,0.8,0.008646219,0.644444444,0.4,0.007495053000000001,1
402.20001220703125,0.8,0.008646219,0.644444444,0.6,0.011364688000000001,1
546.75390625,0.8,0.008646219,0.644444444,0.8,0.008585822,1
12.62034511566162,0.8,0.008646219,0.644444444,0.8,0.011133915,0
180.02000427246094,0.8,0.008646219,0.644444444,0.6,0.013463820494107341,0
36.36999893188477,0.8,0.008646219,0.644444444,0.8,0.020988631,0
25.059999465942386,0.8,0.008646219,0.644444444,0.6,0.007725202,0
23.68000030517578,0.8,0.008646219,0.644444444,0.6,0.01426109,0
36.79999923706055,0.8,0.008646219,0.644444444,0.6,0.008263525,1
81.4414291381836,0.6,0.008765243,0.622222222,0.4,0.014063098999999999,1
402.9200134277344,0.6,0.008765243,0.622222222,0.6,0.00926071,1
553.9470825195311,0.6,0.008765243,0.622222222,0.8,0.008918769,1
12.73841953277588,0.6,0.008765243,0.622222222,0.8,0.012033855,1
182.22999572753903,0.6,0.008765243,0.622222222,0.6,0.010074182852584702,1
36.93000030517578,0.6,0.008765243,0.622222222,0.8,0.022202307999999997,1
25.31999969482422,0.6,0.008765243,0.622222222,0.6,0.008482811,1
23.979999542236328,0.6,0.008765243,0.622222222,0.6,0.014027572,1
36.61999893188477,0.6,0.008765243,0.622222222,0.4,0.008151568,0
81.09571075439453,0.6,0.006472256,0.666666667,0.4,0.014011643,0
399.20001220703125,0.6,0.006472256,0.666666667,0.6,0.010428512,0
552.32763671875,0.6,0.006472256,0.666666667,0.8,0.008921901,0
12.788373947143555,0.6,0.006472256,0.666666667,0.8,0.008728945,1
183.22000122070312,0.6,0.006472256,0.666666667,0.8,0.008810419743187803,1
37.31999969482422,0.6,0.006472256,0.666666667,0.8,0.023777735,1
25.43000030517578,0.6,0.006472256,0.666666667,0.6,0.00763391,1
24.31999969482422,0.6,0.006472256,0.666666667,0.6,0.015457149,1
37.08000183105469,0.6,0.006472256,0.666666667,0.6,0.008657915,1
80.55714416503906,0.6,0.005347607,0.644444444,0.4,0.013819113999999999,0
404.3900146484375,0.6,0.005347607,0.644444444,0.6,0.008741342,1
555.1195068359375,0.6,0.005347607,0.644444444,0.8,0.0071492990000000005,1
12.856493949890135,0.6,0.005347607,0.644444444,0.8,0.009357138000000001,1
185.3500061035156,0.6,0.005347607,0.644444444,0.8,0.007790024759986134,1
37.68999862670898,0.6,0.005347607,0.644444444,0.8,0.019991936999999998,1
25.70000076293945,0.6,0.005347607,0.644444444,0.6,0.005783345,1
24.190000534057607,0.6,0.005347607,0.644444444,0.4,0.014226436,0
37.43999862670898,0.6,0.005347607,0.644444444,0.6,0.01027105,1
80.01285552978516,0.6,0.004940696,0.622222222,0.4,0.012879087,0
398.0799865722656,0.6,0.004940696,0.622222222,0.6,0.011473183,0
555.58642578125,0.6,0.004940696,0.622222222,0.8,0.007046501,1
12.801998138427734,0.6,0.004940696,0.622222222,0.6,0.00635175,0
185.0800018310547,0.6,0.004940696,0.622222222,0.6,0.006380190102663347,0
37.97999954223633,0.6,0.004940696,0.622222222,0.8,0.009970116999999999,1
25.60000038146973,0.6,0.004940696,0.622222222,0.6,0.006482033000000001,0
24.229999542236328,0.6,0.004940696,0.622222222,0.6,0.011309075,1
37.290000915527344,0.6,0.004940696,0.622222222,0.6,0.009268045,0
79.2171401977539,0.4,0.002857368,0.622222222,0.2,0.013193003,0
393.3699951171875,0.4,0.002857368,0.622222222,0.4,0.010291871999999999,0
551.1453247070311,0.4,0.002857368,0.622222222,0.6,0.005993801,0
12.747502326965332,0.4,0.002857368,0.622222222,0.6,0.005419949,0
186.41000366210938,0.4,0.002857368,0.622222222,0.8,0.007595460845353666,1
37.9900016784668,0.4,0.002857368,0.622222222,1.0,0.00876596,1
25.85000038146973,0.4,0.002857368,0.622222222,0.8,0.0077987230000000005,1
24.25,0.4,0.002857368,0.622222222,0.8,0.006934342,1
37.290000915527344,0.4,0.002857368,0.622222222,0.4,0.006233567,0
80.14571380615234,0.4,0.002007016,0.622222222,0.2,0.007861878000000001,1
398.7900085449219,0.4,0.002007016,0.622222222,0.4,0.012689523000000001,1
556.7340087890625,0.4,0.002007016,0.622222222,0.6,0.005390596,1
12.70663070678711,0.4,0.002007016,0.622222222,0.4,0.004190022,0
187.57000732421875,0.4,0.002007016,0.622222222,0.8,0.006384759979648315,1
38.2599983215332,0.4,0.002007016,0.622222222,1.0,0.0071078999999999995,1
25.959999084472656,0.4,0.002007016,0.622222222,0.8,0.006574755,1
24.43000030517578,0.4,0.002007016,0.622222222,0.8,0.005885104,1
37.40999984741211,0.4,0.002007016,0.622222222,0.6,0.0058989030000000005,1
79.01856994628906,0.2,0.004267549,0.488888889,0.2,0.009825616,0
397.9700012207031,0.2,0.004267549,0.488888889,0.4,0.011254249,0
552.9635009765625,0.2,0.004267549,0.488888889,0.6,0.006160413000000001,0
12.561307907104492,0.2,0.004267549,0.488888889,0.2,0.005693065,0
185.52999877929688,0.2,0.004267549,0.488888889,0.6,0.007473411892243533,0
37.84000015258789,0.2,0.004267549,0.488888889,0.8,0.007191294,0
25.790000915527344,0.2,0.004267549,0.488888889,0.6,0.007015565,0
24.309999465942386,0.2,0.004267549,0.488888889,0.6,0.004031812,0
37.15999984741211,0.2,0.004267549,0.488888889,0.4,0.00472314,0
77.2828598022461,0.2,0.006875935,0.37777777799999995,0.2,0.012890562,0
396.4400024414063,0.2,0.006875935,0.37777777799999995,0.2,0.009422949,0
548.9297485351561,0.2,0.006875935,0.37777777799999995,0.4,0.006608424,0
12.870118141174315,0.2,0.006875935,0.37777777799999995,0.2,0.009544571,1
186.63999938964844,0.2,0.006875935,0.37777777799999995,0.6,0.006344905544617685,1
37.61999893188477,0.2,0.006875935,0.37777777799999995,0.6,0.006371246,0
25.78000068664551,0.2,0.006875935,0.37777777799999995,0.4,0.0049696359999999995,0
24.07999992370605,0.2,0.006875935,0.37777777799999995,0.6,0.004854961,0
36.90999984741211,0.2,0.006875935,0.37777777799999995,0.2,0.004126942,0
77.70428466796875,0.4,0.007078555,0.355555556,0.4,0.012629855,1
393.6300048828125,0.4,0.007078555,0.355555556,0.2,0.007719801,0
555.0499267578125,0.4,0.007078555,0.355555556,0.4,0.008670059,1
12.847411155700685,0.4,0.007078555,0.355555556,0.2,0.009049679,0
186.0,0.4,0.007078555,0.355555556,0.6,0.006739371844381212,0
37.47000122070313,0.4,0.007078555,0.355555556,0.4,0.005629808,0
25.459999084472656,0.4,0.007078555,0.355555556,0.4,0.00667398,0
23.60000038146973,0.4,0.007078555,0.355555556,0.4,0.008510961,0
36.13000106811523,0.4,0.007078555,0.355555556,0.2,0.007552163000000001,0
77.14857482910156,0.6,0.0075805230000000005,0.4,0.4,0.012071206000000001,0
398.0299987792969,0.6,0.0075805230000000005,0.4,0.4,0.0075890459999999995,1
565.7503662109375,0.6,0.0075805230000000005,0.4,0.6,0.010927019,1
12.797456741333008,0.6,0.0075805230000000005,0.4,0.2,0.008975971999999999,0
189.7100067138672,0.6,0.0075805230000000005,0.4,0.6,0.009291408072096623,1
37.849998474121094,0.6,0.0075805230000000005,0.4,0.4,0.007605412,1
25.59000015258789,0.6,0.0075805230000000005,0.4,0.4,0.005742073,1
23.21999931335449,0.6,0.0075805230000000005,0.4,0.2,0.011566221000000002,0
36.40999984741211,0.6,0.0075805230000000005,0.4,0.4,0.009102114,1
77.63714599609375,0.8,0.007978912,0.288888889,0.4,0.010993402,1
401.9200134277344,0.8,0.007978912,0.288888889,0.4,0.006787998000000001,1
566.9276733398438,0.8,0.007978912,0.288888889,0.6,0.009315186999999999,1
12.465940475463867,0.8,0.007978912,0.288888889,0.2,0.013515693999999998,0
187.97000122070312,0.8,0.007978912,0.288888889,0.4,0.009881220257890278,0
37.72000122070313,0.8,0.007978912,0.288888889,0.2,0.00687091,0
25.43000030517578,0.8,0.007978912,0.288888889,0.2,0.006141506999999999,0
23.149999618530273,0.8,0.007978912,0.288888889,0.0,0.010684608,0
35.7599983215332,0.8,0.007978912,0.288888889,0.2,0.012028971999999999,0
76.64571380615234,1.0,0.005262507,0.333333333,0.4,0.010734681000000001,0
401.010009765625,1.0,0.005262507,0.333333333,0.4,0.006829578,0
561.4682006835939,1.0,0.005262507,0.333333333,0.6,0.009886663,0
12.53860092163086,1.0,0.005262507,0.333333333,0.4,0.012394084,1
187.3800048828125,1.0,0.005262507,0.333333333,0.4,0.008333779150142395,0
37.650001525878906,1.0,0.005262507,0.333333333,0.2,0.00504657,0
25.309999465942386,1.0,0.005262507,0.333333333,0.2,0.0057755869999999996,0
23.25,1.0,0.005262507,0.333333333,0.2,0.010566137,1
35.529998779296875,1.0,0.005262507,0.333333333,0.2,0.011978782,0
76.13428497314453,0.8,0.003893808,0.4,0.4,0.007676036999999999,0
397.6600036621094,0.8,0.003893808,0.4,0.4,0.007731460999999999,0
561.4383544921875,0.8,0.003893808,0.4,0.6,0.008438336,0
12.579473495483398,0.8,0.003893808,0.4,0.4,0.008129183,1
187.25999450683602,0.8,0.003893808,0.4,0.2,0.007265299545267856,0
38.11000061035156,0.8,0.003893808,0.4,0.4,0.006327327,1
25.53000068664551,0.8,0.003893808,0.4,0.4,0.007436489,1
23.95000076293945,0.8,0.003893808,0.4,0.4,0.014695426999999999,1
36.040000915527344,0.8,0.003893808,0.4,0.4,0.013504075,1
76.5328598022461,0.6,0.00724873,0.42222222200000004,0.4,0.007632465,1
390.9800109863281,0.6,0.00724873,0.42222222200000004,0.4,0.009673496,0
557.8616333007811,0.6,0.00724873,0.42222222200000004,0.4,0.007482605,0
12.770209312438965,0.6,0.00724873,0.42222222200000004,0.6,0.010808813,1
184.16000366210938,0.6,0.00724873,0.42222222200000004,0.2,0.009890382881740859,0
37.75,0.6,0.00724873,0.42222222200000004,0.4,0.007419161999999999,0
25.5,0.6,0.00724873,0.42222222200000004,0.4,0.005188955,0
24.479999542236328,0.6,0.00724873,0.42222222200000004,0.6,0.015134597,1
34.97999954223633,0.6,0.00724873,0.42222222200000004,0.4,0.015159945,0
78.05571746826172,0.6,0.009309928,0.488888889,0.6,0.010181763,1
397.5400085449219,0.6,0.009309928,0.488888889,0.4,0.010793566000000001,1
570.9862670898438,0.6,0.009309928,0.488888889,0.4,0.008332275,1
13.101725578308105,0.6,0.009309928,0.488888889,0.8,0.015223181,1
185.9199981689453,0.6,0.009309928,0.488888889,0.2,0.007812503754521041,1
38.209999084472656,0.6,0.009309928,0.488888889,0.4,0.007827968000000001,1
26.51000022888184,0.6,0.009309928,0.488888889,0.4,0.012089306999999999,1
24.51000022888184,0.6,0.009309928,0.488888889,0.8,0.012159353000000001,1
35.779998779296875,0.6,0.009309928,0.488888889,0.4,0.018184031,1
79.62285614013672,0.4,0.009868088,0.5555555560000001,0.6,0.012930627,1
395.8699951171875,0.4,0.009868088,0.5555555560000001,0.2,0.009679106,0
570.5988159179688,0.4,0.009868088,0.5555555560000001,0.2,0.008051794000000001,0
13.09718418121338,0.4,0.009868088,0.5555555560000001,0.8,0.010111535,0
187.7400054931641,0.4,0.009868088,0.5555555560000001,0.4,0.007935958463121758,1
38.40999984741211,0.4,0.009868088,0.5555555560000001,0.6,0.008187910999999999,1
26.670000076293945,0.4,0.009868088,0.5555555560000001,0.6,0.012045911000000001,1
25.670000076293945,0.4,0.009868088,0.5555555560000001,1.0,0.02102195,1
36.7599983215332,0.4,0.009868088,0.5555555560000001,0.6,0.020091493000000002,1
79.17857360839844,0.4,0.011897356000000001,0.622222222,0.6,0.011492579,0
395.7999877929688,0.4,0.011897356000000001,0.622222222,0.2,0.009261646,0
574.374267578125,0.4,0.011897356000000001,0.622222222,0.4,0.0074491390000000005,1
13.42416000366211,0.4,0.011897356000000001,0.622222222,0.8,0.013938862,1
188.75999450683602,0.4,0.011897356000000001,0.622222222,0.6,0.008394800019523235,1
38.290000915527344,0.4,0.011897356000000001,0.622222222,0.6,0.008441589000000001,0
26.540000915527344,0.4,0.011897356000000001,0.622222222,0.6,0.012077009,0
26.79999923706055,0.4,0.011897356000000001,0.622222222,1.0,0.02896206,1
36.88999938964844,0.4,0.011897356000000001,0.622222222,0.8,0.019512439,1
77.23857116699219,0.4,0.011607523,0.577777778,0.6,0.015058374,0
399.6099853515625,0.4,0.011607523,0.577777778,0.4,0.009516075,1
571.547607421875,0.4,0.011607523,0.577777778,0.4,0.008422764000000001,0
13.533151626586914,0.4,0.011607523,0.577777778,0.8,0.014910727,1
190.08999633789062,0.4,0.011607523,0.577777778,0.8,0.009675905820442015,1
38.209999084472656,0.4,0.011607523,0.577777778,0.4,0.0064159080000000005,0
25.85000038146973,0.4,0.011607523,0.577777778,0.4,0.015538258000000001,0
25.81999969482422,0.4,0.011607523,0.577777778,0.8,0.030253977999999997,0
36.38000106811523,0.4,0.011607523,0.577777778,0.6,0.019406581000000003,0
78.43856811523438,0.4,0.009361102,0.622222222,0.6,0.017118591000000002,1
407.0499877929688,0.4,0.009361102,0.622222222,0.6,0.009880057,1
578.090087890625,0.4,0.009361102,0.622222222,0.6,0.009438028000000001,1
13.578564643859865,0.4,0.009361102,0.622222222,0.8,0.012549372,1
188.42999267578125,0.4,0.009361102,0.622222222,0.8,0.008111555875652748,0
38.11000061035156,0.4,0.009361102,0.622222222,0.4,0.005050052,0
25.59000015258789,0.4,0.009361102,0.622222222,0.4,0.017314842,0
26.84000015258789,0.4,0.009361102,0.622222222,0.8,0.033728957000000004,1
36.16999816894531,0.4,0.009361102,0.622222222,0.6,0.014678716999999999,0
78.78713989257812,0.4,0.006854659,0.46666666700000003,0.6,0.014027748999999999,1
404.5400085449219,0.4,0.006854659,0.46666666700000003,0.4,0.0077576419999999995,0
578.7457885742188,0.4,0.006854659,0.46666666700000003,0.6,0.004959542,1
13.55131721496582,0.4,0.006854659,0.46666666700000003,0.6,0.007758676,0
182.25,0.4,0.006854659,0.46666666700000003,0.6,0.012759638006190972,0
37.97999954223633,0.4,0.006854659,0.46666666700000003,0.2,0.003295212,0
25.309999465942386,0.4,0.006854659,0.46666666700000003,0.2,0.011581632,0
26.5,0.4,0.006854659,0.46666666700000003,0.6,0.036017386,0
35.93000030517578,0.4,0.006854659,0.46666666700000003,0.4,0.011431733999999999,0
79.45428466796875,0.4,0.009798085,0.444444444,0.6,0.011705851000000001,1
399.8699951171875,0.4,0.009798085,0.444444444,0.4,0.00922627,0
576.3016967773438,0.4,0.009798085,0.444444444,0.6,0.005668446,0
13.33787441253662,0.4,0.009798085,0.444444444,0.6,0.010839492,0
182.72999572753903,0.4,0.009798085,0.444444444,0.6,0.01132854306533664,1
38.150001525878906,0.4,0.009798085,0.444444444,0.2,0.00314358,1
25.1299991607666,0.4,0.009798085,0.444444444,0.0,0.011796906999999999,0
27.5,0.4,0.009798085,0.444444444,0.6,0.034099033,1
36.060001373291016,0.4,0.009798085,0.444444444,0.4,0.006677451,1
78.01000213623047,0.2,0.013154921000000002,0.355555556,0.6,0.014225389,0
387.6000061035156,0.2,0.013154921000000002,0.355555556,0.4,0.01532789,0
558.2838745117189,0.2,0.013154921000000002,0.355555556,0.4,0.010598028999999998,0
12.938238143920898,0.2,0.013154921000000002,0.355555556,0.4,0.011838923999999999,0
179.63999938964844,0.2,0.013154921000000002,0.355555556,0.4,0.013623980805499465,0
37.11000061035156,0.2,0.013154921000000002,0.355555556,0.2,0.007970915,0
24.809999465942386,0.2,0.013154921000000002,0.355555556,0.0,0.013368788999999999,0
26.35000038146973,0.2,0.013154921000000002,0.355555556,0.4,0.033658622,0
36.810001373291016,0.2,0.013154921000000002,0.355555556,0.4,0.010129888,1
78.64286041259766,0.2,0.013343633999999998,0.333333333,0.8,0.010947573,1
386.2799987792969,0.2,0.013343633999999998,0.333333333,0.2,0.014083795,0
547.0569458007811,0.2,0.013343633999999998,0.333333333,0.4,0.013635713999999998,0
12.988192558288574,0.2,0.013343633999999998,0.333333333,0.4,0.01098731,1
177.89999389648438,0.2,0.013343633999999998,0.333333333,0.2,0.01415199583182009,0
36.4900016784668,0.2,0.013343633999999998,0.333333333,0.2,0.010894454,0
24.71999931335449,0.2,0.013343633999999998,0.333333333,0.0,0.008894602,0
25.3799991607666,0.2,0.013343633999999998,0.333333333,0.4,0.03370763,0
36.02999877929688,0.2,0.013343633999999998,0.333333333,0.4,0.011602913000000001,0
72.35713958740234,0.4,0.013500856,0.37777777799999995,0.6,0.023825809,0
394.42999267578125,0.4,0.013500856,0.37777777799999995,0.2,0.014579897,1
557.8765258789061,0.4,0.013500856,0.37777777799999995,0.4,0.015301882,1
13.169845581054688,0.4,0.013500856,0.37777777799999995,0.4,0.013113375,1
176.85000610351562,0.4,0.013500856,0.37777777799999995,0.2,0.013585875598631187,0
37.099998474121094,0.4,0.013500856,0.37777777799999995,0.4,0.013714401999999999,1
24.899999618530273,0.4,0.013500856,0.37777777799999995,0.2,0.008339308,1
26.899999618530273,0.4,0.013500856,0.37777777799999995,0.4,0.037784714,1
36.27000045776367,0.4,0.013500856,0.37777777799999995,0.6,0.011780648999999999,1
71.53571319580078,0.2,0.015383691000000001,0.4,0.4,0.02520751,0
384.20001220703125,0.2,0.015383691000000001,0.4,0.2,0.018533865,0
549.883544921875,0.2,0.015383691000000001,0.4,0.2,0.017940533,0
13.17892837524414,0.2,0.015383691000000001,0.4,0.6,0.012849978,1
176.39999389648438,0.2,0.015383691000000001,0.4,0.2,0.00753533770408083,0
36.97000122070313,0.2,0.015383691000000001,0.4,0.4,0.013732955,0
24.68000030517578,0.2,0.015383691000000001,0.4,0.2,0.007918010999999999,0
27.86000061035156,0.2,0.015383691000000001,0.4,0.6,0.042388735,1
36.65999984741211,0.2,0.015383691000000001,0.4,0.8,0.012604128000000001,1
71.39714050292969,0.4,0.017838434,0.444444444,0.2,0.023901395,0
403.010009765625,0.4,0.017838434,0.444444444,0.4,0.026016837,1
564.0265502929688,0.4,0.017838434,0.444444444,0.4,0.022239917,1
13.28337860107422,0.4,0.017838434,0.444444444,0.8,0.011284946,1
177.36000061035156,0.4,0.017838434,0.444444444,0.2,0.00809703644536369,1
37.400001525878906,0.4,0.017838434,0.444444444,0.4,0.015163949,1
24.739999771118164,0.4,0.017838434,0.444444444,0.4,0.006981865,1
26.899999618530273,0.4,0.017838434,0.444444444,0.4,0.041733173,0
36.86000061035156,0.4,0.017838434,0.444444444,0.8,0.012971605,1
71.5142822265625,0.4,0.013507473,0.488888889,0.4,0.020594031000000002,1
358.69000244140625,0.4,0.013507473,0.488888889,0.4,0.041874343,0
586.6693115234375,0.4,0.013507473,0.488888889,0.6,0.024015974,1
13.169845581054688,0.4,0.013507473,0.488888889,0.8,0.007001843000000001,0
176.67999267578125,0.4,0.013507473,0.488888889,0.2,0.005481812229905997,0
36.900001525878906,0.4,0.013507473,0.488888889,0.4,0.012385578000000001,0
24.540000915527344,0.4,0.013507473,0.488888889,0.4,0.006051916,0
26.739999771118164,0.4,0.013507473,0.488888889,0.4,0.034559129,0
37.84000015258789,0.4,0.013507473,0.488888889,0.8,0.014129286000000001,1
71.64714050292969,0.4,0.017365433,0.46666666700000003,0.4,0.019343082,1
346.1499938964844,0.4,0.017365433,0.46666666700000003,0.4,0.048185339,0
563.0528564453125,0.4,0.017365433,0.46666666700000003,0.6,0.028045059,0
12.733878135681152,0.4,0.017365433,0.46666666700000003,0.6,0.012850337,0
172.89999389648438,0.4,0.017365433,0.46666666700000003,0.2,0.007823519499786966,0
35.84000015258789,0.4,0.017365433,0.46666666700000003,0.4,0.014789431,0
23.95000076293945,0.4,0.017365433,0.46666666700000003,0.4,0.010134878,0
25.38999938964844,0.4,0.017365433,0.46666666700000003,0.4,0.037293927000000004,0
36.47999954223633,0.4,0.017365433,0.46666666700000003,0.8,0.017079457,0
72.68428802490234,0.4,0.01915201,0.42222222200000004,0.6,0.006252753000000001,1
347.95001220703125,0.4,0.01915201,0.42222222200000004,0.4,0.045005628,1
565.402587890625,0.4,0.01915201,0.42222222200000004,0.6,0.02492414,1
12.86557674407959,0.4,0.01915201,0.42222222200000004,0.6,0.01212161,1
172.83999633789062,0.4,0.01915201,0.42222222200000004,0.2,0.006712496192509942,0
35.959999084472656,0.4,0.01915201,0.42222222200000004,0.4,0.012115704,1
23.81999969482422,0.4,0.01915201,0.42222222200000004,0.2,0.009764169,0
22.56999969482422,0.4,0.01915201,0.42222222200000004,0.2,0.047529455,0
36.349998474121094,0.4,0.01915201,0.42222222200000004,0.6,0.01645995,0
73.22714233398438,0.6,0.018666837,0.42222222200000004,0.8,0.005476007,1
346.45001220703125,0.6,0.018666837,0.42222222200000004,0.4,0.040680598,0
567.9063110351562,0.6,0.018666837,0.42222222200000004,0.8,0.022944281,1
12.720253944396973,0.6,0.018666837,0.42222222200000004,0.4,0.014242771999999999,0
174.24000549316406,0.6,0.018666837,0.42222222200000004,0.4,0.007823582552397153,1
35.95000076293945,0.6,0.018666837,0.42222222200000004,0.4,0.011470518,0
23.520000457763672,0.6,0.018666837,0.42222222200000004,0.2,0.010515991,0
22.13999938964844,0.6,0.018666837,0.42222222200000004,0.0,0.044202272,0
35.81999969482422,0.6,0.018666837,0.42222222200000004,0.4,0.017225502,0
73.21571350097656,0.4,0.013734221000000001,0.444444444,0.8,0.005119799,0
354.5899963378906,0.4,0.013734221000000001,0.444444444,0.4,0.035587906,1
576.232177734375,0.4,0.013734221000000001,0.444444444,0.8,0.020732406999999998,1
12.938238143920898,0.4,0.013734221000000001,0.444444444,0.4,0.016085019,1
174.6699981689453,0.4,0.013734221000000001,0.444444444,0.4,0.0072287031903671434,1
36.72000122070313,0.4,0.013734221000000001,0.444444444,0.4,0.013428036,1
23.989999771118164,0.4,0.013734221000000001,0.444444444,0.2,0.014026365,1
22.6200008392334,0.4,0.013734221000000001,0.444444444,0.2,0.041646721,1
36.18000030517578,0.4,0.013734221000000001,0.444444444,0.4,0.018144444,1
74.23999786376953,0.4,0.014018448000000001,0.5555555560000001,0.8,0.007589649,1
361.0799865722656,0.4,0.014018448000000001,0.5555555560000001,0.6,0.017253972,1
584.9157104492188,0.4,0.014018448000000001,0.5555555560000001,0.8,0.015717338,1
13.201634407043455,0.4,0.014018448000000001,0.5555555560000001,0.6,0.018447213,1
177.25,0.4,0.014018448000000001,0.5555555560000001,0.6,0.009416036485004466,1
37.18999862670898,0.4,0.014018448000000001,0.5555555560000001,0.6,0.013314138,1
24.209999084472656,0.4,0.014018448000000001,0.5555555560000001,0.4,0.014243651000000001,1
22.09000015258789,0.4,0.014018448000000001,0.5555555560000001,0.2,0.045143255,0
36.560001373291016,0.4,0.014018448000000001,0.5555555560000001,0.4,0.014927643999999999,1
75.56999969482422,0.4,0.008830975,0.644444444,0.8,0.010801071,1
360.8699951171875,0.4,0.008830975,0.644444444,0.6,0.01037817,0
582.6752319335938,0.4,0.008830975,0.644444444,0.8,0.008432396,0
13.0835599899292,0.4,0.008830975,0.644444444,0.6,0.013615306,0
177.13999938964844,0.4,0.008830975,0.644444444,0.6,0.005261234509381276,0
37.29999923706055,0.4,0.008830975,0.644444444,0.8,0.008160434,1
24.290000915527344,0.4,0.008830975,0.644444444,0.6,0.010096073,1
22.399999618530273,0.4,0.008830975,0.644444444,0.4,0.037852713999999996,1
36.79999923706055,0.4,0.008830975,0.644444444,0.6,0.009052378,1
76.56571197509766,0.4,0.009861347,0.7111111109999999,0.8,0.010541122,1
361.7900085449219,0.4,0.009861347,0.7111111109999999,0.6,0.009848034,1
591.2445068359375,0.4,0.009861347,0.7111111109999999,0.8,0.010539112,1
13.333333015441895,0.4,0.009861347,0.7111111109999999,0.6,0.01536495,1
179.6999969482422,0.4,0.009861347,0.7111111109999999,0.8,0.00808219950405949,1
37.84000015258789,0.4,0.009861347,0.7111111109999999,0.8,0.010386244000000001,1
24.46999931335449,0.4,0.009861347,0.7111111109999999,0.8,0.010492547,1
22.280000686645508,0.4,0.009861347,0.7111111109999999,0.4,0.016710666000000002,0
37.16999816894531,0.4,0.009861347,0.7111111109999999,0.8,0.010350517,1
76.55999755859375,0.4,0.009102813000000001,0.7777777779999999,0.6,0.009062315999999999,0
349.25,0.4,0.009102813000000001,0.7777777779999999,0.6,0.015918044,0
589.5108032226562,0.4,0.009102813000000001,0.7777777779999999,0.6,0.010239928,0
13.360581398010256,0.4,0.009102813000000001,0.7777777779999999,0.8,0.013514581000000001,1
180.2400054931641,0.4,0.009102813000000001,0.7777777779999999,0.8,0.007063204694228023,1
38.06999969482422,0.4,0.009102813000000001,0.7777777779999999,1.0,0.011546278,1
24.54999923706055,0.4,0.009102813000000001,0.7777777779999999,1.0,0.008627523,1
22.5,0.4,0.009102813000000001,0.7777777779999999,0.6,0.014875154,1
37.47000122070313,0.4,0.009102813000000001,0.7777777779999999,1.0,0.009048651,1
77.77571105957031,0.6,0.008048319,0.8,0.8,0.012206947,1
357.20001220703125,0.6,0.008048319,0.8,0.6,0.015771582,1
596.0731201171875,0.6,0.008048319,0.8,0.6,0.009534161,1
13.546775817871096,0.6,0.008048319,0.8,0.8,0.012874445,1
181.83999633789062,0.6,0.008048319,0.8,0.8,0.008345041382956775,1
38.41999816894531,0.6,0.008048319,0.8,1.0,0.009101259,1
24.70000076293945,0.6,0.008048319,0.8,1.0,0.005852939000000001,1
22.61000061035156,0.6,0.008048319,0.8,0.6,0.011516881000000001,1
37.61000061035156,0.6,0.008048319,0.8,1.0,0.007785859,1
77.71286010742188,0.8,0.00656538,0.7777777779999999,0.6,0.009570577,0
357.3500061035156,0.8,0.00656538,0.7777777779999999,0.6,0.012195005,1
597.5137329101562,0.8,0.00656538,0.7777777779999999,0.6,0.007003629,1
13.633060455322266,0.8,0.00656538,0.7777777779999999,0.8,0.010076728,1
183.69000244140625,0.8,0.00656538,0.7777777779999999,0.8,0.007425659742216861,1
37.97999954223633,0.8,0.00656538,0.7777777779999999,0.8,0.008831826999999999,0
24.76000022888184,0.8,0.00656538,0.7777777779999999,1.0,0.004504673,1
22.709999084472656,0.8,0.00656538,0.7777777779999999,0.8,0.007715306999999999,1
37.61999893188477,0.8,0.00656538,0.7777777779999999,1.0,0.005738413,1
77.99857330322266,1.0,0.008419995999999999,0.7111111109999999,0.6,0.0067229030000000006,1
353.6499938964844,1.0,0.008419995999999999,0.7111111109999999,0.6,0.014149498,0
601.5276489257812,1.0,0.008419995999999999,0.7111111109999999,0.8,0.007581081999999999,1
13.433242797851562,1.0,0.008419995999999999,0.7111111109999999,0.8,0.011219312,0
183.19000244140625,1.0,0.008419995999999999,0.7111111109999999,0.8,0.007845936018417559,0
37.97000122070313,1.0,0.008419995999999999,0.7111111109999999,0.6,0.008292917,0
24.76000022888184,1.0,0.008419995999999999,0.7111111109999999,0.8,0.003843773,0
22.149999618530273,1.0,0.008419995999999999,0.7111111109999999,0.6,0.009840356,0
37.41999816894531,1.0,0.008419995999999999,0.7111111109999999,0.8,0.0054887830000000006,0
76.76714324951172,1.0,0.006186883000000001,0.5555555560000001,0.4,0.007245269,0
347.3800048828125,1.0,0.006186883000000001,0.5555555560000001,0.4,0.017185483999999997,0
597.2852172851562,1.0,0.006186883000000001,0.5555555560000001,0.6,0.006050279,0
13.374205589294435,1.0,0.006186883000000001,0.5555555560000001,0.6,0.008280164,0
182.9499969482422,1.0,0.006186883000000001,0.5555555560000001,0.6,0.00521759859535738,0
37.86999893188477,1.0,0.006186883000000001,0.5555555560000001,0.4,0.005924213,0
24.5,1.0,0.006186883000000001,0.5555555560000001,0.6,0.004461859,0
21.850000381469727,1.0,0.006186883000000001,0.5555555560000001,0.6,0.011477734,0
37.5099983215332,1.0,0.006186883000000001,0.5555555560000001,0.8,0.003958946,1
75.87857055664062,0.8,0.005495039,0.577777778,0.4,0.009545324,0
349.79998779296875,0.8,0.005495039,0.577777778,0.6,0.011646558000000001,1
598.1644897460938,0.8,0.005495039,0.577777778,0.8,0.0057582430000000006,1
13.7102632522583,0.8,0.005495039,0.577777778,0.6,0.012896898,1
184.25999450683602,0.8,0.005495039,0.577777778,0.6,0.0060486700296484225,1
38.27000045776367,0.8,0.005495039,0.577777778,0.4,0.006821069,1
24.739999771118164,0.8,0.005495039,0.577777778,0.6,0.005767179,1
20.940000534057614,0.8,0.005495039,0.577777778,0.4,0.017832392,0
37.75,0.8,0.005495039,0.577777778,0.8,0.003624393,1
75.03571319580078,0.6,0.007762995,0.4,0.2,0.008591074,0
346.760009765625,0.6,0.007762995,0.4,0.4,0.008832062,0
598.0055541992188,0.6,0.007762995,0.4,0.6,0.003585024,0
13.528610229492188,0.6,0.007762995,0.4,0.4,0.012759562,0
182.7899932861328,0.6,0.007762995,0.4,0.4,0.005868842526680918,0
38.099998474121094,0.6,0.007762995,0.4,0.2,0.005870794,0
24.420000076293945,0.6,0.007762995,0.4,0.4,0.007132072,0
20.32999992370605,0.6,0.007762995,0.4,0.2,0.022680785,0
37.97999954223633,0.6,0.007762995,0.4,0.8,0.004095672,1
75.36428833007812,0.6,0.008584006,0.4,0.4,0.009305236,1
351.7799987792969,0.6,0.008584006,0.4,0.4,0.011643447,1
602.33740234375,0.6,0.008584006,0.4,0.6,0.004550421,1
13.587647438049315,0.6,0.008584006,0.4,0.4,0.01235846,1
183.4499969482422,0.6,0.008584006,0.4,0.4,0.004556224137608394,1
38.13999938964844,0.6,0.008584006,0.4,0.4,0.003790306,1
24.6299991607666,0.6,0.008584006,0.4,0.4,0.008366141,1
20.280000686645508,0.6,0.008584006,0.4,0.0,0.02228811,0
37.68999862670898,0.6,0.008584006,0.4,0.6,0.005569628,0
74.58000183105469,0.4,0.006825166,0.42222222200000004,0.2,0.010651252,0
358.32000732421875,0.4,0.006825166,0.42222222200000004,0.6,0.013290878999999998,1
606.0581665039062,0.4,0.006825166,0.42222222200000004,0.6,0.004442324,1
13.56948184967041,0.4,0.006825166,0.42222222200000004,0.4,0.009694475,0
183.22999572753903,0.4,0.006825166,0.42222222200000004,0.4,0.004251677400664648,0
38.25,0.4,0.006825166,0.42222222200000004,0.6,0.004314480999999999,1
24.6200008392334,0.4,0.006825166,0.42222222200000004,0.4,0.008447329,0
19.979999542236328,0.4,0.006825166,0.42222222200000004,0.0,0.020314958,0
37.540000915527344,0.4,0.006825166,0.42222222200000004,0.6,0.005302315,0
73.90714263916016,0.2,0.00815853,0.5555555560000001,0.2,0.009298077,0
359.79998779296875,0.2,0.00815853,0.5555555560000001,0.8,0.010571073,1
606.1426391601562,0.2,0.00815853,0.5555555560000001,0.8,0.003059647,1
13.578564643859865,0.2,0.00815853,0.5555555560000001,0.6,0.008949374,1
184.05999755859366,0.2,0.00815853,0.5555555560000001,0.6,0.004895615570873439,1
38.5,0.2,0.00815853,0.5555555560000001,0.8,0.005094926,1
24.79999923706055,0.2,0.00815853,0.5555555560000001,0.6,0.0078093780000000005,1
20.34000015258789,0.2,0.00815853,0.5555555560000001,0.2,0.021209771000000002,1
37.47000122070313,0.2,0.00815853,0.5555555560000001,0.4,0.005194222,0
75.38143157958984,0.4,0.008068696,0.533333333,0.4,0.010972667,1
360.1300048828125,0.4,0.008068696,0.533333333,0.8,0.00936124,1
605.6657104492188,0.4,0.008068696,0.533333333,0.6,0.002922589,0
13.51044464111328,0.4,0.008068696,0.533333333,0.4,0.00492726,0
185.2700042724609,0.4,0.008068696,0.533333333,0.6,0.004778328915334221,1
38.95000076293945,0.4,0.008068696,0.533333333,0.8,0.005320095,1
24.76000022888184,0.4,0.008068696,0.533333333,0.4,0.006172769,0
21.34000015258789,0.4,0.008068696,0.533333333,0.4,0.022713095,1
37.86000061035156,0.4,0.008068696,0.533333333,0.4,0.0059962159999999995,1
75.17713928222656,0.4,0.005438642,0.622222222,0.4,0.009293094,0
362.1000061035156,0.4,0.005438642,0.622222222,1.0,0.008717167,1
603.897216796875,0.4,0.005438642,0.622222222,0.6,0.003453432,0
13.56948184967041,0.4,0.005438642,0.622222222,0.6,0.003151326,1
185.1699981689453,0.4,0.005438642,0.622222222,0.6,0.0032907132126321673,0
39.11000061035156,0.4,0.005438642,0.622222222,1.0,0.005253225,1
24.76000022888184,0.4,0.005438642,0.622222222,0.4,0.003585868,0
21.540000915527344,0.4,0.005438642,0.622222222,0.6,0.01876134,1
38.310001373291016,0.4,0.005438642,0.622222222,0.4,0.007154858,1
75.394287109375,0.2,0.00467093,0.5111111110000001,0.4,0.008995007,1
359.7799987792969,0.2,0.00467093,0.5111111110000001,0.8,0.007103216999999999,0
597.4591064453125,0.2,0.00467093,0.5111111110000001,0.4,0.004136854000000001,0
13.501362800598145,0.2,0.00467093,0.5111111110000001,0.4,0.003282554,0
184.25999450683602,0.2,0.00467093,0.5111111110000001,0.4,0.0035514535796947132,0
38.5099983215332,0.2,0.00467093,0.5111111110000001,0.8,0.008111527,0
24.5,0.2,0.00467093,0.5111111110000001,0.2,0.003966137,0
21.690000534057614,0.2,0.00467093,0.5111111110000001,0.8,0.019662218000000002,1
37.77999877929688,0.2,0.00467093,0.5111111110000001,0.4,0.008394649,0
75.89142608642578,0.4,0.012081548999999999,0.622222222,0.6,0.008232457,1
363.8999938964844,0.4,0.012081548999999999,0.622222222,0.8,0.005675265,1
603.5296020507812,0.4,0.012081548999999999,0.622222222,0.4,0.004933516,1
13.678474426269533,0.4,0.012081548999999999,0.622222222,0.6,0.005638781,1
186.44000244140625,0.4,0.012081548999999999,0.622222222,0.6,0.0056778352012553926,1
39.40999984741211,0.4,0.012081548999999999,0.622222222,0.8,0.012208821000000002,1
24.61000061035156,0.4,0.012081548999999999,0.622222222,0.4,0.004782913,1
21.57999992370605,0.4,0.012081548999999999,0.622222222,0.8,0.017717925,0
38.40999984741211,0.4,0.012081548999999999,0.622222222,0.6,0.010933798,1
76.05142974853516,0.6,0.009500829,0.577777778,0.8,0.0068497259999999996,1
372.3699951171875,0.6,0.009500829,0.577777778,0.8,0.009504324,1
605.1937866210938,0.6,0.009500829,0.577777778,0.4,0.005457124,1
13.59673023223877,0.6,0.009500829,0.577777778,0.4,0.006700134,0
187.13999938964844,0.6,0.009500829,0.577777778,0.6,0.005522776539064168,1
39.5,0.6,0.009500829,0.577777778,0.8,0.011358368999999998,1
24.5,0.6,0.009500829,0.577777778,0.2,0.004214651,0
21.059999465942386,0.6,0.009500829,0.577777778,0.6,0.018933596,0
38.11000061035156,0.6,0.009500829,0.577777778,0.6,0.012122953,0
75.82142639160156,0.6,0.012432473999999999,0.577777778,0.6,0.003465018,0
372.1600036621094,0.6,0.012432473999999999,0.577777778,0.6,0.009433666,0
605.8644409179688,0.6,0.012432473999999999,0.577777778,0.6,0.005521392,1
13.664850234985352,0.6,0.012432473999999999,0.577777778,0.6,0.006698793000000001,1
187.63999938964844,0.6,0.012432473999999999,0.577777778,0.6,0.004742339875386828,1
39.459999084472656,0.6,0.012432473999999999,0.577777778,0.6,0.009223239,0
24.6299991607666,0.6,0.012432473999999999,0.577777778,0.4,0.004953295999999999,1
21.450000762939453,0.6,0.012432473999999999,0.577777778,0.6,0.012804471000000001,1
38.150001525878906,0.6,0.012432473999999999,0.577777778,0.6,0.010251215,1
75.77714538574219,0.8,0.012718573,0.533333333,0.6,0.003039798,0
372.05999755859375,0.8,0.012718573,0.533333333,0.4,0.00839336,0
603.4700317382812,0.8,0.012718573,0.533333333,0.6,0.005727819,0
13.778383255004885,0.8,0.012718573,0.533333333,0.6,0.0074865240000000005,1
187.67999267578125,0.8,0.012718573,0.533333333,0.8,0.004677010407134913,1
38.83000183105469,0.8,0.012718573,0.533333333,0.4,0.011594766000000001,0
24.63999938964844,0.8,0.012718573,0.533333333,0.6,0.0050344990000000004,1
21.25,0.8,0.012718573,0.533333333,0.4,0.012794858000000001,0
37.900001525878906,0.8,0.012718573,0.533333333,0.4,0.009184646999999999,0
75.84571075439453,0.8,0.015059828,0.5555555560000001,0.6,0.0026430679999999997,1
370.5299987792969,0.8,0.015059828,0.5555555560000001,0.4,0.007934389,0
601.8704223632812,0.8,0.015059828,0.5555555560000001,0.6,0.0041257690000000005,0
13.578564643859865,0.8,0.015059828,0.5555555560000001,0.6,0.009382986,0
186.38999938964844,0.8,0.015059828,0.5555555560000001,0.8,0.005068799051766442,0
38.86000061035156,0.8,0.015059828,0.5555555560000001,0.6,0.008680999,1
24.84000015258789,0.8,0.015059828,0.5555555560000001,0.8,0.004557719,1
21.149999618530273,0.8,0.015059828,0.5555555560000001,0.2,0.012343284,0
37.81999969482422,0.8,0.015059828,0.5555555560000001,0.4,0.006839906,0
76.58428192138672,0.6,0.010969458,0.5111111110000001,0.6,0.0032718590000000002,1
368.8200073242188,0.6,0.010969458,0.5111111110000001,0.2,0.006567101,0
596.1177978515625,0.6,0.010969458,0.5111111110000001,0.4,0.004005247,0
13.58310604095459,0.6,0.010969458,0.5111111110000001,0.6,0.006826265,1
186.75999450683602,0.6,0.010969458,0.5111111110000001,0.8,0.003099580494830945,1
38.900001525878906,0.6,0.010969458,0.5111111110000001,0.6,0.004212752,1
24.729999542236328,0.6,0.010969458,0.5111111110000001,0.6,0.004545428,0
22.020000457763672,0.6,0.010969458,0.5111111110000001,0.4,0.019555945,1
38.02000045776367,0.6,0.010969458,0.5111111110000001,0.4,0.004562447,1
76.6585693359375,0.4,0.010623001000000002,0.5111111110000001,0.6,0.003044196,1
370.6400146484375,0.4,0.010623001000000002,0.5111111110000001,0.2,0.00289891,1
599.7492065429688,0.4,0.010623001000000002,0.5111111110000001,0.4,0.004672116,1
13.437784194946287,0.4,0.010623001000000002,0.5111111110000001,0.6,0.007770785,0
186.22000122070312,0.4,0.010623001000000002,0.5111111110000001,0.6,0.0029269470714845106,0
38.52000045776367,0.4,0.010623001000000002,0.5111111110000001,0.4,0.005709748000000001,0
24.76000022888184,0.4,0.010623001000000002,0.5111111110000001,0.8,0.003894103,1
21.68000030517578,0.4,0.010623001000000002,0.5111111110000001,0.4,0.017824767,0
38.27000045776367,0.4,0.010623001000000002,0.5111111110000001,0.6,0.004315455,1
75.80714416503906,0.2,0.01027047,0.4,0.6,0.004660677,0
371.510009765625,0.2,0.01027047,0.4,0.4,0.003255579,1
590.6881713867188,0.2,0.01027047,0.4,0.2,0.007472091,0
13.128973960876465,0.2,0.01027047,0.4,0.4,0.011364928,0
183.8999938964844,0.2,0.01027047,0.4,0.4,0.004884272128065617,0
37.650001525878906,0.2,0.01027047,0.4,0.4,0.01002434,0
24.56999969482422,0.2,0.01027047,0.4,0.6,0.004367623,0
21.299999237060547,0.2,0.01027047,0.4,0.2,0.017626595,0
37.88999938964844,0.2,0.01027047,0.4,0.4,0.006091427,0
74.9557113647461,0.2,0.012455731999999999,0.37777777799999995,0.6,0.006790186,0
373.739990234375,0.2,0.012455731999999999,0.37777777799999995,0.6,0.004402331,1
582.6106567382812,0.2,0.012455731999999999,0.37777777799999995,0.2,0.009416631,0
13.201634407043455,0.2,0.012455731999999999,0.37777777799999995,0.4,0.01081012,1
182.2100067138672,0.2,0.012455731999999999,0.37777777799999995,0.2,0.006679585983419382,0
37.599998474121094,0.2,0.012455731999999999,0.37777777799999995,0.4,0.007096867,0
24.5,0.2,0.012455731999999999,0.37777777799999995,0.4,0.004856218,0
21.1299991607666,0.2,0.012455731999999999,0.37777777799999995,0.2,0.017358031,0
37.70000076293945,0.2,0.012455731999999999,0.37777777799999995,0.4,0.005783707,0
75.24857330322266,0.4,0.011940144,0.5111111110000001,0.6,0.007390646999999999,1
375.0400085449219,0.4,0.011940144,0.5111111110000001,0.8,0.004275565,1
592.1983032226562,0.4,0.011940144,0.5111111110000001,0.4,0.012177763999999999,1
13.387828826904295,0.4,0.011940144,0.5111111110000001,0.6,0.010730433000000001,1
185.80999755859366,0.4,0.011940144,0.5111111110000001,0.4,0.009256387133505965,1
38.22000122070313,0.4,0.011940144,0.5111111110000001,0.4,0.010240241,1
24.70000076293945,0.4,0.011940144,0.5111111110000001,0.4,0.004865494000000001,1
21.399999618530273,0.4,0.011940144,0.5111111110000001,0.4,0.018972463999999998,1
38.04999923706055,0.4,0.011940144,0.5111111110000001,0.6,0.00721829,1
75.9142837524414,0.4,0.014556068,0.577777778,0.6,0.007212449,1
378.7699890136719,0.4,0.014556068,0.577777778,1.0,0.005341678000000001,1
601.7164306640625,0.4,0.014556068,0.577777778,0.6,0.013480688999999999,1
13.878292083740234,0.4,0.014556068,0.577777778,0.6,0.017990544,1
186.80999755859366,0.4,0.014556068,0.577777778,0.4,0.00993574371159231,1
38.84000015258789,0.4,0.014556068,0.577777778,0.4,0.013278738,1
24.81999969482422,0.4,0.014556068,0.577777778,0.6,0.004951472,1
21.809999465942386,0.4,0.014556068,0.577777778,0.4,0.01457728,1
39.54999923706055,0.4,0.014556068,0.577777778,0.6,0.014045007,1
75.894287109375,0.4,0.018992351,0.5111111110000001,0.4,0.007071129000000001,0
373.2300109863281,0.4,0.018992351,0.5111111110000001,0.8,0.007279989000000001,0
595.750244140625,0.4,0.018992351,0.5111111110000001,0.4,0.014245391999999999,0
14.359673500061035,0.4,0.018992351,0.5111111110000001,0.8,0.022787986,1
184.7100067138672,0.4,0.018992351,0.5111111110000001,0.4,0.011605732471698159,0
38.54999923706055,0.4,0.018992351,0.5111111110000001,0.4,0.012818315,0
25.020000457763672,0.4,0.018992351,0.5111111110000001,0.6,0.0063204559999999995,1
21.780000686645508,0.4,0.018992351,0.5111111110000001,0.4,0.011764268999999999,0
39.27000045776367,0.4,0.018992351,0.5111111110000001,0.4,0.014145833,0
75.52857208251953,0.4,0.016101504,0.5555555560000001,0.4,0.005813534,0
368.9700012207031,0.4,0.016101504,0.5555555560000001,0.6,0.009093313,0
594.7119750976562,0.4,0.016101504,0.5555555560000001,0.4,0.011572342,0
14.29609489440918,0.4,0.016101504,0.5555555560000001,0.8,0.019077353000000002,0
187.8999938964844,0.4,0.016101504,0.5555555560000001,0.6,0.012568097232226409,1
38.36999893188477,0.4,0.016101504,0.5555555560000001,0.4,0.009235041,0
25.43000030517578,0.4,0.016101504,0.5555555560000001,0.8,0.008063095,1
21.739999771118164,0.4,0.016101504,0.5555555560000001,0.4,0.008626041999999999,0
40.33000183105469,0.4,0.016101504,0.5555555560000001,0.6,0.017558468,1
76.12428283691406,0.4,0.013740715,0.577777778,0.6,0.005144666,1
360.6199951171875,0.4,0.013740715,0.577777778,0.4,0.012418934,0
587.6975708007812,0.4,0.013740715,0.577777778,0.4,0.011196316999999999,0
14.509536743164062,0.4,0.013740715,0.577777778,0.8,0.020956498,1
186.6699981689453,0.4,0.013740715,0.577777778,0.6,0.012039358220140543,0
37.5,0.4,0.013740715,0.577777778,0.4,0.013504208,0
25.170000076293945,0.4,0.013740715,0.577777778,0.8,0.009538128,0
21.799999237060547,0.4,0.013740715,0.577777778,0.6,0.00758177,1
40.15999984741211,0.4,0.013740715,0.577777778,0.6,0.017398626,0
77.02714538574219,0.4,0.014636858999999999,0.46666666700000003,0.6,0.006735314,1
351.8500061035156,0.4,0.014636858999999999,0.46666666700000003,0.2,0.016587093,0
575.2236938476562,0.4,0.014636858999999999,0.46666666700000003,0.2,0.012150045,0
14.364213943481445,0.4,0.014636858999999999,0.46666666700000003,0.6,0.020138855,0
188.25,0.4,0.014636858999999999,0.46666666700000003,0.6,0.009780712756311273,1
38.18000030517578,0.4,0.014636858999999999,0.46666666700000003,0.4,0.013832988999999999,1
25.1200008392334,0.4,0.014636858999999999,0.46666666700000003,0.6,0.008302761,0
21.57999992370605,0.4,0.014636858999999999,0.46666666700000003,0.4,0.0070444999999999995,0
40.5,0.4,0.014636858999999999,0.46666666700000003,0.6,0.017235098,1
77.855712890625,0.6,0.008760117,0.42222222200000004,0.6,0.007117315,1
354.7099914550781,0.6,0.008760117,0.42222222200000004,0.2,0.016223667,1
575.6161499023438,0.6,0.008760117,0.42222222200000004,0.2,0.009071991,1
14.786558151245115,0.6,0.008760117,0.42222222200000004,0.6,0.018692358,1
195.0399932861328,0.6,0.008760117,0.42222222200000004,0.6,0.01591814869698106,1
38.400001525878906,0.6,0.008760117,0.42222222200000004,0.4,0.011741062,1
25.459999084472656,0.6,0.008760117,0.42222222200000004,0.6,0.010038102,1
21.40999984741211,0.6,0.008760117,0.42222222200000004,0.2,0.0047882590000000004,0
40.34000015258789,0.6,0.008760117,0.42222222200000004,0.4,0.010140858,0
77.1114273071289,0.6,0.006448683,0.42222222200000004,0.6,0.008976595,0
343.4100036621094,0.6,0.006448683,0.42222222200000004,0.2,0.019669816,0
562.3275756835939,0.6,0.006448683,0.42222222200000004,0.2,0.011706101000000002,0
14.691189765930176,0.6,0.006448683,0.42222222200000004,0.4,0.013045106,0
192.6199951171875,0.6,0.006448683,0.42222222200000004,0.6,0.016151425277819428,0
39.08000183105469,0.6,0.006448683,0.42222222200000004,0.6,0.01378942,1
25.3799991607666,0.6,0.006448683,0.42222222200000004,0.4,0.009054928,0
21.530000686645508,0.6,0.006448683,0.42222222200000004,0.4,0.005634146,1
39.790000915527344,0.6,0.006448683,0.42222222200000004,0.4,0.011451753,0
76.77999877929688,0.6,0.008842163,0.4,0.6,0.008872455,0
338.4700012207031,0.6,0.008842163,0.4,0.2,0.020264065,0
555.4060668945311,0.6,0.008842163,0.4,0.2,0.013819278,0
14.50045394897461,0.6,0.008842163,0.4,0.4,0.014756192,0
189.8300018310547,0.6,0.008842163,0.4,0.4,0.015594264699908062,0
39.2400016784668,0.6,0.008842163,0.4,0.8,0.013674398,1
25.309999465942386,0.6,0.008842163,0.4,0.2,0.006329165,0
21.649999618530273,0.6,0.008842163,0.4,0.6,0.006381542,1
39.36000061035156,0.6,0.008842163,0.4,0.2,0.008214572,0
76.69428253173828,0.4,0.010837132,0.488888889,0.4,0.007518288000000001,0
338.2900085449219,0.4,0.010837132,0.488888889,0.2,0.015844305,0
556.927734375,0.4,0.010837132,0.488888889,0.4,0.0120083,1
14.550408363342285,0.4,0.010837132,0.488888889,0.4,0.01245918,1
190.4499969482422,0.4,0.010837132,0.488888889,0.6,0.014938273064652181,1
39.56999969482422,0.4,0.010837132,0.488888889,1.0,0.010821558,1
25.6200008392334,0.4,0.010837132,0.488888889,0.4,0.006733969,1
22.049999237060547,0.4,0.010837132,0.488888889,0.6,0.009524715999999999,1
40.29999923706055,0.4,0.010837132,0.488888889,0.4,0.012147933,1
76.67713928222656,0.4,0.009105171,0.533333333,0.2,0.0051909190000000004,0
336.3699951171875,0.4,0.009105171,0.533333333,0.2,0.012115593999999999,0
553.9242553710939,0.4,0.009105171,0.533333333,0.4,0.00884189,0
14.695731163024902,0.4,0.009105171,0.533333333,0.6,0.012453553999999999,1
192.4900054931641,0.4,0.009105171,0.533333333,0.6,0.015387747745665481,1
40.90999984741211,0.4,0.009105171,0.533333333,1.0,0.013967698,1
25.809999465942386,0.4,0.009105171,0.533333333,0.6,0.007819883,1
22.09000015258789,0.4,0.009105171,0.533333333,0.8,0.007869193,1
40.9900016784668,0.4,0.009105171,0.533333333,0.4,0.013879035,1
77.37857055664062,0.2,0.015070575,0.577777778,0.2,0.004869125,1
342.989990234375,0.2,0.015070575,0.577777778,0.2,0.014426048,1
564.0585327148438,0.2,0.015070575,0.577777778,0.4,0.012364521000000002,1
15.090826988220215,0.2,0.015070575,0.577777778,0.6,0.011950063,1
194.5,0.2,0.015070575,0.577777778,0.6,0.01026235786820306,1
41.4900016784668,0.2,0.015070575,0.577777778,1.0,0.015650757,1
25.989999771118164,0.2,0.015070575,0.577777778,0.6,0.006507700999999999,1
22.899999618530273,0.2,0.015070575,0.577777778,1.0,0.01362729,1
41.41999816894531,0.2,0.015070575,0.577777778,0.6,0.015186968,1
77.50714111328125,0.4,0.018894866,0.6,0.4,0.003289479,1
341.9599914550781,0.4,0.018894866,0.6,0.2,0.008655253,0
563.8993530273438,0.4,0.018894866,0.6,0.4,0.0078037969999999995,0
15.263397216796875,0.4,0.018894866,0.6,0.8,0.012947216999999999,1
193.5500030517578,0.4,0.018894866,0.6,0.6,0.008757678027815591,0
41.13000106811523,0.4,0.018894866,0.6,0.8,0.01384445,0
25.88999938964844,0.4,0.018894866,0.6,0.6,0.006648794,0
22.93000030517578,0.4,0.018894866,0.6,1.0,0.012768325,1
41.349998474121094,0.4,0.018894866,0.6,0.6,0.012798148999999998,0
76.97000122070312,0.4,0.019368565,0.622222222,0.4,0.003815909,0
333.6199951171875,0.4,0.019368565,0.622222222,0.2,0.010655986000000001,0
566.6243896484375,0.4,0.019368565,0.622222222,0.6,0.006308559,1
14.98637580871582,0.4,0.019368565,0.622222222,0.8,0.013980494,0
192.69000244140625,0.4,0.019368565,0.622222222,0.6,0.006749449361531761,0
40.36999893188477,0.4,0.019368565,0.622222222,0.6,0.016721226999999998,0
26.40999984741211,0.4,0.019368565,0.622222222,0.8,0.01011418,1
23.290000915527344,0.4,0.019368565,0.622222222,1.0,0.014793608,1
41.0099983215332,0.4,0.019368565,0.622222222,0.6,0.012281298999999999,0
75.97428894042969,0.4,0.017875245,0.46666666700000003,0.4,0.006179905,0
323.0,0.4,0.017875245,0.46666666700000003,0.2,0.016916151,0
540.1698608398439,0.4,0.017875245,0.46666666700000003,0.4,0.015098199999999999,0
14.822888374328613,0.4,0.017875245,0.46666666700000003,0.6,0.015473303999999998,0
191.7700042724609,0.4,0.017875245,0.46666666700000003,0.4,0.007051138219729439,0
39.97999954223633,0.4,0.017875245,0.46666666700000003,0.4,0.016971405,0
26.15999984741211,0.4,0.017875245,0.46666666700000003,0.6,0.009557767,0
22.79999923706055,0.4,0.017875245,0.46666666700000003,0.8,0.01530629,0
39.86999893188477,0.4,0.017875245,0.46666666700000003,0.4,0.013064501000000001,0
74.78142547607422,0.2,0.01948691,0.42222222200000004,0.4,0.009275377,0
317.760009765625,0.2,0.01948691,0.42222222200000004,0.2,0.019025598,0
535.2071533203125,0.2,0.01948691,0.42222222200000004,0.4,0.015857074,0
14.850135803222654,0.2,0.01948691,0.42222222200000004,0.6,0.013843436,1
194.5200042724609,0.2,0.01948691,0.42222222200000004,0.4,0.007776853563670939,1
39.47000122070313,0.2,0.01948691,0.42222222200000004,0.2,0.012749864,0
26.489999771118164,0.2,0.01948691,0.42222222200000004,0.6,0.010597496000000001,1
23.15999984741211,0.2,0.01948691,0.42222222200000004,0.8,0.01810137,1
39.79999923706055,0.2,0.01948691,0.42222222200000004,0.2,0.009991311,0
74.77714538574219,0.2,0.018682844,0.333333333,0.2,0.0074572530000000005,0
327.07000732421875,0.2,0.018682844,0.333333333,0.2,0.020949226,1
551.8655395507811,0.2,0.018682844,0.333333333,0.4,0.018423013000000002,1
14.736602783203125,0.2,0.018682844,0.333333333,0.4,0.009995471,0
193.2899932861328,0.2,0.018682844,0.333333333,0.2,0.0069531018708563885,0
40.2400016784668,0.2,0.018682844,0.333333333,0.2,0.013816061999999999,1
26.90999984741211,0.2,0.018682844,0.333333333,0.6,0.012373694,1
23.040000915527344,0.2,0.018682844,0.333333333,0.6,0.011804,0
39.81999969482422,0.2,0.018682844,0.333333333,0.2,0.00799376,1
75.76000213623047,0.2,0.012377363,0.46666666700000003,0.2,0.009753699000000001,1
331.80999755859375,0.2,0.012377363,0.46666666700000003,0.4,0.023247082000000002,1
561.0549926757811,0.2,0.012377363,0.46666666700000003,0.6,0.021696896,1
14.85921859741211,0.2,0.012377363,0.46666666700000003,0.4,0.009372482,1
196.63999938964844,0.2,0.012377363,0.46666666700000003,0.4,0.009442541860878177,1
40.88000106811523,0.2,0.012377363,0.46666666700000003,0.4,0.015261613,1
26.979999542236328,0.2,0.012377363,0.46666666700000003,0.8,0.012124415,1
23.43000030517578,0.2,0.012377363,0.46666666700000003,0.6,0.014927397,1
40.47000122070313,0.2,0.012377363,0.46666666700000003,0.4,0.010920458999999999,1
74.7828598022461,0.4,0.00951419,0.444444444,0.2,0.010947233,0
317.1099853515625,0.4,0.00951419,0.444444444,0.4,0.027229821,0
537.9918212890625,0.4,0.00951419,0.444444444,0.4,0.028951757,0
14.895549774169922,0.4,0.00951419,0.444444444,0.6,0.0062316080000000005,1
195.67999267578125,0.4,0.00951419,0.444444444,0.4,0.009530292394790349,0
39.790000915527344,0.4,0.00951419,0.444444444,0.4,0.016898685,0
26.43000030517578,0.4,0.00951419,0.444444444,0.6,0.012184505,0
24.18000030517578,0.4,0.00951419,0.444444444,0.6,0.018189449,1
39.36000061035156,0.4,0.00951419,0.444444444,0.4,0.014761508000000001,0
74.2300033569336,0.4,0.009433677,0.46666666700000003,0.2,0.009838524,0
311.7300109863281,0.4,0.009433677,0.46666666700000003,0.4,0.024256427,0
527.6984252929689,0.4,0.009433677,0.46666666700000003,0.4,0.023440767,0
14.736602783203125,0.4,0.009433677,0.46666666700000003,0.6,0.006183948000000001,0
195.19000244140625,0.4,0.009433677,0.46666666700000003,0.4,0.009076200350912635,0
38.97999954223633,0.4,0.009433677,0.46666666700000003,0.4,0.019037941,0
26.18000030517578,0.4,0.009433677,0.46666666700000003,0.6,0.012183072,0
24.25,0.4,0.009433677,0.46666666700000003,0.8,0.014560608999999999,1
39.209999084472656,0.4,0.009433677,0.46666666700000003,0.4,0.009964094,0
74.52571105957031,0.4,0.008694523000000001,0.5555555560000001,0.4,0.007495081,1
315.9100036621094,0.4,0.008694523000000001,0.5555555560000001,0.6,0.023693653999999998,1
529.60791015625,0.4,0.008694523000000001,0.5555555560000001,0.6,0.022327008,1
14.940962791442873,0.4,0.008694523000000001,0.5555555560000001,0.6,0.008589811,1
197.7700042724609,0.4,0.008694523000000001,0.5555555560000001,0.4,0.008851761329003945,1
39.56999969482422,0.4,0.008694523000000001,0.5555555560000001,0.6,0.019513868,1
26.559999465942386,0.4,0.008694523000000001,0.5555555560000001,0.6,0.01256311,1
24.29999923706055,0.4,0.008694523000000001,0.5555555560000001,0.8,0.011815073,1
39.18000030517578,0.4,0.008694523000000001,0.5555555560000001,0.4,0.00976597,0
73.9942855834961,0.4,0.004845562,0.5555555560000001,0.4,0.008909786999999999,0
316.0799865722656,0.4,0.004845562,0.5555555560000001,0.6,0.017941501999999998,1
533.5064697265625,0.4,0.004845562,0.5555555560000001,0.6,0.017574228,1
14.709355354309082,0.4,0.004845562,0.5555555560000001,0.6,0.010161062,0
197.0200042724609,0.4,0.004845562,0.5555555560000001,0.4,0.008345555388084411,0
39.72999954223633,0.4,0.004845562,0.5555555560000001,0.6,0.016420861000000002,1
26.770000457763672,0.4,0.004845562,0.5555555560000001,0.6,0.010973433999999999,1
23.399999618530273,0.4,0.004845562,0.5555555560000001,0.8,0.018186218,0
39.75,0.4,0.004845562,0.5555555560000001,0.4,0.012575112,1
74.144287109375,0.4,0.00795934,0.533333333,0.4,0.006686465999999999,1
323.67999267578125,0.4,0.00795934,0.533333333,0.6,0.019851959,1
553.49658203125,0.4,0.00795934,0.533333333,0.6,0.021737764,1
14.754768371582033,0.4,0.00795934,0.533333333,0.6,0.009114434,1
196.3999938964844,0.4,0.00795934,0.533333333,0.2,0.0055086430303214065,0
40.13000106811523,0.4,0.00795934,0.533333333,0.6,0.01525355,1
26.93000030517578,0.4,0.00795934,0.533333333,0.6,0.011648551000000002,1
24.13999938964844,0.4,0.00795934,0.533333333,0.8,0.021125591000000003,1
40.400001525878906,0.4,0.00795934,0.533333333,0.4,0.012580861,1
74.9914321899414,0.4,0.009514442,0.5555555560000001,0.6,0.006392018,1
324.9100036621094,0.4,0.009514442,0.5555555560000001,0.8,0.011751476,1
533.1683349609375,0.4,0.009514442,0.5555555560000001,0.6,0.020861798,0
14.50045394897461,0.4,0.009514442,0.5555555560000001,0.4,0.012072646000000001,0
190.00999450683602,0.4,0.009514442,0.5555555560000001,0.2,0.011039360508811612,0
40.08000183105469,0.4,0.009514442,0.5555555560000001,0.6,0.010170054,0
27.040000915527344,0.4,0.009514442,0.5555555560000001,0.8,0.008388399,1
23.90999984741211,0.4,0.009514442,0.5555555560000001,0.6,0.016629089,0
40.0099983215332,0.4,0.009514442,0.5555555560000001,0.4,0.009026022,0
75.88143157958984,0.6,0.011511526000000001,0.644444444,0.8,0.007287056,1
330.8699951171875,0.6,0.011511526000000001,0.644444444,1.0,0.012027051,1
525.729248046875,0.6,0.011511526000000001,0.644444444,0.6,0.019825719,0
14.504995346069336,0.6,0.011511526000000001,0.644444444,0.6,0.01000113,1
192.2700042724609,0.6,0.011511526000000001,0.644444444,0.4,0.012917385324888078,1
40.2400016784668,0.6,0.011511526000000001,0.644444444,0.8,0.006897075,1
26.95000076293945,0.6,0.011511526000000001,0.644444444,0.8,0.0071622909999999994,0
23.86000061035156,0.6,0.011511526000000001,0.644444444,0.4,0.01646833,0
39.93999862670898,0.6,0.011511526000000001,0.644444444,0.4,0.00861373,0
75.95714569091797,0.8,0.015866923999999998,0.5555555560000001,0.8,0.006689881999999999,1
329.32000732421875,0.8,0.015866923999999998,0.5555555560000001,0.8,0.010282164,0
531.8854370117189,0.8,0.015866923999999998,0.5555555560000001,0.6,0.021443978,1
14.4277925491333,0.8,0.015866923999999998,0.5555555560000001,0.4,0.008292127,0
192.1499938964844,0.8,0.015866923999999998,0.5555555560000001,0.2,0.01039864068557484,0
40.459999084472656,0.8,0.015866923999999998,0.5555555560000001,0.8,0.004963307,1
26.84000015258789,0.8,0.015866923999999998,0.5555555560000001,0.6,0.00507565,0
23.190000534057607,0.8,0.015866923999999998,0.5555555560000001,0.2,0.021672059,0
39.9900016784668,0.8,0.015866923999999998,0.5555555560000001,0.6,0.008711105,1
74.96428680419922,0.8,0.014294103,0.444444444,0.8,0.007877989,0
324.5799865722656,0.8,0.014294103,0.444444444,0.6,0.013053221,0
524.0584716796875,0.8,0.014294103,0.444444444,0.4,0.022914836,0
14.414169311523438,0.8,0.014294103,0.444444444,0.4,0.005380673000000001,0
191.72999572753903,0.8,0.014294103,0.444444444,0.2,0.010077340486686959,0
39.790000915527344,0.8,0.014294103,0.444444444,0.6,0.0074665190000000005,0
26.75,0.8,0.014294103,0.444444444,0.4,0.004164959,0
22.76000022888184,0.8,0.014294103,0.444444444,0.2,0.017973152,0
39.68999862670898,0.8,0.014294103,0.444444444,0.4,0.007301849,0
81.11000061035156,0.6,0.012635561000000002,0.355555556,0.8,0.023868926000000002,1
337.1499938964844,0.6,0.012635561000000002,0.355555556,0.6,0.015989707,1
522.2882080078125,0.6,0.012635561000000002,0.355555556,0.2,0.016096574,0
14.532243728637695,0.6,0.012635561000000002,0.355555556,0.4,0.006401512,1
190.22000122070312,0.6,0.012635561000000002,0.355555556,0.2,0.011023078239878541,0
39.75,0.6,0.012635561000000002,0.355555556,0.4,0.005653979,0
26.75,0.6,0.012635561000000002,0.355555556,0.2,0.002969592,0
22.540000915527344,0.6,0.012635561000000002,0.355555556,0.0,0.013581578,0
39.86000061035156,0.6,0.012635561000000002,0.355555556,0.4,0.00488805,1
81.7057113647461,0.4,0.01223626,0.333333333,0.8,0.023052696,1
303.8299865722656,0.4,0.01223626,0.333333333,0.4,0.034995378,0
513.3572998046875,0.4,0.01223626,0.333333333,0.2,0.012171098,0
14.341507911682127,0.4,0.01223626,0.333333333,0.4,0.0055792969999999996,0
189.6300048828125,0.4,0.01223626,0.333333333,0.2,0.0051362808449495955,0
39.45000076293945,0.4,0.01223626,0.333333333,0.4,0.006914223000000001,0
26.26000022888184,0.4,0.01223626,0.333333333,0.0,0.005816204,0
22.38999938964844,0.4,0.01223626,0.333333333,0.0,0.013007011,0
39.90999984741211,0.4,0.01223626,0.333333333,0.6,0.003208215,1
84.87000274658203,0.4,0.010938268000000001,0.37777777799999995,0.8,0.028424675,1
296.5799865722656,0.4,0.010938268000000001,0.37777777799999995,0.2,0.03609908,0
514.3219604492189,0.4,0.010938268000000001,0.37777777799999995,0.4,0.009756401,1
14.618528366088867,0.4,0.010938268000000001,0.37777777799999995,0.4,0.009379857,1
193.13999938964844,0.4,0.010938268000000001,0.37777777799999995,0.2,0.006459388335614243,1
40.13000106811523,0.4,0.010938268000000001,0.37777777799999995,0.4,0.009563224,1
26.32999992370605,0.4,0.010938268000000001,0.37777777799999995,0.2,0.005683651,1
22.21999931335449,0.4,0.010938268000000001,0.37777777799999995,0.0,0.014107318999999998,0
40.86999893188477,0.4,0.010938268000000001,0.37777777799999995,0.8,0.007669124,1
84.61856842041016,0.4,0.005614048000000001,0.42222222200000004,0.6,0.028817633,0
300.3800048828125,0.4,0.005614048000000001,0.42222222200000004,0.4,0.037724722999999995,1
524.8142700195311,0.4,0.005614048000000001,0.42222222200000004,0.4,0.011494495,1
14.96821117401123,0.4,0.005614048000000001,0.42222222200000004,0.6,0.013099462,1
195.1100006103516,0.4,0.005614048000000001,0.42222222200000004,0.4,0.008374525355657242,1
40.11000061035156,0.4,0.005614048000000001,0.42222222200000004,0.2,0.008569476,0
26.479999542236328,0.4,0.005614048000000001,0.42222222200000004,0.4,0.006006701,1
22.79999923706055,0.4,0.005614048000000001,0.42222222200000004,0.2,0.013711746,1
40.5099983215332,0.4,0.005614048000000001,0.42222222200000004,0.6,0.00918042,0
84.29856872558594,0.6,0.007751231999999999,0.533333333,0.6,0.026959706,0
304.1300048828125,0.6,0.007751231999999999,0.533333333,0.6,0.037342888,1
523.7799682617189,0.6,0.007751231999999999,0.533333333,0.4,0.008945551999999999,0
15.01362419128418,0.6,0.007751231999999999,0.533333333,0.8,0.013517407,1
196.47000122070312,0.6,0.007751231999999999,0.533333333,0.6,0.009331454786703126,1
40.88000106811523,0.6,0.007751231999999999,0.533333333,0.4,0.009097016,1
26.690000534057607,0.6,0.007751231999999999,0.533333333,0.6,0.00692217,1
22.60000038146973,0.6,0.007751231999999999,0.533333333,0.2,0.011757624,0
40.400001525878906,0.6,0.007751231999999999,0.533333333,0.6,0.008223089,0
84.49714660644531,0.8,0.00605641,0.5555555560000001,0.6,0.011034459,1
307.8900146484375,0.8,0.00605641,0.5555555560000001,0.6,0.032070123,1
528.4443359375,0.8,0.00605641,0.5555555560000001,0.6,0.010050995,1
14.822888374328613,0.8,0.00605641,0.5555555560000001,0.6,0.014419933000000001,0
193.52999877929688,0.8,0.00605641,0.5555555560000001,0.6,0.010749154584576405,0
40.97000122070313,0.8,0.00605641,0.5555555560000001,0.6,0.009336269,1
26.45000076293945,0.8,0.00605641,0.5555555560000001,0.6,0.008720594,0
22.65999984741211,0.8,0.00605641,0.5555555560000001,0.4,0.010355383000000001,1
40.0,0.8,0.00605641,0.5555555560000001,0.4,0.009346646,0
84.65428924560547,0.8,0.005276541,0.577777778,0.6,0.00993751,1
308.010009765625,0.8,0.005276541,0.577777778,0.8,0.012382381999999999,1
525.0430297851561,0.8,0.005276541,0.577777778,0.6,0.00791837,0
14.754768371582033,0.8,0.005276541,0.577777778,0.6,0.012714051,0
191.44000244140625,0.8,0.005276541,0.577777778,0.6,0.012288692172827676,0
40.810001373291016,0.8,0.005276541,0.577777778,0.6,0.008607898000000001,0
26.40999984741211,0.8,0.005276541,0.577777778,0.6,0.005359509,0
23.0,0.8,0.005276541,0.577777778,0.6,0.012025286000000001,1
39.68999862670898,0.8,0.005276541,0.577777778,0.2,0.010645779,0
85.85142517089844,0.6,0.004703678,0.5111111110000001,0.6,0.005020222,1
310.04998779296875,0.6,0.004703678,0.5111111110000001,1.0,0.008934594,1
524.9237060546875,0.6,0.004703678,0.5111111110000001,0.4,0.007587998,0
14.759309768676758,0.6,0.004703678,0.5111111110000001,0.6,0.008912411,1
191.25999450683602,0.6,0.004703678,0.5111111110000001,0.4,0.00877480892874707,0
41.209999084472656,0.6,0.004703678,0.5111111110000001,0.6,0.007120787,1
26.170000076293945,0.6,0.004703678,0.5111111110000001,0.4,0.006643873000000001,0
22.559999465942386,0.6,0.004703678,0.5111111110000001,0.6,0.014332842,0
39.43000030517578,0.6,0.004703678,0.5111111110000001,0.0,0.007145104,0
84.91571807861328,0.4,0.00578159,0.4,0.6,0.006607535,0
297.3800048828125,0.4,0.00578159,0.4,0.8,0.014544899999999998,0
512.322998046875,0.4,0.00578159,0.4,0.2,0.008308911,0
14.591280937194824,0.4,0.00578159,0.4,0.4,0.0064052269999999994,0
190.02999877929688,0.4,0.00578159,0.4,0.2,0.008021039479130222,0
41.0099983215332,0.4,0.00578159,0.4,0.6,0.007991751,0
26.20000076293945,0.4,0.00578159,0.4,0.4,0.0057337659999999995,1
22.489999771118164,0.4,0.00578159,0.4,0.4,0.009732885,0
39.060001373291016,0.4,0.00578159,0.4,0.0,0.007260155999999999,0
84.61856842041016,0.4,0.006730295,0.37777777799999995,0.6,0.00655107,0
292.7099914550781,0.4,0.006730295,0.37777777799999995,0.6,0.015188833999999998,0
507.1712951660156,0.4,0.006730295,0.37777777799999995,0.2,0.009925867,0
14.677565574645994,0.4,0.006730295,0.37777777799999995,0.4,0.006981121,1
189.3000030517578,0.4,0.006730295,0.37777777799999995,0.0,0.007395248720576614,0
41.060001373291016,0.4,0.006730295,0.37777777799999995,0.6,0.004396165,1
26.3700008392334,0.4,0.006730295,0.37777777799999995,0.4,0.005445367,1
21.959999084472656,0.4,0.006730295,0.37777777799999995,0.4,0.012691721000000001,0
39.41999816894531,0.4,0.006730295,0.37777777799999995,0.2,0.008560396999999999,1
83.99857330322266,0.2,0.008249270999999999,0.311111111,0.4,0.0075453280000000005,0
288.32000732421875,0.2,0.008249270999999999,0.311111111,0.4,0.015715746000000003,0
508.2056274414063,0.2,0.008249270999999999,0.311111111,0.2,0.008552709,1
14.636693954467773,0.2,0.008249270999999999,0.311111111,0.4,0.004997211,0
188.91000366210938,0.2,0.008249270999999999,0.311111111,0.0,0.004814466644609645,0
40.86999893188477,0.2,0.008249270999999999,0.311111111,0.4,0.004881338,0
26.34000015258789,0.2,0.008249270999999999,0.311111111,0.4,0.0038744779999999998,0
21.530000686645508,0.2,0.008249270999999999,0.311111111,0.2,0.016076949,0
39.63999938964844,0.2,0.008249270999999999,0.311111111,0.4,0.007696383,1
83.64857482910156,0.2,0.008855409,0.37777777799999995,0.2,0.008006724,0
292.239990234375,0.2,0.008855409,0.37777777799999995,0.4,0.018356988,1
515.893310546875,0.2,0.008855409,0.37777777799999995,0.4,0.010290841,1
14.695731163024902,0.2,0.008855409,0.37777777799999995,0.6,0.0048847940000000005,1
190.0800018310547,0.2,0.008855409,0.37777777799999995,0.2,0.0038932816866101374,1
41.040000915527344,0.2,0.008855409,0.37777777799999995,0.6,0.004932195,1
26.29999923706055,0.2,0.008855409,0.37777777799999995,0.4,0.003875742,0
21.6299991607666,0.2,0.008855409,0.37777777799999995,0.2,0.014004987,1
39.540000915527344,0.2,0.008855409,0.37777777799999995,0.4,0.006650909,0
84.69000244140625,0.4,0.010570884,0.488888889,0.2,0.007668436999999999,1
302.8599853515625,0.4,0.010570884,0.488888889,0.4,0.024300366,1
527.0221557617189,0.4,0.010570884,0.488888889,0.6,0.014559786000000002,1
14.904632568359375,0.4,0.010570884,0.488888889,0.6,0.007666256999999999,1
192.57000732421875,0.4,0.010570884,0.488888889,0.4,0.006325180174491421,1
41.95000076293945,0.4,0.010570884,0.488888889,0.6,0.007406599,1
26.3700008392334,0.4,0.010570884,0.488888889,0.6,0.0025905810000000002,1
21.950000762939453,0.4,0.010570884,0.488888889,0.4,0.013137764,1
39.97000122070313,0.4,0.010570884,0.488888889,0.6,0.007515778000000001,1
84.82286071777344,0.4,0.010128772,0.622222222,0.4,0.00580236,1
304.6400146484375,0.4,0.010128772,0.622222222,0.6,0.017302981999999998,1
530.1748046875,0.4,0.010128772,0.622222222,0.8,0.010955218999999999,1
15.113533020019533,0.4,0.010128772,0.622222222,0.8,0.008192498000000001,1
192.19000244140625,0.4,0.010128772,0.622222222,0.4,0.00543364408577655,0
41.88999938964844,0.4,0.010128772,0.622222222,0.6,0.006722019,0
26.45000076293945,0.4,0.010128772,0.622222222,0.6,0.0029680559999999997,1
22.229999542236328,0.4,0.010128772,0.622222222,0.6,0.015068441,1
40.41999816894531,0.4,0.010128772,0.622222222,0.8,0.007890713,1
84.83856964111328,0.4,0.007097839,0.577777778,0.6,0.00513953,1
297.6199951171875,0.4,0.007097839,0.577777778,0.6,0.018770941,0
523.77001953125,0.4,0.007097839,0.577777778,0.8,0.011360206999999999,0
14.97275161743164,0.4,0.007097839,0.577777778,0.6,0.008872795,0
188.72000122070312,0.4,0.007097839,0.577777778,0.4,0.008276359997832352,0
41.88000106811523,0.4,0.007097839,0.577777778,0.4,0.006525896999999999,0
26.32999992370605,0.4,0.007097839,0.577777778,0.4,0.002577724,0
22.290000915527344,0.4,0.007097839,0.577777778,0.8,0.010895051999999999,1
40.2400016784668,0.4,0.007097839,0.577777778,0.6,0.0069380430000000005,0
84.11714172363281,0.4,0.00711349,0.577777778,0.6,0.005374849,0
295.19000244140625,0.4,0.00711349,0.577777778,0.6,0.017404346,0
517.1365356445311,0.4,0.00711349,0.577777778,0.6,0.013485299999999999,0
14.718438148498535,0.4,0.00711349,0.577777778,0.6,0.011712886,0
186.4600067138672,0.4,0.00711349,0.577777778,0.4,0.01025939310047298,0
41.93000030517578,0.4,0.00711349,0.577777778,0.6,0.005839184,1
26.01000022888184,0.4,0.00711349,0.577777778,0.4,0.004780872,0
22.76000022888184,0.4,0.00711349,0.577777778,1.0,0.011195987,1
39.599998474121094,0.4,0.00711349,0.577777778,0.4,0.009002781999999999,0
85.35857391357422,0.4,0.006957578000000001,0.6,0.8,0.00749318,1
297.70001220703125,0.4,0.006957578000000001,0.6,0.6,0.016385763,1
517.782958984375,0.4,0.006957578000000001,0.6,0.6,0.010709878999999999,1
14.768392562866213,0.4,0.006957578000000001,0.6,0.6,0.011584985,1
187.05999755859366,0.4,0.006957578000000001,0.6,0.4,0.009664269798045258,1
41.68999862670898,0.4,0.006957578000000001,0.6,0.4,0.006152041,0
25.81999969482422,0.4,0.006957578000000001,0.6,0.4,0.005938126,0
23.32999992370605,0.4,0.006957578000000001,0.6,1.0,0.015275849,1
39.83000183105469,0.4,0.006957578000000001,0.6,0.6,0.009659882,1
86.37000274658203,0.4,0.005259939,0.5111111110000001,0.8,0.007373009,1
296.760009765625,0.4,0.005259939,0.5111111110000001,0.4,0.009749276999999999,0
525.9679565429689,0.4,0.005259939,0.5111111110000001,0.6,0.009557036,1
15.036330223083494,0.4,0.005259939,0.5111111110000001,0.6,0.012370492,1
187.0,0.4,0.005259939,0.5111111110000001,0.2,0.0071084624789683965,0
42.15999984741211,0.4,0.005259939,0.5111111110000001,0.4,0.0039720879999999995,1
26.040000915527344,0.4,0.005259939,0.5111111110000001,0.4,0.007109909,1
23.13999938964844,0.4,0.005259939,0.5111111110000001,0.8,0.01394579,0
39.75,0.4,0.005259939,0.5111111110000001,0.4,0.007886584,0
86.38714599609375,0.4,0.006062936,0.444444444,0.8,0.007098954,1
301.19000244140625,0.4,0.006062936,0.444444444,0.4,0.01155937,1
526.8729858398439,0.4,0.006062936,0.444444444,0.6,0.008704774,1
14.895549774169922,0.4,0.006062936,0.444444444,0.4,0.011439868,0
184.88999938964844,0.4,0.006062936,0.444444444,0.2,0.008970480886065856,0
41.560001373291016,0.4,0.006062936,0.444444444,0.4,0.006532319,0
26.040000915527344,0.4,0.006062936,0.444444444,0.2,0.0065031590000000005,0
23.56999969482422,0.4,0.006062936,0.444444444,0.8,0.015111059,1
39.68000030517578,0.4,0.006062936,0.444444444,0.2,0.00598711,0
86.61571502685547,0.4,0.009030293,0.577777778,0.8,0.007591088,1
305.010009765625,0.4,0.009030293,0.577777778,0.6,0.009487248,1
535.9927978515625,0.4,0.009030293,0.577777778,0.8,0.009750534,1
14.768392562866213,0.4,0.009030293,0.577777778,0.4,0.011284202,0
186.38999938964844,0.4,0.009030293,0.577777778,0.4,0.00698205613162842,1
41.68000030517578,0.4,0.009030293,0.577777778,0.6,0.007062056,1
26.20000076293945,0.4,0.009030293,0.577777778,0.4,0.006824658000000001,1
24.45000076293945,0.4,0.009030293,0.577777778,0.8,0.022038363999999998,1
40.349998474121094,0.4,0.009030293,0.577777778,0.4,0.008473486,1
86.75285339355469,0.6,0.007663657,0.577777778,1.0,0.00620704,1
304.9100036621094,0.6,0.007663657,0.577777778,0.6,0.007919874,0
542.079345703125,0.6,0.007663657,0.577777778,1.0,0.009488689,1
14.432333946228027,0.6,0.007663657,0.577777778,0.4,0.012438236,0
185.67999267578125,0.6,0.007663657,0.577777778,0.4,0.005348829959610281,0
41.52000045776367,0.6,0.007663657,0.577777778,0.4,0.007591036,0
26.149999618530273,0.6,0.007663657,0.577777778,0.4,0.004775661,0
24.40999984741211,0.6,0.007663657,0.577777778,0.6,0.018148438,0
40.099998474121094,0.6,0.007663657,0.577777778,0.4,0.006531714,0
87.73285675048828,0.8,0.007275219,0.622222222,1.0,0.005514665,1
312.239990234375,0.8,0.007275219,0.622222222,0.6,0.011027235,1
549.6775512695311,0.8,0.007275219,0.622222222,1.0,0.012042043999999998,1
15.31335163116455,0.8,0.007275219,0.622222222,0.4,0.023968378999999998,1
185.94000244140625,0.8,0.007275219,0.622222222,0.4,0.0049853323681290345,1
42.150001525878906,0.8,0.007275219,0.622222222,0.6,0.00948095,1
26.290000915527344,0.8,0.007275219,0.622222222,0.6,0.0043854359999999995,1
24.520000457763672,0.8,0.007275219,0.622222222,0.6,0.014040928999999999,1
40.11999893188477,0.8,0.007275219,0.622222222,0.4,0.005469833,1
89.37571716308594,0.8,0.009022146,0.622222222,1.0,0.006889973000000001,1
310.82000732421875,0.8,0.009022146,0.622222222,0.6,0.011305271,0
562.8551025390625,0.8,0.009022146,0.622222222,1.0,0.013675136000000001,1
15.03178882598877,0.8,0.009022146,0.622222222,0.2,0.024017201000000002,0
184.77999877929688,0.8,0.009022146,0.622222222,0.4,0.0061689026767364815,0
41.90999984741211,0.8,0.009022146,0.622222222,0.4,0.008365004,0
26.709999084472656,0.8,0.009022146,0.622222222,0.6,0.005876438,1
25.18000030517578,0.8,0.009022146,0.622222222,0.8,0.017795479,1
40.18999862670898,0.8,0.009022146,0.622222222,0.6,0.005417069,1
89.144287109375,1.0,0.008973306,0.6,0.8,0.007368156999999999,0
310.1600036621094,1.0,0.008973306,0.6,0.4,0.008744384000000001,0
558.6084594726561,1.0,0.008973306,0.6,0.8,0.014839962,0
15.145322799682615,1.0,0.008973306,0.6,0.4,0.023655247999999997,1
183.0800018310547,1.0,0.008973306,0.6,0.4,0.005752240217842748,0
41.56999969482422,1.0,0.008973306,0.6,0.4,0.007141237,0
26.8799991607666,1.0,0.008973306,0.6,0.8,0.00714937,1
25.31999969482422,1.0,0.008973306,0.6,0.8,0.015190957,1
40.0099983215332,1.0,0.008973306,0.6,0.6,0.005960616,0
90.76856994628906,1.0,0.007662026999999999,0.577777778,0.8,0.010483149,1
313.7799987792969,1.0,0.007662026999999999,0.577777778,0.4,0.00854205,1
557.0172119140625,1.0,0.007662026999999999,0.577777778,0.6,0.011947817,0
15.277020454406738,1.0,0.007662026999999999,0.577777778,0.6,0.02368705,1
183.75999450683602,1.0,0.007662026999999999,0.577777778,0.4,0.004872490459291087,1
42.20000076293945,1.0,0.007662026999999999,0.577777778,0.4,0.009594801,1
26.959999084472656,1.0,0.007662026999999999,0.577777778,0.8,0.006515730999999999,1
24.81999969482422,1.0,0.007662026999999999,0.577777778,0.6,0.011673276000000002,0
40.34000015258789,1.0,0.007662026999999999,0.577777778,0.6,0.004233206,1
90.42857360839844,1.0,0.008339144,0.6,0.6,0.010915639,0
312.54998779296875,1.0,0.008339144,0.6,0.4,0.00926047,0
556.8282470703125,1.0,0.008339144,0.6,0.4,0.009744535,0
15.213441848754885,1.0,0.008339144,0.6,0.6,0.019968341,0
184.3600006103516,1.0,0.008339144,0.6,0.6,0.0047636721542718115,1
42.02000045776367,1.0,0.008339144,0.6,0.4,0.009680129,0
27.31999969482422,1.0,0.008339144,0.6,1.0,0.00880467,1
24.81999969482422,1.0,0.008339144,0.6,0.6,0.01134607,0
40.93999862670898,1.0,0.008339144,0.6,0.8,0.005968755,1
89.80714416503906,0.8,0.008530115,0.42222222200000004,0.4,0.010030749,0
308.8399963378906,0.8,0.008530115,0.42222222200000004,0.2,0.006826518,0
550.90087890625,0.8,0.008530115,0.42222222200000004,0.2,0.009070155,0
15.181653022766113,0.8,0.008530115,0.42222222200000004,0.4,0.008177303,0
185.69000244140625,0.8,0.008530115,0.42222222200000004,0.6,0.005926441151342018,1
41.97000122070313,0.8,0.008530115,0.42222222200000004,0.2,0.006883421,0
27.26000022888184,0.8,0.008530115,0.42222222200000004,0.8,0.008173149000000001,0
24.790000915527344,0.8,0.008530115,0.42222222200000004,0.4,0.010686526000000002,0
40.790000915527344,0.8,0.008530115,0.42222222200000004,0.6,0.006601770999999999,0
91.07714080810548,0.8,0.007433906,0.4,0.4,0.009113882,1
307.19000244140625,0.8,0.007433906,0.4,0.2,0.0069854819999999995,0
541.9600219726561,0.8,0.007433906,0.4,0.0,0.007521412,0
15.299727439880373,0.8,0.007433906,0.4,0.6,0.006055441,1
184.3699951171875,0.8,0.007433906,0.4,0.6,0.006100455161556935,0
41.810001373291016,0.8,0.007433906,0.4,0.2,0.006507071,0
27.65999984741211,0.8,0.007433906,0.4,0.8,0.007912731999999999,1
25.440000534057607,0.8,0.007433906,0.4,0.4,0.010547213,1
40.290000915527344,0.8,0.007433906,0.4,0.4,0.008704401,0
92.1171417236328,0.8,0.005520206,0.42222222200000004,0.6,0.010879781000000002,1
306.7799987792969,0.8,0.005520206,0.42222222200000004,0.2,0.006827735,0
541.6815185546875,0.8,0.005520206,0.42222222200000004,0.0,0.006115223,0
15.331517219543455,0.8,0.005520206,0.42222222200000004,0.6,0.004960416,1
184.50999450683602,0.8,0.005520206,0.42222222200000004,0.8,0.004412300342865618,1
41.70000076293945,0.8,0.005520206,0.42222222200000004,0.2,0.005410739,0
27.60000038146973,0.8,0.005520206,0.42222222200000004,0.6,0.0070736359999999995,0
25.26000022888184,0.8,0.005520206,0.42222222200000004,0.2,0.010850321000000001,0
40.31999969482422,0.8,0.005520206,0.42222222200000004,0.6,0.007957568,1
92.47856903076172,0.6,0.006165463,0.444444444,0.6,0.008020326999999999,1
323.57000732421875,0.6,0.006165463,0.444444444,0.2,0.01543942,1
550.8710327148439,0.6,0.006165463,0.444444444,0.2,0.008938463,1
15.381471633911133,0.6,0.006165463,0.444444444,0.6,0.0038729520000000003,1
185.97999572753903,0.6,0.006165463,0.444444444,0.8,0.005262874635253951,1
42.099998474121094,0.6,0.006165463,0.444444444,0.2,0.004298156,1
27.65999984741211,0.6,0.006165463,0.444444444,0.6,0.0069131769999999995,1
24.899999618530273,0.6,0.006165463,0.444444444,0.2,0.009751235,0
41.209999084472656,0.6,0.006165463,0.444444444,0.6,0.010722651000000001,1
92.22428894042969,0.4,0.005635214,0.5111111110000001,0.6,0.0078211,0
329.6700134277344,0.4,0.005635214,0.5111111110000001,0.4,0.018425864,1
553.2877197265625,0.4,0.005635214,0.5111111110000001,0.4,0.00974802,1
15.367847442626953,0.4,0.005635214,0.5111111110000001,0.6,0.00321776,0
186.3699951171875,0.4,0.005635214,0.5111111110000001,0.8,0.0050292415758841115,1
42.63000106811523,0.4,0.005635214,0.5111111110000001,0.4,0.005962901,1
28.170000076293945,0.4,0.005635214,0.5111111110000001,0.6,0.007930186,1
24.56999969482422,0.4,0.005635214,0.5111111110000001,0.2,0.012401836999999999,0
41.47999954223633,0.4,0.005635214,0.5111111110000001,0.6,0.009058307,1
93.6999969482422,0.6,0.005534147,0.577777778,0.8,0.009646949,1
327.5,0.6,0.005534147,0.577777778,0.4,0.017368325,0
559.0460815429689,0.6,0.005534147,0.577777778,0.6,0.009700552,1
15.322434425354006,0.6,0.005534147,0.577777778,0.6,0.0033908690000000003,0
186.22000122070312,0.6,0.005534147,0.577777778,0.6,0.0037473739146873923,0
42.70000076293945,0.6,0.005534147,0.577777778,0.6,0.0060533290000000005,1
27.90999984741211,0.6,0.005534147,0.577777778,0.6,0.009336889000000001,0
24.85000038146973,0.6,0.005534147,0.577777778,0.4,0.014439313999999998,1
41.27000045776367,0.6,0.005534147,0.577777778,0.6,0.009338071,0
94.25,0.4,0.0071267959999999995,0.5555555560000001,0.8,0.00799264,1
332.4100036621094,0.4,0.0071267959999999995,0.5555555560000001,0.6,0.01929829,1
557.484619140625,0.4,0.0071267959999999995,0.5555555560000001,0.6,0.007013264,0
15.263397216796875,0.4,0.0071267959999999995,0.5555555560000001,0.4,0.002605979,0
184.2899932861328,0.4,0.0071267959999999995,0.5555555560000001,0.6,0.004398467271571208,0
42.65999984741211,0.4,0.0071267959999999995,0.5555555560000001,0.6,0.005478238000000001,0
28.239999771118164,0.4,0.0071267959999999995,0.5555555560000001,0.6,0.008766932,1
24.82999992370605,0.4,0.0071267959999999995,0.5555555560000001,0.2,0.009356237,0
41.11000061035156,0.4,0.0071267959999999995,0.5555555560000001,0.6,0.00766187,0
93.86000061035156,0.2,0.010156566,0.488888889,0.6,0.006536444000000001,0
335.20001220703125,0.2,0.010156566,0.488888889,0.8,0.020710007,1
555.7839965820311,0.2,0.010156566,0.488888889,0.6,0.007520594,0
15.099908828735352,0.2,0.010156566,0.488888889,0.2,0.004332647,0
182.25,0.2,0.010156566,0.488888889,0.4,0.0064604942011305825,0
42.560001373291016,0.2,0.010156566,0.488888889,0.6,0.005420861,0
27.93000030517578,0.2,0.010156566,0.488888889,0.6,0.01052856,0
24.79999923706055,0.2,0.010156566,0.488888889,0.2,0.008182789000000001,0
40.86000061035156,0.2,0.010156566,0.488888889,0.4,0.008729205,0
92.29000091552734,0.4,0.009555365,0.37777777799999995,0.4,0.009097139,0
325.9100036621094,0.4,0.009555365,0.37777777799999995,0.6,0.015307011,0
548.3349609375,0.4,0.009555365,0.37777777799999995,0.4,0.006808186,0
15.163487434387207,0.4,0.009555365,0.37777777799999995,0.2,0.004523096,1
181.22000122070312,0.4,0.009555365,0.37777777799999995,0.2,0.005997397420305509,0
42.0,0.4,0.009555365,0.37777777799999995,0.4,0.006133992,0
27.959999084472656,0.4,0.009555365,0.37777777799999995,0.6,0.010308595,1
24.8700008392334,0.4,0.009555365,0.37777777799999995,0.4,0.0058969569999999995,1
40.58000183105469,0.4,0.009555365,0.37777777799999995,0.2,0.005685053000000001,0
91.27999877929688,0.4,0.009458344,0.42222222200000004,0.4,0.010735975,0
326.2699890136719,0.4,0.009458344,0.42222222200000004,0.6,0.011757482,1
548.7427368164061,0.4,0.009458344,0.42222222200000004,0.4,0.006079513000000001,1
15.967302322387695,0.4,0.009458344,0.42222222200000004,0.4,0.014947925,1
182.55999755859366,0.4,0.009458344,0.42222222200000004,0.2,0.007056859547365181,1
42.13999938964844,0.4,0.009458344,0.42222222200000004,0.4,0.004282829,1
29.8700008392334,0.4,0.009458344,0.42222222200000004,0.6,0.020283346,1
25.40999984741211,0.4,0.009458344,0.42222222200000004,0.6,0.007588928000000001,1
41.22999954223633,0.4,0.009458344,0.42222222200000004,0.2,0.0075782259999999995,1
92.1999969482422,0.2,0.009853517,0.46666666700000003,0.4,0.009551486999999999,1
327.6199951171875,0.2,0.009853517,0.46666666700000003,0.8,0.011268545,1
541.3036499023439,0.2,0.009853517,0.46666666700000003,0.2,0.006709326,0
15.849227905273438,0.2,0.009853517,0.46666666700000003,0.4,0.015835863999999998,0
182.3500061035156,0.2,0.009853517,0.46666666700000003,0.2,0.00712594797137253,0
42.150001525878906,0.2,0.009853517,0.46666666700000003,0.4,0.004001894000000001,1
30.01000022888184,0.2,0.009853517,0.46666666700000003,0.8,0.019374799999999998,1
25.65999984741211,0.2,0.009853517,0.46666666700000003,0.6,0.00727745,1
41.5,0.2,0.009853517,0.46666666700000003,0.4,0.007875423000000001,1
92.08000183105469,0.4,0.010608589,0.488888889,0.2,0.008637815,0
325.6199951171875,0.4,0.010608589,0.488888889,0.6,0.009490996,0
540.0405883789061,0.4,0.010608589,0.488888889,0.2,0.006617383,0
15.853769302368164,0.4,0.010608589,0.488888889,0.6,0.015122573,1
182.25999450683602,0.4,0.010608589,0.488888889,0.2,0.005151846350563868,0
42.31999969482422,0.4,0.010608589,0.488888889,0.6,0.00462117,1
29.95000076293945,0.4,0.010608589,0.488888889,0.6,0.01740992,0
25.88999938964844,0.4,0.010608589,0.488888889,0.8,0.00890915,1
41.68000030517578,0.4,0.010608589,0.488888889,0.6,0.007967513,1
92.18000030517578,0.6,0.010436868,0.577777778,0.4,0.008027429,1
334.3800048828125,0.6,0.010436868,0.577777778,0.6,0.013192852,1
550.3439331054689,0.6,0.010436868,0.577777778,0.4,0.009823044,1
15.76294231414795,0.6,0.010436868,0.577777778,0.6,0.014126153999999998,0
183.6000061035156,0.6,0.010436868,0.577777778,0.4,0.004408391186294729,1
42.810001373291016,0.6,0.010436868,0.577777778,0.8,0.006468051999999999,1
29.93000030517578,0.6,0.010436868,0.577777778,0.6,0.015348015,0
25.75,0.6,0.010436868,0.577777778,0.8,0.009748995,0
41.650001525878906,0.6,0.010436868,0.577777778,0.6,0.0068952119999999995,0
91.86000061035156,0.4,0.010527413000000001,0.577777778,0.4,0.005376314,0
327.0,0.4,0.010527413000000001,0.577777778,0.6,0.01206403,0
551.8655395507811,0.4,0.010527413000000001,0.577777778,0.6,0.007695459,1
15.658492088317873,0.4,0.010527413000000001,0.577777778,0.4,0.014609312,0
182.82000732421875,0.4,0.010527413000000001,0.577777778,0.4,0.004127748869827039,0
42.5099983215332,0.4,0.010527413000000001,0.577777778,0.8,0.005238023,0
30.09000015258789,0.4,0.010527413000000001,0.577777778,0.6,0.016202361999999998,1
26.18000030517578,0.4,0.010527413000000001,0.577777778,0.8,0.012524275,1
41.5099983215332,0.4,0.010527413000000001,0.577777778,0.6,0.006196969,0
90.91000366210938,0.6,0.011479247,0.488888889,0.4,0.005255915,0
324.20001220703125,0.6,0.011479247,0.488888889,0.4,0.01355565,0
553.3175659179689,0.6,0.011479247,0.488888889,0.6,0.008072951,1
15.540417671203613,0.6,0.011479247,0.488888889,0.2,0.005515452,0
181.5500030517578,0.6,0.011479247,0.488888889,0.2,0.004038236782955397,0
40.81999969482422,0.6,0.011479247,0.488888889,0.6,0.012522423000000001,0
30.20000076293945,0.6,0.011479247,0.488888889,0.6,0.003271118,1
26.36000061035156,0.6,0.011479247,0.488888889,0.8,0.009556799,1
41.68000030517578,0.6,0.011479247,0.488888889,0.6,0.0038125209999999997,1
90.83000183105469,0.8,0.01626937,0.5111111110000001,0.2,0.0034161459999999997,0
327.239990234375,0.8,0.01626937,0.5111111110000001,0.4,0.014603483,1
561.860595703125,0.8,0.01626937,0.5111111110000001,0.8,0.008449561,1
15.676657676696776,0.8,0.01626937,0.5111111110000001,0.4,0.005789863,1
182.13999938964844,0.8,0.01626937,0.5111111110000001,0.4,0.004458139435276028,1
41.099998474121094,0.8,0.01626937,0.5111111110000001,0.6,0.013846823000000001,1
30.229999542236328,0.8,0.01626937,0.5111111110000001,0.6,0.002532394,1
26.18000030517578,0.8,0.01626937,0.5111111110000001,0.6,0.008954778,0
41.9900016784668,0.8,0.01626937,0.5111111110000001,0.6,0.003990324,1
90.27999877929688,0.6,0.018356145,0.46666666700000003,0.2,0.004366913,0
324.1600036621094,0.6,0.018356145,0.46666666700000003,0.4,0.015264958,0
561.5324096679689,0.6,0.018356145,0.46666666700000003,0.8,0.008099708,0
15.417801856994627,0.6,0.018356145,0.46666666700000003,0.2,0.009034992,0
180.8800048828125,0.6,0.018356145,0.46666666700000003,0.4,0.005742960537259133,0
40.7599983215332,0.6,0.018356145,0.46666666700000003,0.4,0.014694691000000001,0
30.5,0.6,0.018356145,0.46666666700000003,0.8,0.003918839,1
26.35000038146973,0.6,0.018356145,0.46666666700000003,0.6,0.00846081,1
41.75,0.6,0.018356145,0.46666666700000003,0.4,0.00426599,0
90.36000061035156,0.4,0.015874309,0.488888889,0.2,0.004326944,1
327.44000244140625,0.4,0.015874309,0.488888889,0.4,0.011908139,1
575.4856567382812,0.4,0.015874309,0.488888889,0.8,0.009253645,1
15.254314422607422,0.4,0.015874309,0.488888889,0.2,0.010009945,0
180.72000122070312,0.4,0.015874309,0.488888889,0.2,0.0044494378196426685,0
40.459999084472656,0.4,0.015874309,0.488888889,0.2,0.01385102,0
30.8799991607666,0.4,0.015874309,0.488888889,1.0,0.006277078,1
26.8799991607666,0.4,0.015874309,0.488888889,0.8,0.011402077,1
42.02999877929688,0.4,0.015874309,0.488888889,0.6,0.005463353000000001,1
90.9000015258789,0.6,0.016531338,0.46666666700000003,0.4,0.004827872,1
325.69000244140625,0.6,0.016531338,0.46666666700000003,0.4,0.008562894,0
572.8501586914062,0.6,0.016531338,0.46666666700000003,0.6,0.009616600999999999,0
15.399636268615724,0.6,0.016531338,0.46666666700000003,0.4,0.010590003,1
180.3699951171875,0.6,0.016531338,0.46666666700000003,0.2,0.0039871122578311905,0
40.150001525878906,0.6,0.016531338,0.46666666700000003,0.2,0.01398183,0
30.78000068664551,0.6,0.016531338,0.46666666700000003,0.8,0.0058555759999999995,0
26.670000076293945,0.6,0.016531338,0.46666666700000003,0.6,0.009624762,0
41.72000122070313,0.6,0.016531338,0.46666666700000003,0.6,0.006266194,0
91.9800033569336,0.6,0.016356362,0.533333333,0.6,0.005135756,1
324.57000732421875,0.6,0.016356362,0.533333333,0.4,0.007538131,0
574.0833740234375,0.6,0.016356362,0.533333333,0.6,0.00952093,1
15.399636268615724,0.6,0.016356362,0.533333333,0.4,0.009081883,0
181.7100067138672,0.6,0.016356362,0.533333333,0.4,0.004083610501057113,1
40.52999877929688,0.6,0.016356362,0.533333333,0.4,0.007923654,1
30.93000030517578,0.6,0.016356362,0.533333333,0.8,0.006099088000000001,1
26.75,0.6,0.016356362,0.533333333,0.6,0.008849589,1
42.25,0.6,0.016356362,0.533333333,0.6,0.007987847,1
92.93000030517578,0.6,0.012573546000000001,0.444444444,0.8,0.007025413,1
324.7799987792969,0.6,0.012573546000000001,0.444444444,0.4,0.005792156,1
572.1340942382812,0.6,0.012573546000000001,0.444444444,0.4,0.007112093000000001,0
15.295186042785645,0.6,0.012573546000000001,0.444444444,0.2,0.008685048,0
181.2700042724609,0.6,0.012573546000000001,0.444444444,0.2,0.003917946677889162,0
40.52999877929688,0.6,0.012573546000000001,0.444444444,0.2,0.006551783,0
30.899999618530273,0.6,0.012573546000000001,0.444444444,0.6,0.006094412,0
27.190000534057607,0.6,0.012573546000000001,0.444444444,0.8,0.010773603999999999,1
41.70000076293945,0.6,0.012573546000000001,0.444444444,0.4,0.009103863,0
93.5199966430664,0.8,0.010333264,0.577777778,1.0,0.007084118,1
332.3900146484375,0.8,0.010333264,0.577777778,0.6,0.008596013000000001,1
579.4837036132812,0.8,0.010333264,0.577777778,0.6,0.009564463,1
15.522252082824707,0.8,0.010333264,0.577777778,0.4,0.008351729,1
186.3500061035156,0.8,0.010333264,0.577777778,0.4,0.008139302248466668,1
40.77000045776367,0.8,0.010333264,0.577777778,0.4,0.006081596999999999,1
30.979999542236328,0.8,0.010333264,0.577777778,0.6,0.004825902,1
27.03000068664551,0.8,0.010333264,0.577777778,0.6,0.010651803999999999,0
41.86999893188477,0.8,0.010333264,0.577777778,0.6,0.008776064,1
93.4800033569336,1.0,0.011006116000000002,0.533333333,0.8,0.0069924159999999996,0
332.8500061035156,1.0,0.011006116000000002,0.533333333,0.6,0.006849099,1
579.1505126953125,1.0,0.011006116000000002,0.533333333,0.4,0.004709756,0
15.38601303100586,1.0,0.011006116000000002,0.533333333,0.4,0.007986370999999999,0
188.38999938964844,1.0,0.011006116000000002,0.533333333,0.6,0.010151806551021809,1
40.95000076293945,1.0,0.011006116000000002,0.533333333,0.6,0.005492573000000001,1
30.979999542236328,1.0,0.011006116000000002,0.533333333,0.4,0.002334105,0
26.75,1.0,0.011006116000000002,0.533333333,0.4,0.008700821,0
41.900001525878906,1.0,0.011006116000000002,0.533333333,0.6,0.007578066,1
94.02999877929688,1.0,0.009911632,0.666666667,0.8,0.006973908000000001,1
337.489990234375,1.0,0.009911632,0.666666667,0.8,0.008568234000000001,1
581.5324096679688,1.0,0.009911632,0.666666667,0.6,0.004616383,1
15.440508842468262,1.0,0.009911632,0.666666667,0.4,0.006789430999999999,1
188.52999877929688,1.0,0.009911632,0.666666667,0.8,0.00991308746721122,1
41.34000015258789,1.0,0.009911632,0.666666667,0.8,0.005864967,1
31.13999938964844,1.0,0.009911632,0.666666667,0.6,0.00271937,1
26.8700008392334,1.0,0.009911632,0.666666667,0.6,0.00803553,1
41.79999923706055,1.0,0.009911632,0.666666667,0.6,0.006580278,0
95.97000122070312,0.8,0.009906065,0.577777778,0.8,0.008724014,1
333.54998779296875,0.8,0.009906065,0.577777778,0.8,0.010215351999999999,0
579.0659790039062,0.8,0.009906065,0.577777778,0.4,0.005034081,0
15.381471633911133,0.8,0.009906065,0.577777778,0.4,0.0075541359999999995,0
188.0399932861328,0.8,0.009906065,0.577777778,0.6,0.008947056896413211,0
40.88999938964844,0.8,0.009906065,0.577777778,0.6,0.006149150999999999,0
31.03000068664551,0.8,0.009906065,0.577777778,0.4,0.002451192,0
27.0,0.8,0.009906065,0.577777778,0.6,0.008403220999999999,1
41.9900016784668,0.8,0.009906065,0.577777778,0.6,0.004948639,1
95.3499984741211,0.6,0.011897483,0.533333333,0.6,0.00795043,0
323.80999755859375,0.6,0.011897483,0.533333333,0.6,0.015926153999999998,0
567.967041015625,0.6,0.011897483,0.533333333,0.4,0.008188381,0
15.213441848754885,0.6,0.011897483,0.533333333,0.4,0.008382441,0
187.22000122070312,0.6,0.011897483,0.533333333,0.6,0.009334912528281841,0
40.560001373291016,0.6,0.011897483,0.533333333,0.6,0.0077632280000000005,0
30.790000915527344,0.6,0.011897483,0.533333333,0.4,0.003804089,0
27.690000534057607,0.6,0.011897483,0.533333333,0.6,0.010224612,1
41.77999877929688,0.6,0.011897483,0.533333333,0.6,0.003345344,0
95.38999938964844,0.6,0.00924837,0.488888889,0.6,0.006764569000000001,1
329.9700012207031,0.6,0.00924837,0.488888889,0.6,0.015044598000000001,1
572.9297485351562,0.6,0.00924837,0.488888889,0.4,0.007366723,1
15.281561851501465,0.6,0.00924837,0.488888889,0.4,0.006308846999999999,1
188.4199981689453,0.6,0.00924837,0.488888889,0.6,0.005011922927302572,1
40.2599983215332,0.6,0.00924837,0.488888889,0.4,0.008058216,0
30.88999938964844,0.6,0.00924837,0.488888889,0.4,0.003935842,1
27.229999542236328,0.6,0.00924837,0.488888889,0.6,0.012370217,0
41.66999816894531,0.6,0.00924837,0.488888889,0.4,0.0030565759999999997,0
95.04000091552734,0.4,0.010279604,0.5111111110000001,0.6,0.007412866,0
327.9200134277344,0.4,0.010279604,0.5111111110000001,0.4,0.016010349,0
567.9769287109375,0.4,0.010279604,0.5111111110000001,0.4,0.008980672,0
15.37238883972168,0.4,0.010279604,0.5111111110000001,0.6,0.005742158000000001,1
187.6999969482422,0.4,0.010279604,0.5111111110000001,0.4,0.003586753092659653,0
40.31999969482422,0.4,0.010279604,0.5111111110000001,0.4,0.0074732819999999995,1
31.26000022888184,0.4,0.010279604,0.5111111110000001,0.6,0.006331445,1
27.309999465942386,0.4,0.010279604,0.5111111110000001,0.8,0.010886026000000002,1
41.68999862670898,0.4,0.010279604,0.5111111110000001,0.4,0.003009258,1
95.22000122070312,0.4,0.011459317,0.488888889,0.6,0.0066149419999999995,1
346.20001220703125,0.4,0.011459317,0.488888889,0.4,0.024371376,1
576.0127563476562,0.4,0.011459317,0.488888889,0.4,0.010987756000000001,1
15.426884651184082,0.4,0.011459317,0.488888889,0.6,0.005742785,1
188.0,0.4,0.011459317,0.488888889,0.4,0.0037577881809601594,1
40.13000106811523,0.4,0.011459317,0.488888889,0.2,0.006510976999999999,0
31.25,0.4,0.011459317,0.488888889,0.4,0.005362502,0
27.93000030517578,0.4,0.011459317,0.488888889,0.8,0.014529291000000001,1
42.09000015258789,0.4,0.011459317,0.488888889,0.6,0.004450853,1
96.4499969482422,0.6,0.016086171,0.622222222,0.6,0.005072076,1
355.32000732421875,0.6,0.016086171,0.622222222,0.6,0.027305118,1
581.671630859375,0.6,0.016086171,0.622222222,0.6,0.012104347,1
15.508628845214846,0.6,0.016086171,0.622222222,0.8,0.006037843,1
189.8600006103516,0.6,0.016086171,0.622222222,0.6,0.005216695233160621,1
40.4900016784668,0.6,0.016086171,0.622222222,0.4,0.006128076999999999,1
31.489999771118164,0.6,0.016086171,0.622222222,0.6,0.006192021999999999,1
28.229999542236328,0.6,0.016086171,0.622222222,0.8,0.015709898,1
42.13999938964844,0.6,0.016086171,0.622222222,0.6,0.0037793320000000003,1
95.31999969482422,0.6,0.013151071,0.688888889,0.6,0.006123177,0
354.44000244140625,0.6,0.013151071,0.688888889,0.6,0.021960251,0
581.5821533203125,0.6,0.013151071,0.688888889,0.6,0.008301719,0
15.508628845214846,0.6,0.013151071,0.688888889,0.8,0.003853009,0
188.4900054931641,0.6,0.013151071,0.688888889,0.6,0.005787712282942415,0
40.540000915527344,0.6,0.013151071,0.688888889,0.6,0.004760971,1
31.709999084472656,0.6,0.013151071,0.688888889,0.8,0.006042399,1
28.34000015258789,0.6,0.013151071,0.688888889,0.8,0.0113781,1
42.45000076293945,0.6,0.013151071,0.688888889,0.8,0.004250373,1
94.77999877929688,0.6,0.013472308,0.688888889,0.4,0.007172301999999999,0
355.8999938964844,0.6,0.013472308,0.688888889,0.6,0.018979378,1
579.4737548828125,0.6,0.013472308,0.688888889,0.4,0.007279241999999999,0
15.81289768218994,0.6,0.013472308,0.688888889,0.8,0.00688135,1
192.3600006103516,0.6,0.013472308,0.688888889,0.6,0.008612114562930245,1
40.2599983215332,0.6,0.013472308,0.688888889,0.6,0.00466303,0
34.650001525878906,0.6,0.013472308,0.688888889,0.8,0.023935909,1
28.420000076293945,0.6,0.013472308,0.688888889,1.0,0.008620166,1
44.08000183105469,0.6,0.013472308,0.688888889,1.0,0.011403431,1
93.08999633789062,0.8,0.012352288000000001,0.622222222,0.4,0.010004634,0
352.45001220703125,0.8,0.012352288000000001,0.622222222,0.6,0.019675585,0
570.5925903320312,0.8,0.012352288000000001,0.622222222,0.4,0.008615549,0
15.635786056518555,0.8,0.012352288000000001,0.622222222,0.6,0.007932728,0
192.4900054931641,0.8,0.012352288000000001,0.622222222,0.8,0.007983031492083428,1
39.90999984741211,0.8,0.012352288000000001,0.622222222,0.4,0.006103651999999999,0
33.700000762939446,0.8,0.012352288000000001,0.622222222,0.6,0.027023716,0
28.01000022888184,0.8,0.012352288000000001,0.622222222,0.8,0.01091787,0
44.52999877929688,0.8,0.012352288000000001,0.622222222,1.0,0.013349163999999998,1
94.43000030517578,0.8,0.011581255,0.644444444,0.4,0.012504788000000001,1
358.6600036621094,0.8,0.011581255,0.644444444,0.6,0.012050423999999999,1
591.8258056640625,0.8,0.011581255,0.644444444,0.4,0.01322843,1
15.808356285095215,0.8,0.011581255,0.644444444,0.6,0.009431094000000001,1
192.5,0.8,0.011581255,0.644444444,0.8,0.007673753647140078,1
40.0,0.8,0.011581255,0.644444444,0.6,0.005612214,1
33.700000762939446,0.8,0.011581255,0.644444444,0.6,0.026959735,0
28.46999931335449,0.8,0.011581255,0.644444444,0.8,0.009661936999999999,1
44.68999862670898,0.8,0.011581255,0.644444444,1.0,0.012148848,1
93.94000244140624,0.8,0.0061442219999999995,0.533333333,0.2,0.010959108,0
359.760009765625,0.8,0.0061442219999999995,0.533333333,0.6,0.007395194,1
586.2465209960938,0.8,0.0061442219999999995,0.533333333,0.2,0.013149035,0
15.676657676696776,0.8,0.0061442219999999995,0.533333333,0.4,0.010037520999999999,0
190.8500061035156,0.8,0.0061442219999999995,0.533333333,0.6,0.0074093089665453644,0
40.0099983215332,0.8,0.0061442219999999995,0.533333333,0.6,0.003868033,1
34.060001373291016,0.8,0.0061442219999999995,0.533333333,0.6,0.027560239,1
28.059999465942386,0.8,0.0061442219999999995,0.533333333,0.6,0.010393939,0
44.84000015258789,0.8,0.0061442219999999995,0.533333333,1.0,0.012582563,1
94.72000122070312,1.0,0.007000126,0.6,0.4,0.010276562,1
360.8399963378906,1.0,0.007000126,0.6,0.8,0.007500255999999999,1
591.4876708984375,1.0,0.007000126,0.6,0.4,0.014906306000000001,1
15.962760925292967,1.0,0.007000126,0.6,0.6,0.013687575,1
194.08999633789062,1.0,0.007000126,0.6,0.8,0.009361471773606337,1
40.43000030517578,1.0,0.007000126,0.6,0.6,0.005720548000000001,1
34.790000915527344,1.0,0.007000126,0.6,0.6,0.030449524,1
27.690000534057607,1.0,0.007000126,0.6,0.4,0.01225182,0
44.83000183105469,1.0,0.007000126,0.6,0.8,0.011155866,0
97.19000244140624,0.8,0.007098658000000001,0.533333333,0.6,0.014358909,1
358.1400146484375,0.8,0.007098658000000001,0.533333333,0.6,0.008172924,0
592.7208862304688,0.8,0.007098658000000001,0.533333333,0.6,0.014598237,1
15.885558128356935,0.8,0.007098658000000001,0.533333333,0.4,0.010730996000000001,0
193.6300048828125,0.8,0.007098658000000001,0.533333333,0.6,0.005729156544504972,0
40.310001373291016,0.8,0.007098658000000001,0.533333333,0.6,0.004932797,0
34.5,0.8,0.007098658000000001,0.533333333,0.4,0.013573613,0
27.04999923706055,0.8,0.007098658000000001,0.533333333,0.2,0.016309865,0
44.86999893188477,0.8,0.007098658000000001,0.533333333,0.8,0.0036546770000000003,1
97.02999877929688,0.8,0.010760674,0.6,0.6,0.01112201,0
358.6099853515625,0.8,0.010760674,0.6,0.8,0.006496638000000001,1
590.1052856445312,0.8,0.010760674,0.6,0.6,0.01241556,0
15.912806510925293,0.8,0.010760674,0.6,0.6,0.008833964,1
195.2400054931641,0.8,0.010760674,0.6,0.6,0.0072569542706539935,1
40.47000122070313,0.8,0.010760674,0.6,0.8,0.003987953,1
34.25,0.8,0.010760674,0.6,0.4,0.009539479,0
27.8799991607666,0.8,0.010760674,0.6,0.4,0.019561356999999998,1
44.400001525878906,0.8,0.010760674,0.6,0.6,0.003707878,0
97.66999816894531,0.8,0.009552399,0.488888889,0.6,0.009562245,1
324.010009765625,0.8,0.009552399,0.488888889,0.6,0.022269456,0
585.7989501953125,0.8,0.009552399,0.488888889,0.4,0.00643256,0
16.08991813659668,0.8,0.009552399,0.488888889,0.6,0.008852615,1
194.3999938964844,0.8,0.009552399,0.488888889,0.4,0.008107061093448942,0
40.33000183105469,0.8,0.009552399,0.488888889,0.6,0.004228804,0
34.25,0.8,0.009552399,0.488888889,0.4,0.009539479,0
27.729999542236328,0.8,0.009552399,0.488888889,0.2,0.01735286,0
44.5,0.8,0.009552399,0.488888889,0.6,0.003439705,1
99.0199966430664,0.8,0.01147714,0.533333333,0.8,0.011288852,1
320.4100036621094,0.8,0.01147714,0.533333333,0.4,0.023878215,0
587.3703002929688,0.8,0.01147714,0.533333333,0.6,0.005083593,1
16.167119979858402,0.8,0.01147714,0.533333333,0.8,0.008146055,1
195.77999877929688,0.8,0.01147714,0.533333333,0.6,0.007812539874943207,1
40.54999923706055,0.8,0.01147714,0.533333333,0.6,0.005269799,1
34.22999954223633,0.8,0.01147714,0.533333333,0.2,0.0075197680000000005,0
27.82999992370605,0.8,0.01147714,0.533333333,0.4,0.015193878999999999,1
43.97000122070313,0.8,0.01147714,0.533333333,0.4,0.005150425,0
98.37999725341795,0.8,0.009624162,0.42222222200000004,0.6,0.010920886999999999,0
320.0,0.8,0.009624162,0.42222222200000004,0.2,0.023533747,0
582.4075927734375,0.8,0.009624162,0.42222222200000004,0.4,0.004985362,0
16.321525573730472,0.8,0.009624162,0.42222222200000004,0.8,0.00640612,1
194.57000732421875,0.8,0.009624162,0.42222222200000004,0.4,0.005653286159893229,0
40.63000106811523,0.8,0.009624162,0.42222222200000004,0.6,0.003564898,1
34.189998626708984,0.8,0.009624162,0.42222222200000004,0.0,0.003466936,0
27.70000076293945,0.8,0.009624162,0.42222222200000004,0.4,0.013490918000000001,0
43.88999938964844,0.8,0.009624162,0.42222222200000004,0.4,0.005469722,0
98.1500015258789,1.0,0.008410025,0.46666666700000003,0.4,0.006173079000000001,0
322.510009765625,1.0,0.008410025,0.46666666700000003,0.4,0.023606005,1
584.2077026367188,1.0,0.008410025,0.46666666700000003,0.4,0.005186535999999999,1
16.39872932434082,1.0,0.008410025,0.46666666700000003,1.0,0.00638487,1
194.0,1.0,0.008410025,0.46666666700000003,0.4,0.0057652029441310785,0
40.959999084472656,1.0,0.008410025,0.46666666700000003,0.8,0.00459569,1
34.34999847412109,1.0,0.008410025,0.46666666700000003,0.2,0.00273573,1
27.059999465942386,1.0,0.008410025,0.46666666700000003,0.4,0.01348925,0
43.58000183105469,1.0,0.008410025,0.46666666700000003,0.2,0.006703894,0
95.5999984741211,0.8,0.0065195769999999995,0.37777777799999995,0.4,0.011039954,0
312.989990234375,0.8,0.0065195769999999995,0.37777777799999995,0.2,0.029247258999999998,0
568.4742431640625,0.8,0.0065195769999999995,0.37777777799999995,0.4,0.009690218,0
16.171661376953125,0.8,0.0065195769999999995,0.37777777799999995,0.8,0.008811147,0
191.6699981689453,0.8,0.0065195769999999995,0.37777777799999995,0.2,0.006504300649422247,0
40.38999938964844,0.8,0.0065195769999999995,0.37777777799999995,0.6,0.006585045,0
33.889999389648445,0.8,0.0065195769999999995,0.37777777799999995,0.2,0.003964761,0
27.06999969482422,0.8,0.0065195769999999995,0.37777777799999995,0.4,0.007426378000000001,1
43.15999984741211,0.8,0.0065195769999999995,0.37777777799999995,0.2,0.006536463,0
96.12999725341795,0.6,0.006899276,0.355555556,0.4,0.010829558999999999,1
307.05999755859375,0.6,0.006899276,0.355555556,0.2,0.013739797,0
562.9744873046875,0.6,0.006899276,0.355555556,0.4,0.010165622,0
15.980926513671875,0.6,0.006899276,0.355555556,0.6,0.008943998,0
189.1499938964844,0.6,0.006899276,0.355555556,0.2,0.008273333354146378,0
39.61000061035156,0.6,0.006899276,0.355555556,0.6,0.009755514,0
33.740001678466804,0.6,0.006899276,0.355555556,0.2,0.004849964,0
27.3799991607666,0.6,0.006899276,0.355555556,0.6,0.008640695,1
42.86000061035156,0.6,0.006899276,0.355555556,0.0,0.0074761919999999996,0
95.58999633789062,0.6,0.006062578000000001,0.4,0.2,0.009188632,0
313.6499938964844,0.6,0.006062578000000001,0.4,0.4,0.015809958,1
570.0157470703125,0.6,0.006062578000000001,0.4,0.4,0.01213059,1
16.044504165649414,0.6,0.006062578000000001,0.4,0.6,0.008780038,1
189.63999938964844,0.6,0.006062578000000001,0.4,0.2,0.007371688346893139,1
40.099998474121094,0.6,0.006062578000000001,0.4,0.6,0.011138638999999999,1
34.049999237060554,0.6,0.006062578000000001,0.4,0.4,0.00657074,1
27.38999938964844,0.6,0.006062578000000001,0.4,0.6,0.007992499,1
43.36999893188477,0.6,0.006062578000000001,0.4,0.2,0.007474009,1
95.12000274658205,0.4,0.00880748,0.37777777799999995,0.2,0.008879318,0
312.32000732421875,0.4,0.00880748,0.37777777799999995,0.4,0.016402104,0
561.9799194335939,0.4,0.00880748,0.37777777799999995,0.4,0.013260295,0
15.926430702209473,0.4,0.00880748,0.37777777799999995,0.4,0.008341743,0
187.1000061035156,0.4,0.00880748,0.37777777799999995,0.2,0.008814368435832384,0
39.959999084472656,0.4,0.00880748,0.37777777799999995,0.4,0.011442306999999999,0
32.81999969482422,0.4,0.00880748,0.37777777799999995,0.4,0.013561688999999998,0
27.60000038146973,0.4,0.00880748,0.37777777799999995,0.8,0.008591675,1
43.08000183105469,0.4,0.00880748,0.37777777799999995,0.2,0.008447433,0
94.95999908447266,0.4,0.008766036,0.37777777799999995,0.2,0.008748177,0
313.8900146484375,0.4,0.008766036,0.37777777799999995,0.4,0.015838731,1
563.2767944335938,0.4,0.008766036,0.37777777799999995,0.4,0.013103671,1
15.912806510925293,0.4,0.008766036,0.37777777799999995,0.2,0.007566796,0
185.97000122070312,0.4,0.008766036,0.37777777799999995,0.2,0.00943636893225908,0
40.15999984741211,0.4,0.008766036,0.37777777799999995,0.4,0.010818906000000001,1
32.84999847412109,0.4,0.008766036,0.37777777799999995,0.4,0.012808551999999999,1
27.729999542236328,0.4,0.008766036,0.37777777799999995,1.0,0.00491275,1
42.7400016784668,0.4,0.008766036,0.37777777799999995,0.2,0.008613281,0
94.4800033569336,0.4,0.006606535,0.4,0.2,0.004562986,0
311.45001220703125,0.4,0.006606535,0.4,0.4,0.011489713,0
560.279296875,0.4,0.006606535,0.4,0.4,0.008781723,0
15.81289768218994,0.4,0.006606535,0.4,0.2,0.006053164000000001,0
184.3000030517578,0.4,0.006606535,0.4,0.2,0.008830291808233174,0
39.66999816894531,0.4,0.006606535,0.4,0.4,0.010475952,0
32.68000030517578,0.4,0.006606535,0.4,0.4,0.011165241999999999,0
28.04999923706055,0.4,0.006606535,0.4,1.0,0.0071468059999999995,1
43.22999954223633,0.4,0.006606535,0.4,0.4,0.008978706,1
94.73999786376952,0.6,0.006286893000000001,0.5111111110000001,0.2,0.004004571,1
316.79998779296875,0.6,0.006286893000000001,0.5111111110000001,0.6,0.011135987,1
565.6597290039062,0.6,0.006286893000000001,0.5111111110000001,0.6,0.00876743,1
15.971843719482422,0.6,0.006286893000000001,0.5111111110000001,0.4,0.00570462,1
186.6300048828125,0.6,0.006286893000000001,0.5111111110000001,0.4,0.00872925594738477,1
39.93999862670898,0.6,0.006286893000000001,0.5111111110000001,0.6,0.007974848,1
32.59999847412109,0.6,0.006286893000000001,0.5111111110000001,0.4,0.010769646,0
28.520000457763672,0.6,0.006286893000000001,0.5111111110000001,1.0,0.008207619000000001,1
43.20000076293945,0.6,0.006286893000000001,0.5111111110000001,0.4,0.00772732,0
95.98999786376952,0.6,0.006490743,0.46666666700000003,0.4,0.005519891,1
318.3299865722656,0.6,0.006490743,0.46666666700000003,0.6,0.007809577,1
564.7745361328125,0.6,0.006490743,0.46666666700000003,0.4,0.006578958,0
15.985467910766602,0.6,0.006490743,0.46666666700000003,0.4,0.005079554,1
187.47000122070312,0.6,0.006490743,0.46666666700000003,0.4,0.009111315672609036,1
39.91999816894531,0.6,0.006490743,0.46666666700000003,0.4,0.005600889,0
33.02000045776367,0.6,0.006490743,0.46666666700000003,0.4,0.011508778,1
28.690000534057607,0.6,0.006490743,0.46666666700000003,1.0,0.009326718000000001,1
43.20000076293945,0.6,0.006490743,0.46666666700000003,0.2,0.005347487,0
95.97000122070312,0.6,0.0055576309999999995,0.533333333,0.4,0.004578202,0
319.32000732421875,0.6,0.0055576309999999995,0.533333333,0.8,0.007583515,1
559.6527099609375,0.6,0.0055576309999999995,0.533333333,0.4,0.005573206999999999,0
15.949136734008787,0.6,0.0055576309999999995,0.533333333,0.4,0.004062282,0
187.33999633789062,0.6,0.0055576309999999995,0.533333333,0.4,0.006571257054453672,0
39.900001525878906,0.6,0.0055576309999999995,0.533333333,0.4,0.005002821,0
33.130001068115234,0.6,0.0055576309999999995,0.533333333,0.6,0.004950378,1
29.59000015258789,0.6,0.0055576309999999995,0.533333333,1.0,0.014067265,1
43.52000045776367,0.6,0.0055576309999999995,0.533333333,0.4,0.00549165,1
97.23999786376952,0.6,0.007578286,0.6,0.6,0.0068884309999999995,1
326.2799987792969,0.6,0.007578286,0.6,0.8,0.010937388999999999,1
571.6368408203125,0.6,0.007578286,0.6,0.4,0.009394372,1
16.030881881713867,0.6,0.007578286,0.6,0.6,0.004916266,1
187.9499969482422,0.6,0.007578286,0.6,0.6,0.006014564706700689,1
40.2400016784668,0.6,0.007578286,0.6,0.4,0.0057060769999999995,1
34.09999847412109,0.6,0.007578286,0.6,0.6,0.010623273999999999,1
29.399999618530273,0.6,0.007578286,0.6,0.8,0.014409463,0
44.08000183105469,0.6,0.007578286,0.6,0.6,0.006486726999999999,1
97.5,0.8,0.007331645,0.644444444,0.8,0.006412251999999999,1
333.2099914550781,0.8,0.007331645,0.644444444,1.0,0.013630584,1
571.507568359375,0.8,0.007331645,0.644444444,0.4,0.008375293,0
16.162578582763672,0.8,0.007331645,0.644444444,0.8,0.0053036,1
187.8800048828125,0.8,0.007331645,0.644444444,0.6,0.004293057541019725,0
40.22000122070313,0.8,0.007331645,0.644444444,0.4,0.0033652359999999997,0
33.939998626708984,0.8,0.007331645,0.644444444,0.6,0.010526693,0
29.1299991607666,0.8,0.007331645,0.644444444,0.6,0.013938233000000001,0
44.27000045776367,0.8,0.007331645,0.644444444,0.6,0.005055865,1
97.9800033569336,0.6,0.007129356999999999,0.622222222,0.8,0.006846504000000001,1
333.6300048828125,0.6,0.007129356999999999,0.622222222,1.0,0.010447158,1
570.3439331054688,0.6,0.007129356999999999,0.622222222,0.2,0.006861884,0
15.926430702209473,0.6,0.007129356999999999,0.622222222,0.6,0.006215422,0
187.3800048828125,0.6,0.007129356999999999,0.622222222,0.4,0.002296824048770212,0
40.27999877929688,0.6,0.007129356999999999,0.622222222,0.4,0.00230235,1
34.169998168945305,0.6,0.007129356999999999,0.622222222,0.8,0.011392416,1
29.88999938964844,0.6,0.007129356999999999,0.622222222,0.6,0.015805056,1
44.790000915527344,0.6,0.007129356999999999,0.622222222,0.8,0.007266301,1
99.16000366210938,0.6,0.006588035,0.688888889,0.8,0.0066163590000000005,1
334.5299987792969,0.6,0.006588035,0.688888889,1.0,0.010020765,1
578.9765014648438,0.6,0.006588035,0.688888889,0.4,0.009576052,1
16.04904556274414,0.6,0.006588035,0.688888889,0.6,0.007584585,1
189.3600006103516,0.6,0.006588035,0.688888889,0.4,0.0035099991066827947,1
40.63999938964844,0.6,0.006588035,0.688888889,0.6,0.003989688,1
34.40999984741211,0.6,0.006588035,0.688888889,0.8,0.010220466999999999,1
30.420000076293945,0.6,0.006588035,0.688888889,0.6,0.018159251,1
45.11000061035156,0.6,0.006588035,0.688888889,1.0,0.00869519,1
100.52999877929688,0.8,0.00539074,0.7777777779999999,1.0,0.009337896,1
335.1300048828125,0.8,0.00539074,0.7777777779999999,1.0,0.009757472,1
583.6507568359375,0.8,0.00539074,0.7777777779999999,0.6,0.009376954,1
16.112625122070312,0.8,0.00539074,0.7777777779999999,0.8,0.007922348000000001,1
190.07000732421875,0.8,0.00539074,0.7777777779999999,0.6,0.004121206511305754,1
41.40999984741211,0.8,0.00539074,0.7777777779999999,0.8,0.007678877,1
34.34000015258789,0.8,0.00539074,0.7777777779999999,0.6,0.009961058,0
31.26000022888184,0.8,0.00539074,0.7777777779999999,0.6,0.017407974,1
45.33000183105469,0.8,0.00539074,0.7777777779999999,1.0,0.008189109,1
100.56999969482422,0.8,0.004307809,0.688888889,1.0,0.006770821999999999,1
335.7799987792969,0.8,0.004307809,0.688888889,1.0,0.00578612,1
581.2937622070312,0.8,0.004307809,0.688888889,0.4,0.005901924,0
15.949136734008787,0.8,0.004307809,0.688888889,0.6,0.008926595,0
190.1000061035156,0.8,0.004307809,0.688888889,0.6,0.0035015495021604266,1
41.25,0.8,0.004307809,0.688888889,0.6,0.006747375,0
34.5,0.8,0.004307809,0.688888889,0.6,0.00503721,1
30.35000038146973,0.8,0.004307809,0.688888889,0.6,0.021945887999999997,0
44.95000076293945,0.8,0.004307809,0.688888889,0.8,0.0072921719999999995,0
100.58000183105469,0.8,0.0034975279999999997,0.7555555559999999,1.0,0.00625595,1
332.9100036621094,0.8,0.0034975279999999997,0.7555555559999999,0.8,0.0032476890000000002,0
580.1798706054688,0.8,0.0034975279999999997,0.7555555559999999,0.4,0.006239941,0
16.802906036376953,0.8,0.0034975279999999997,0.7555555559999999,0.6,0.017989708,1
191.22999572753903,0.8,0.0034975279999999997,0.7555555559999999,0.8,0.004615907068757098,1
41.58000183105469,0.8,0.0034975279999999997,0.7555555559999999,0.8,0.008247978000000001,1
35.150001525878906,0.8,0.0034975279999999997,0.7555555559999999,0.8,0.00786692,1
30.649999618530273,0.8,0.0034975279999999997,0.7555555559999999,0.8,0.022086081,1
45.22000122070313,0.8,0.0034975279999999997,0.7555555559999999,0.8,0.007631446,1
101.31999969482422,1.0,0.003070138,0.666666667,1.0,0.006742789,1
331.5899963378906,1.0,0.003070138,0.666666667,0.6,0.003788599,0
579.374267578125,1.0,0.003070138,0.666666667,0.4,0.006110433,0
16.73024559020996,1.0,0.003070138,0.666666667,0.6,0.015932408000000002,0
190.41000366210938,1.0,0.003070138,0.666666667,0.8,0.0049412501968367035,0
41.63000106811523,1.0,0.003070138,0.666666667,0.8,0.008190128,1
34.939998626708984,1.0,0.003070138,0.666666667,0.6,0.007706485,0
30.479999542236328,1.0,0.003070138,0.666666667,0.6,0.01797739,0
45.1500015258789,1.0,0.003070138,0.666666667,0.6,0.0055918190000000005,0
101.54000091552734,1.0,0.005204576,0.6,1.0,0.004768403,1
334.0199890136719,1.0,0.005204576,0.6,0.6,0.004714744,1
577.0272216796875,1.0,0.005204576,0.6,0.2,0.003893488,0
16.871026992797848,1.0,0.005204576,0.6,0.6,0.016075599,1
191.16000366210938,1.0,0.005204576,0.6,0.8,0.003615676002715561,1
41.7400016784668,1.0,0.005204576,0.6,0.8,0.006931105,1
34.810001373291016,1.0,0.005204576,0.6,0.4,0.007045851,0
30.270000457763672,1.0,0.005204576,0.6,0.4,0.015808996000000002,0
45.16999816894531,1.0,0.005204576,0.6,0.6,0.0042515090000000005,1
100.88999938964844,1.0,0.005279713,0.5111111110000001,0.8,0.0032854890000000004,0
341.8299865722656,1.0,0.005279713,0.5111111110000001,0.6,0.009032393,1
574.7000122070312,1.0,0.005279713,0.5111111110000001,0.0,0.0030854470000000003,0
17.17983627319336,1.0,0.005279713,0.5111111110000001,0.6,0.018944106999999998,1
192.9900054931641,1.0,0.005279713,0.5111111110000001,0.8,0.004780402902893681,1
41.84000015258789,1.0,0.005279713,0.5111111110000001,0.8,0.003620882,1
34.799999237060554,1.0,0.005279713,0.5111111110000001,0.4,0.006696461,0
30.25,1.0,0.005279713,0.5111111110000001,0.2,0.010418459,0
45.0099983215332,1.0,0.005279713,0.5111111110000001,0.4,0.0039845440000000005,0
102.12999725341795,1.0,0.004608561,0.5111111110000001,0.8,0.005664026999999999,1
343.17999267578125,1.0,0.004608561,0.5111111110000001,0.6,0.009434358,1
567.8775024414062,1.0,0.004608561,0.5111111110000001,0.0,0.00465206,0
17.329700469970707,1.0,0.004608561,0.5111111110000001,0.8,0.018659439,1
192.25,1.0,0.004608561,0.5111111110000001,0.6,0.0055157216550555535,0
41.63999938964844,1.0,0.004608561,0.5111111110000001,0.8,0.003804149,0
34.790000915527344,1.0,0.004608561,0.5111111110000001,0.2,0.005822066,0
30.399999618530273,1.0,0.004608561,0.5111111110000001,0.4,0.005588057,1
44.86999893188477,1.0,0.004608561,0.5111111110000001,0.4,0.002930027,0
102.25,1.0,0.004880904,0.4,0.8,0.005879136,1
340.0199890136719,1.0,0.004880904,0.4,0.6,0.009566509,0
566.0873413085938,1.0,0.004880904,0.4,0.0,0.004899289,0
17.252498626708984,1.0,0.004880904,0.4,0.6,0.008844266,0
192.0,1.0,0.004880904,0.4,0.4,0.004586962658217429,0
41.27000045776367,1.0,0.004880904,0.4,0.6,0.003981273,0
34.650001525878906,1.0,0.004880904,0.4,0.0,0.002858767,0
29.90999984741211,1.0,0.004880904,0.4,0.2,0.006834809,0
44.88000106811523,1.0,0.004880904,0.4,0.4,0.001773273,1
102.5,0.8,0.006294175,0.533333333,0.8,0.004896673,1
339.0400085449219,0.8,0.006294175,0.533333333,0.6,0.009349923000000001,0
568.4742431640625,0.8,0.006294175,0.533333333,0.2,0.005464879000000001,1
17.257038116455078,0.8,0.006294175,0.533333333,0.8,0.008032034,1
192.3000030517578,0.8,0.006294175,0.533333333,0.6,0.004041868092269689,1
41.52999877929688,0.8,0.006294175,0.533333333,0.6,0.005000763,1
34.919998168945305,0.8,0.006294175,0.533333333,0.2,0.0032222929999999998,1
30.520000457763672,0.8,0.006294175,0.533333333,0.4,0.009804417,1
45.43000030517578,0.8,0.006294175,0.533333333,0.6,0.003914654,1
103.3000030517578,0.8,0.003297661,0.533333333,0.8,0.0060233840000000006,1
342.3800048828125,0.8,0.003297661,0.533333333,0.6,0.009854529,1
574.1729125976562,0.8,0.003297661,0.533333333,0.4,0.006659578,1
17.27974510192871,0.8,0.003297661,0.533333333,0.8,0.006612239000000001,1
191.55999755859366,0.8,0.003297661,0.533333333,0.4,0.004023730842178778,0
41.65999984741211,0.8,0.003297661,0.533333333,0.6,0.005098354,1
34.56999969482422,0.8,0.003297661,0.533333333,0.2,0.004482749,0
31.46999931335449,0.8,0.003297661,0.533333333,0.6,0.014651889,1
45.09000015258789,0.8,0.003297661,0.533333333,0.4,0.005322884,0
98.94000244140624,0.6,0.003204732,0.5555555560000001,0.8,0.013184531000000001,0
339.0,0.6,0.003204732,0.5555555560000001,0.4,0.00715258,0
574.779541015625,0.6,0.003204732,0.5555555560000001,0.6,0.006064263,1
17.288827896118164,0.6,0.003204732,0.5555555560000001,0.8,0.003056542,1
191.9499969482422,0.6,0.003204732,0.5555555560000001,0.4,0.0025162849681781858,1
41.900001525878906,0.6,0.003204732,0.5555555560000001,0.6,0.005771396999999999,1
34.56999969482422,0.6,0.003204732,0.5555555560000001,0.2,0.004425282,0
31.81999969482422,0.6,0.003204732,0.5555555560000001,0.8,0.016744085,1
44.959999084472656,0.6,0.003204732,0.5555555560000001,0.4,0.005191079,0
98.12000274658205,0.4,0.003944935,0.5555555560000001,0.6,0.012383982,0
345.95001220703125,0.4,0.003944935,0.5555555560000001,0.4,0.010463013,1
578.7974853515625,0.4,0.003944935,0.5555555560000001,0.8,0.005088059,1
17.10263442993164,0.4,0.003944935,0.5555555560000001,0.6,0.0034658059999999997,0
190.67999267578125,0.4,0.003944935,0.5555555560000001,0.4,0.003072665923038321,0
41.54999923706055,0.4,0.003944935,0.5555555560000001,0.6,0.006486026,0
34.90999984741211,0.4,0.003944935,0.5555555560000001,0.4,0.006334845,1
31.649999618530273,0.4,0.003944935,0.5555555560000001,0.6,0.016820863000000002,0
45.2599983215332,0.4,0.003944935,0.5555555560000001,0.6,0.005903514,1
98.97000122070312,0.2,0.0035789790000000004,0.666666667,0.6,0.013881552,1
346.3800048828125,0.2,0.0035789790000000004,0.666666667,0.6,0.008869998,1
582.8750610351562,0.2,0.0035789790000000004,0.666666667,1.0,0.005866567,1
17.066303253173828,0.2,0.0035789790000000004,0.666666667,0.6,0.00299969,0
191.1999969482422,0.2,0.0035789790000000004,0.666666667,0.6,0.0033580088063177352,1
41.27000045776367,0.2,0.0035789790000000004,0.666666667,0.6,0.006056661,0
35.0,0.2,0.0035789790000000004,0.666666667,0.6,0.006045632,1
31.84000015258789,0.2,0.0035789790000000004,0.666666667,0.8,0.014797815,1
45.90999984741211,0.2,0.0035789790000000004,0.666666667,0.6,0.008731232,1
98.36000061035156,0.4,0.002814253,0.577777778,0.4,0.014625252,0
342.3399963378906,0.4,0.002814253,0.577777778,0.6,0.010626276,0
586.4951171875,0.4,0.002814253,0.577777778,1.0,0.006265407,1
16.930063247680664,0.4,0.002814253,0.577777778,0.4,0.004543662,0
190.13999938964844,0.4,0.002814253,0.577777778,0.4,0.004154289702207167,0
40.63999938964844,0.4,0.002814253,0.577777778,0.4,0.007849745,0
35.33000183105469,0.4,0.002814253,0.577777778,0.6,0.006372935,1
32.509998321533196,0.4,0.002814253,0.577777778,0.8,0.014927438999999999,1
46.47000122070313,0.4,0.002814253,0.577777778,0.6,0.008719816,1
97.98999786376952,0.2,0.0041091570000000004,0.488888889,0.2,0.013816614,0
329.75,0.2,0.0041091570000000004,0.488888889,0.4,0.016011268000000002,0
577.832763671875,0.2,0.0041091570000000004,0.488888889,0.8,0.007214445999999999,0
16.707538604736328,0.2,0.0041091570000000004,0.488888889,0.2,0.006909251999999999,0
189.9900054931641,0.2,0.0041091570000000004,0.488888889,0.4,0.0035424252755696726,0
40.709999084472656,0.2,0.0041091570000000004,0.488888889,0.4,0.007568173,1
34.90999984741211,0.2,0.0041091570000000004,0.488888889,0.6,0.006745955,0
32.439998626708984,0.2,0.0041091570000000004,0.488888889,0.6,0.009132655,0
46.7599983215332,0.2,0.0041091570000000004,0.488888889,0.8,0.008471112,1
101.0,0.4,0.005328398000000001,0.533333333,0.4,0.011518668999999999,1
331.3299865722656,0.4,0.005328398000000001,0.533333333,0.6,0.014995143999999998,1
579.9113159179688,0.4,0.005328398000000001,0.533333333,0.8,0.007722571,1
16.816530227661133,0.4,0.005328398000000001,0.533333333,0.2,0.008108825,1
191.5399932861328,0.4,0.005328398000000001,0.533333333,0.4,0.004766894706727416,1
40.709999084472656,0.4,0.005328398000000001,0.533333333,0.2,0.00641598,0
35.02000045776367,0.4,0.005328398000000001,0.533333333,0.8,0.007376151,1
32.15999984741211,0.4,0.005328398000000001,0.533333333,0.4,0.008634569,0
46.84000015258789,0.4,0.005328398000000001,0.533333333,1.0,0.008236663,1
101.43000030517578,0.4,0.004221936,0.5111111110000001,0.6,0.010712585,1
330.5199890136719,0.4,0.004221936,0.5111111110000001,0.4,0.011383778999999998,0
578.1708984375,0.4,0.004221936,0.5111111110000001,0.6,0.006924725,0
16.693914413452152,0.4,0.004221936,0.5111111110000001,0.2,0.0074131859999999996,0
191.72000122070312,0.4,0.004221936,0.5111111110000001,0.6,0.0036315875572983506,1
40.68000030517578,0.4,0.004221936,0.5111111110000001,0.2,0.004892703,0
35.02000045776367,0.4,0.004221936,0.5111111110000001,0.6,0.005409127,0
30.75,0.4,0.004221936,0.5111111110000001,0.4,0.016334714,0
47.0,0.4,0.004221936,0.5111111110000001,1.0,0.007585323000000001,1
101.66000366210938,0.6,0.006668271999999999,0.42222222200000004,0.6,0.009433538,1
331.19000244140625,0.6,0.006668271999999999,0.42222222200000004,0.4,0.011540622,1
572.4722290039062,0.6,0.006668271999999999,0.42222222200000004,0.4,0.007487018000000001,0
16.60308837890625,0.6,0.006668271999999999,0.42222222200000004,0.2,0.008076459,0
191.27999877929688,0.6,0.006668271999999999,0.42222222200000004,0.4,0.0035451719068237907,0
40.5,0.6,0.006668271999999999,0.42222222200000004,0.2,0.004429892,0
34.61999893188477,0.6,0.006668271999999999,0.42222222200000004,0.4,0.007177932,0
31.5,0.6,0.006668271999999999,0.42222222200000004,0.4,0.020012127,1
46.70000076293945,0.6,0.006668271999999999,0.42222222200000004,0.8,0.005989615,0
101.62999725341795,0.4,0.006838154,0.37777777799999995,0.6,0.008259872,0
323.8900146484375,0.4,0.006838154,0.37777777799999995,0.4,0.013616258000000001,0
569.9660034179688,0.4,0.006838154,0.37777777799999995,0.2,0.00712046,0
16.46230697631836,0.4,0.006838154,0.37777777799999995,0.2,0.008175708,0
191.80999755859366,0.4,0.006838154,0.37777777799999995,0.6,0.002990547997932948,1
40.65999984741211,0.4,0.006838154,0.37777777799999995,0.4,0.002166945,1
34.540000915527344,0.4,0.006838154,0.37777777799999995,0.2,0.0057543559999999995,0
30.78000068664551,0.4,0.006838154,0.37777777799999995,0.2,0.02037502,0
46.2400016784668,0.4,0.006838154,0.37777777799999995,0.6,0.005520071,0
100.86000061035156,0.6,0.00673328,0.488888889,0.6,0.009022823000000001,0
327.760009765625,0.6,0.00673328,0.488888889,0.6,0.008650696,1
576.778564453125,0.6,0.00673328,0.488888889,0.4,0.006557036,1
16.466848373413086,0.6,0.00673328,0.488888889,0.4,0.00560213,1
192.9600067138672,0.6,0.00673328,0.488888889,0.8,0.0040318887791731635,1
41.18999862670898,0.6,0.00673328,0.488888889,0.4,0.0044294370000000005,1
34.93000030517578,0.6,0.00673328,0.488888889,0.4,0.00563501,1
30.3799991607666,0.6,0.00673328,0.488888889,0.2,0.022543485,0
46.7599983215332,0.6,0.00673328,0.488888889,0.6,0.006521086999999999,1
101.58000183105469,0.4,0.005371004,0.444444444,0.6,0.004307058,1
324.0,0.4,0.005371004,0.444444444,0.4,0.00998677,0
581.5722045898438,0.4,0.005371004,0.444444444,0.4,0.007499817,1
16.65304183959961,0.4,0.005371004,0.444444444,0.4,0.006558864,1
192.8000030517578,0.4,0.005371004,0.444444444,0.6,0.002566078121286151,0
41.13999938964844,0.4,0.005371004,0.444444444,0.4,0.00467221,0
34.97999954223633,0.4,0.005371004,0.444444444,0.4,0.005291097,1
31.0,0.4,0.005371004,0.444444444,0.4,0.024898867,1
46.52000045776367,0.4,0.005371004,0.444444444,0.4,0.007205416,0
101.79000091552734,0.4,0.005917139,0.577777778,0.6,0.003869038,1
325.0,0.4,0.005917139,0.577777778,0.6,0.010115117,1
586.047607421875,0.4,0.005917139,0.577777778,0.6,0.008438652,1
16.80744743347168,0.4,0.005917139,0.577777778,0.6,0.00695497,1
193.75,0.4,0.005917139,0.577777778,0.6,0.003363593529183568,1
41.54999923706055,0.4,0.005917139,0.577777778,0.6,0.006518026,1
35.169998168945305,0.4,0.005917139,0.577777778,0.6,0.0063774240000000005,1
31.170000076293945,0.4,0.005917139,0.577777778,0.6,0.017226986,1
46.68000030517578,0.4,0.005917139,0.577777778,0.4,0.007210115,1
100.95999908447266,0.4,0.004294226,0.6,0.4,0.005046328,0
331.32000732421875,0.4,0.004294226,0.6,0.6,0.013598922,1
592.8203735351562,0.4,0.004294226,0.6,0.8,0.008778713,1
16.707538604736328,0.4,0.004294226,0.6,0.6,0.0070557,0
194.0,0.4,0.004294226,0.6,0.8,0.0031626527891007237,1
39.79999923706055,0.4,0.004294226,0.6,0.6,0.014056655,0
34.81999969482422,0.4,0.004294226,0.6,0.6,0.006083331,0
31.10000038146973,0.4,0.004294226,0.6,0.4,0.012798085,0
47.52000045776367,0.4,0.004294226,0.6,0.6,0.009532495,1
101.05999755859376,0.4,0.006343512,0.577777778,0.6,0.005185391,1
324.5,0.4,0.006343512,0.577777778,0.6,0.013307454,0
584.157958984375,0.4,0.006343512,0.577777778,0.8,0.010825575,0
16.56221580505371,0.4,0.006343512,0.577777778,0.6,0.007099462,0
193.1100006103516,0.4,0.006343512,0.577777778,0.6,0.003526017767155178,0
39.58000183105469,0.4,0.006343512,0.577777778,0.4,0.014372046999999999,0
34.709999084472656,0.4,0.006343512,0.577777778,0.6,0.006253006,0
30.61000061035156,0.4,0.006343512,0.577777778,0.4,0.011377785,0
47.06000137329102,0.4,0.006343512,0.577777778,0.6,0.009498501,0
102.63999938964844,0.2,0.008067952,0.46666666700000003,0.8,0.006796956,1
323.6300048828125,0.2,0.008067952,0.46666666700000003,0.4,0.011453963999999999,0
577.9520874023438,0.2,0.008067952,0.46666666700000003,0.6,0.010559784,0
16.253406524658207,0.2,0.008067952,0.46666666700000003,0.4,0.01077337,0
191.6199951171875,0.2,0.008067952,0.46666666700000003,0.4,0.003870072539128496,0
38.83000183105469,0.2,0.008067952,0.46666666700000003,0.2,0.01555486,0
34.419998168945305,0.2,0.008067952,0.46666666700000003,0.4,0.005665752,0
30.770000457763672,0.2,0.008067952,0.46666666700000003,0.6,0.009824094,1
46.56000137329102,0.2,0.008067952,0.46666666700000003,0.4,0.009374327,0
101.75,0.4,0.008601205,0.5111111110000001,0.6,0.007103447,0
328.2099914550781,0.4,0.008601205,0.5111111110000001,0.6,0.01198998,1
584.7745971679688,0.4,0.008601205,0.5111111110000001,0.6,0.011258498,1
16.326066970825195,0.4,0.008601205,0.5111111110000001,0.4,0.009406031,1
192.30999755859366,0.4,0.008601205,0.5111111110000001,0.6,0.004424409183476957,1
39.41999816894531,0.4,0.008601205,0.5111111110000001,0.4,0.018350955,1
34.75,0.4,0.008601205,0.5111111110000001,0.4,0.00729697,1
30.68000030517578,0.4,0.008601205,0.5111111110000001,0.4,0.006327442,0
47.08000183105469,0.4,0.008601205,0.5111111110000001,0.6,0.010581496999999999,1
97.87000274658205,0.4,0.011655269,0.311111111,0.4,0.014316512,0
321.92999267578125,0.4,0.011655269,0.311111111,0.4,0.015199513999999999,0
571.915283203125,0.4,0.011655269,0.311111111,0.4,0.014117468999999999,0
16.017257690429688,0.4,0.011655269,0.311111111,0.2,0.011334668999999999,0
189.00999450683602,0.4,0.011655269,0.311111111,0.4,0.006870897220229777,0
38.7599983215332,0.4,0.011655269,0.311111111,0.2,0.019706315,0
34.139999389648445,0.4,0.011655269,0.311111111,0.2,0.009721437,0
30.309999465942386,0.4,0.011655269,0.311111111,0.2,0.007642667,0
46.040000915527344,0.4,0.011655269,0.311111111,0.4,0.014311637,0
100.75,0.4,0.012688986000000001,0.42222222200000004,0.6,0.018571052,1
323.2099914550781,0.4,0.012688986000000001,0.42222222200000004,0.4,0.012105481999999999,1
573.9441528320312,0.4,0.012688986000000001,0.42222222200000004,0.4,0.012515631999999999,1
16.06266975402832,0.4,0.012688986000000001,0.42222222200000004,0.4,0.010712845,1
190.05999755859366,0.4,0.012688986000000001,0.42222222200000004,0.4,0.00772388829086738,1
38.95000076293945,0.4,0.012688986000000001,0.42222222200000004,0.4,0.012263133999999998,1
34.259998321533196,0.4,0.012688986000000001,0.42222222200000004,0.4,0.008434095,1
30.76000022888184,0.4,0.012688986000000001,0.42222222200000004,0.4,0.010162842,1
46.40999984741211,0.4,0.012688986000000001,0.42222222200000004,0.4,0.012319958,1
100.11000061035156,0.4,0.009916431,0.444444444,0.4,0.019643426999999998,0
321.82000732421875,0.4,0.009916431,0.444444444,0.4,0.008848724,0
573.2081909179688,0.4,0.009916431,0.444444444,0.4,0.009849648,0
15.881017684936525,0.4,0.009916431,0.444444444,0.4,0.011235028999999999,0
189.63999938964844,0.4,0.009916431,0.444444444,0.4,0.007248326920803294,0
38.43999862670898,0.4,0.009916431,0.444444444,0.4,0.013776372,0
34.900001525878906,0.4,0.009916431,0.444444444,0.6,0.011538425,1
29.82999992370605,0.4,0.009916431,0.444444444,0.4,0.013058533999999998,0
46.43999862670898,0.4,0.009916431,0.444444444,0.6,0.010513212,1
100.75,0.6,0.0071024980000000005,0.5111111110000001,0.4,0.017795161,1
322.44000244140625,0.6,0.0071024980000000005,0.5111111110000001,0.6,0.008697823,1
574.2026977539062,0.6,0.0071024980000000005,0.5111111110000001,0.6,0.008071921,1
16.108083724975586,0.6,0.0071024980000000005,0.5111111110000001,0.6,0.010365538,1
189.8300018310547,0.6,0.0071024980000000005,0.5111111110000001,0.6,0.005905541550252373,1
38.27999877929688,0.6,0.0071024980000000005,0.5111111110000001,0.4,0.010819045,0
34.81999969482422,0.6,0.0071024980000000005,0.5111111110000001,0.6,0.010325894,0
29.75,0.6,0.0071024980000000005,0.5111111110000001,0.2,0.012549497,0
46.36000061035156,0.6,0.0071024980000000005,0.5111111110000001,0.6,0.008732786999999999,0
99.18000030517578,0.4,0.008284825,0.355555556,0.4,0.01917757,0
317.4599914550781,0.4,0.008284825,0.355555556,0.4,0.008956391999999999,0
565.1624145507812,0.4,0.008284825,0.355555556,0.4,0.008859808,0
15.690281867980955,0.4,0.008284825,0.355555556,0.4,0.014658923,0
187.1699981689453,0.4,0.008284825,0.355555556,0.4,0.007987874974673542,0
38.09000015258789,0.4,0.008284825,0.355555556,0.2,0.008772855,0
33.990001678466804,0.4,0.008284825,0.355555556,0.4,0.013175758000000001,0
29.35000038146973,0.4,0.008284825,0.355555556,0.2,0.014653583999999999,0
45.9000015258789,0.4,0.008284825,0.355555556,0.4,0.008483574,0
99.9000015258789,0.6,0.005259827,0.444444444,0.6,0.013002948,1
318.4100036621094,0.6,0.005259827,0.444444444,0.6,0.005728083,1
566.9625244140625,0.6,0.005259827,0.444444444,0.6,0.005098791,1
15.67211627960205,0.6,0.005259827,0.444444444,0.4,0.011107454,0
186.91000366210938,0.6,0.005259827,0.444444444,0.4,0.004833729374414562,0
38.27000045776367,0.6,0.005259827,0.444444444,0.4,0.006369433000000001,1
33.52000045776367,0.6,0.005259827,0.444444444,0.4,0.012430489,0
29.0,0.6,0.005259827,0.444444444,0.2,0.014626595,0
45.7599983215332,0.6,0.005259827,0.444444444,0.4,0.004675594,0
99.62000274658205,0.6,0.006491314000000001,0.42222222200000004,0.4,0.007678153,0
322.739990234375,0.6,0.006491314000000001,0.42222222200000004,0.6,0.007652635,1
572.1340942382812,0.6,0.006491314000000001,0.42222222200000004,0.6,0.006213598000000001,1
15.985467910766602,0.6,0.006491314000000001,0.42222222200000004,0.4,0.014539258000000001,1
188.6699981689453,0.6,0.006491314000000001,0.42222222200000004,0.4,0.005605927195547492,1
38.88999938964844,0.6,0.006491314000000001,0.42222222200000004,0.4,0.008629158,1
34.029998779296875,0.6,0.006491314000000001,0.42222222200000004,0.4,0.014770456999999999,1
29.920000076293945,0.6,0.006491314000000001,0.42222222200000004,0.2,0.018002101,1
46.09000015258789,0.6,0.006491314000000001,0.42222222200000004,0.4,0.004510615999999999,1
99.62000274658205,0.6,0.008876301999999999,0.5111111110000001,0.4,0.006407683000000001,0
322.20001220703125,0.6,0.008876301999999999,0.5111111110000001,0.6,0.007127144,0
574.1927490234375,0.6,0.008876301999999999,0.5111111110000001,0.8,0.006676781,1
16.74386978149414,0.6,0.008876301999999999,0.5111111110000001,0.6,0.021766107000000003,1
189.0399932861328,0.6,0.008876301999999999,0.5111111110000001,0.6,0.005556177468157451,1
39.08000183105469,0.6,0.008876301999999999,0.5111111110000001,0.6,0.006987533000000001,1
34.110000610351555,0.6,0.008876301999999999,0.5111111110000001,0.4,0.011504486999999999,1
30.28000068664551,0.6,0.008876301999999999,0.5111111110000001,0.4,0.014361706,1
46.09000015258789,0.6,0.008876301999999999,0.5111111110000001,0.2,0.004381339000000001,0
98.75,0.4,0.013143958,0.42222222200000004,0.2,0.0068757340000000005,0
316.9800109863281,0.4,0.013143958,0.42222222200000004,0.4,0.009982062,0
560.6572265625,0.4,0.013143958,0.42222222200000004,0.6,0.011044411,0
15.994550704956055,0.4,0.013143958,0.42222222200000004,0.4,0.027856886,0
185.7100067138672,0.4,0.013143958,0.42222222200000004,0.4,0.008878845046702505,0
38.459999084472656,0.4,0.013143958,0.42222222200000004,0.6,0.00932806,0
33.470001220703125,0.4,0.013143958,0.42222222200000004,0.4,0.014798585,0
30.770000457763672,0.4,0.013143958,0.42222222200000004,0.6,0.017061792,1
45.52999877929688,0.4,0.013143958,0.42222222200000004,0.2,0.006466851,0
100.8000030517578,0.6,0.015440408999999999,0.622222222,0.4,0.007911014000000001,1
322.70001220703125,0.6,0.015440408999999999,0.622222222,0.6,0.01050217,1
569.3693237304688,0.6,0.015440408999999999,0.622222222,0.8,0.011003415,1
16.312442779541016,0.6,0.015440408999999999,0.622222222,0.6,0.02664441,1
189.3600006103516,0.6,0.015440408999999999,0.622222222,0.6,0.010007186936357573,1
39.02000045776367,0.6,0.015440408999999999,0.622222222,0.8,0.011247505,1
34.27000045776367,0.6,0.015440408999999999,0.622222222,0.6,0.014811617,1
30.940000534057607,0.6,0.015440408999999999,0.622222222,0.8,0.015477691000000002,1
46.77999877929688,0.6,0.015440408999999999,0.622222222,0.4,0.009973271,1
101.0199966430664,0.4,0.017762279,0.5555555560000001,0.4,0.0068956009999999995,1
315.3699951171875,0.4,0.017762279,0.5555555560000001,0.4,0.014446591000000002,0
557.8128662109375,0.4,0.017762279,0.5555555560000001,0.6,0.01442578,0
15.585830688476562,0.4,0.017762279,0.5555555560000001,0.6,0.035321543,0
186.4199981689453,0.4,0.017762279,0.5555555560000001,0.6,0.012834569522545448,0
38.7400016784668,0.4,0.017762279,0.5555555560000001,0.6,0.011737528999999998,0
33.61999893188477,0.4,0.017762279,0.5555555560000001,0.6,0.015839505,0
30.190000534057607,0.4,0.017762279,0.5555555560000001,0.8,0.017940773,0
45.849998474121094,0.4,0.017762279,0.5555555560000001,0.4,0.013339295,0
100.7300033569336,0.2,0.015444363999999999,0.37777777799999995,0.4,0.006909173,0
311.3900146484375,0.2,0.015444363999999999,0.37777777799999995,0.2,0.014250843000000001,0
541.512451171875,0.2,0.015444363999999999,0.37777777799999995,0.4,0.018445875,0
15.213441848754885,0.2,0.015444363999999999,0.37777777799999995,0.4,0.036101257000000005,0
185.92999267578125,0.2,0.015444363999999999,0.37777777799999995,0.4,0.011477016681084027,0
38.099998474121094,0.2,0.015444363999999999,0.37777777799999995,0.4,0.011801494,0
31.90999984741211,0.2,0.015444363999999999,0.37777777799999995,0.4,0.022969067000000003,0
28.60000038146973,0.2,0.015444363999999999,0.37777777799999995,0.6,0.022129235,0
44.02999877929688,0.2,0.015444363999999999,0.37777777799999995,0.2,0.019835909,0
99.80999755859376,0.2,0.019543768,0.26666666699999997,0.4,0.00873585,0
306.45001220703125,0.2,0.019543768,0.26666666699999997,0.2,0.017089093,0
530.2941284179689,0.2,0.019543768,0.26666666699999997,0.2,0.021869563999999998,0
14.845595359802244,0.2,0.019543768,0.26666666699999997,0.2,0.031448423999999996,0
183.5200042724609,0.2,0.019543768,0.26666666699999997,0.2,0.0136771637363353,0
38.22999954223633,0.2,0.019543768,0.26666666699999997,0.4,0.011506786000000001,1
31.46999931335449,0.2,0.019543768,0.26666666699999997,0.2,0.025256642000000003,0
27.75,0.2,0.019543768,0.26666666699999997,0.4,0.025666873,0
43.650001525878906,0.2,0.019543768,0.26666666699999997,0.2,0.021561992999999998,0
98.75,0.2,0.015946038,0.37777777799999995,0.4,0.009113238000000001,0
308.30999755859375,0.2,0.015946038,0.37777777799999995,0.4,0.015062761000000001,1
534.998291015625,0.2,0.015946038,0.37777777799999995,0.4,0.018929108,1
14.6412353515625,0.2,0.015946038,0.37777777799999995,0.2,0.025251195,0
183.8000030517578,0.2,0.015946038,0.37777777799999995,0.4,0.010459256431733944,1
38.459999084472656,0.2,0.015946038,0.37777777799999995,0.6,0.009537035,1
32.139999389648445,0.2,0.015946038,0.37777777799999995,0.4,0.025762105,1
27.59000015258789,0.2,0.015946038,0.37777777799999995,0.2,0.023583566,0
43.72999954223633,0.2,0.015946038,0.37777777799999995,0.4,0.019498501,1
97.54000091552734,0.2,0.01153422,0.222222222,0.2,0.007411964,0
305.9700012207031,0.2,0.01153422,0.222222222,0.2,0.01297165,0
527.1315307617189,0.2,0.01153422,0.222222222,0.2,0.018762147,0
14.895549774169922,0.2,0.01153422,0.222222222,0.2,0.024750137999999998,1
181.75,0.2,0.01153422,0.222222222,0.2,0.008759092015538001,0
38.29999923706055,0.2,0.01153422,0.222222222,0.4,0.007456944,0
31.28000068664551,0.2,0.01153422,0.222222222,0.2,0.026333288,0
28.10000038146973,0.2,0.01153422,0.222222222,0.2,0.026175587,1
43.22000122070313,0.2,0.01153422,0.222222222,0.2,0.016340103,0
96.26000213623048,0.2,0.008896648,0.222222222,0.0,0.009600031,0
302.8599853515625,0.2,0.008896648,0.222222222,0.2,0.01046161,0
521.6417236328125,0.2,0.008896648,0.222222222,0.2,0.016785656,0
15.440508842468262,0.2,0.008896648,0.222222222,0.4,0.023158525,1
179.83999633789062,0.2,0.008896648,0.222222222,0.2,0.007755685196151074,0
37.560001373291016,0.2,0.008896648,0.222222222,0.4,0.009886008,0
30.85000038146973,0.2,0.008896648,0.222222222,0.2,0.025289236,0
27.809999465942386,0.2,0.008896648,0.222222222,0.2,0.023391557,0
42.7400016784668,0.2,0.008896648,0.222222222,0.2,0.014585236000000001,0
97.66999816894531,0.4,0.010290549,0.4,0.2,0.011955458,1
303.6400146484375,0.4,0.010290549,0.4,0.4,0.008452712,1
508.3746948242188,0.4,0.010290549,0.4,0.2,0.016027897,0
15.51317024230957,0.4,0.010290549,0.4,0.6,0.019321148,1
182.0500030517578,0.4,0.010290549,0.4,0.4,0.009687732359772864,1
37.86999893188477,0.4,0.010290549,0.4,0.6,0.008232592,1
31.3799991607666,0.4,0.010290549,0.4,0.4,0.018552698,1
28.01000022888184,0.4,0.010290549,0.4,0.4,0.014296604,1
43.63000106811523,0.4,0.010290549,0.4,0.4,0.010811019,1
99.76000213623048,0.6,0.006505885,0.5111111110000001,0.4,0.014408507,1
306.2099914550781,0.6,0.006505885,0.5111111110000001,0.6,0.006972619,1
517.9918212890625,0.6,0.006505885,0.5111111110000001,0.4,0.015668048,1
15.3587646484375,0.6,0.006505885,0.5111111110000001,0.6,0.016475977,0
169.10000610351562,0.6,0.006505885,0.5111111110000001,0.4,0.02132222841940084,0
37.79999923706055,0.6,0.006505885,0.5111111110000001,0.4,0.007919856,0
31.57999992370605,0.6,0.006505885,0.5111111110000001,0.6,0.01706964,1
28.53000068664551,0.6,0.006505885,0.5111111110000001,0.6,0.012065508999999999,1
44.08000183105469,0.6,0.006505885,0.5111111110000001,0.6,0.01114774,1
102.47000122070312,0.8,0.007714497,0.5555555560000001,0.6,0.017717513,1
315.3299865722656,0.8,0.007714497,0.5555555560000001,0.6,0.011715421,1
523.66064453125,0.8,0.007714497,0.5555555560000001,0.4,0.016082646000000003,1
15.776566505432127,0.8,0.007714497,0.5555555560000001,0.8,0.019163403,1
163.22999572753906,0.8,0.007714497,0.5555555560000001,0.2,0.027959735417315168,0
38.349998474121094,0.8,0.007714497,0.5555555560000001,0.4,0.009626663,1
32.610000610351555,0.8,0.007714497,0.5555555560000001,0.6,0.019334736,1
29.020000457763672,0.8,0.007714497,0.5555555560000001,0.8,0.014347336,1
44.88000106811523,0.8,0.007714497,0.5555555560000001,0.6,0.014410958,1
102.98999786376952,0.6,0.008876376,0.5555555560000001,0.8,0.016281807,1
312.9700012207031,0.6,0.008876376,0.5555555560000001,0.6,0.011694306000000002,0
529.796875,0.6,0.008876376,0.5555555560000001,0.6,0.015485381999999999,1
15.663033485412598,0.6,0.008876376,0.5555555560000001,0.6,0.017128716999999998,0
161.7899932861328,0.6,0.008876376,0.5555555560000001,0.2,0.02749343119092876,0
37.63999938964844,0.6,0.008876376,0.5555555560000001,0.4,0.012497363999999999,0
32.27000045776367,0.6,0.008876376,0.5555555560000001,0.6,0.016068408,0
28.95000076293945,0.6,0.008876376,0.5555555560000001,0.6,0.011132766,0
44.38000106811523,0.6,0.008876376,0.5555555560000001,0.6,0.014306633999999999,0
104.83000183105469,0.8,0.010332578,0.7333333329999999,1.0,0.017230415,1
313.17999267578125,0.8,0.010332578,0.7333333329999999,0.8,0.009795609,1
541.0052490234375,0.8,0.010332578,0.7333333329999999,0.8,0.01763368,1
15.867393493652346,0.8,0.010332578,0.7333333329999999,0.6,0.012421101,1
162.17999267578125,0.8,0.010332578,0.7333333329999999,0.4,0.025873744690307586,1
38.22999954223633,0.8,0.010332578,0.7333333329999999,0.6,0.011768108999999999,1
32.689998626708984,0.8,0.010332578,0.7333333329999999,0.8,0.015922071,1
29.020000457763672,0.8,0.010332578,0.7333333329999999,0.8,0.009552293,1
45.02000045776367,0.8,0.010332578,0.7333333329999999,0.8,0.014969622,1
105.22000122070312,0.6,0.010201855,0.666666667,1.0,0.015044918000000001,1
287.05999755859375,0.6,0.010201855,0.666666667,0.6,0.025961001,0
536.8282470703125,0.6,0.010201855,0.666666667,0.8,0.014091198999999999,0
15.862852096557615,0.6,0.010201855,0.666666667,0.4,0.011537163999999999,0
162.0800018310547,0.6,0.010201855,0.666666667,0.2,0.02353930544371325,0
38.72999954223633,0.6,0.010201855,0.666666667,0.6,0.012733177,1
33.18000030517578,0.6,0.010201855,0.666666667,0.8,0.015483968,1
29.09000015258789,0.6,0.010201855,0.666666667,0.8,0.00859638,1
46.13000106811523,0.6,0.010201855,0.666666667,0.8,0.015736052,1
105.11000061035156,0.6,0.007851563,0.622222222,0.8,0.01097428,0
289.9700012207031,0.6,0.007851563,0.622222222,0.6,0.026295675,1
537.8128051757811,0.6,0.007851563,0.622222222,0.8,0.010674525,1
16.030881881713867,0.6,0.007851563,0.622222222,0.6,0.011665057,1
161.8699951171875,0.6,0.007851563,0.622222222,0.2,0.009571587857215428,0
38.43000030517578,0.6,0.007851563,0.622222222,0.6,0.013912675,0
33.200000762939446,0.6,0.007851563,0.622222222,0.8,0.014329823,1
28.93000030517578,0.6,0.007851563,0.622222222,0.6,0.00598345,0
45.90999984741211,0.6,0.007851563,0.622222222,0.6,0.014627079,0
106.73999786376952,0.6,0.009692205,0.644444444,0.8,0.00864275,1
295.5899963378906,0.6,0.009692205,0.644444444,0.6,0.024215242,1
545.8983764648439,0.6,0.009692205,0.644444444,0.8,0.011492591000000002,1
16.139873504638672,0.6,0.009692205,0.644444444,0.6,0.007584262,1
163.60000610351562,0.6,0.009692205,0.644444444,0.4,0.004766469743101696,1
38.650001525878906,0.6,0.009692205,0.644444444,0.6,0.012147571999999999,1
33.740001678466804,0.6,0.009692205,0.644444444,0.8,0.01105972,1
29.63999938964844,0.6,0.009692205,0.644444444,0.6,0.0074568640000000005,1
46.4900016784668,0.6,0.009692205,0.644444444,0.6,0.01352401,1
107.33999633789062,0.8,0.011347038,0.688888889,0.8,0.008752049,1
294.1199951171875,0.8,0.011347038,0.688888889,0.6,0.023713027999999997,0
546.3259887695311,0.8,0.011347038,0.688888889,0.8,0.009305664,1
16.067211151123047,0.8,0.011347038,0.688888889,0.6,0.007045409,0
163.4600067138672,0.8,0.011347038,0.688888889,0.4,0.00317323354975875,0
38.58000183105469,0.8,0.011347038,0.688888889,0.6,0.008807062,0
33.919998168945305,0.8,0.011347038,0.688888889,1.0,0.010041431,1
29.5,0.8,0.011347038,0.688888889,0.6,0.007919106,0
46.61999893188477,0.8,0.011347038,0.688888889,0.8,0.011855093999999998,1
106.9800033569336,0.8,0.011141719,0.577777778,0.6,0.005849632,0
299.07000732421875,0.8,0.011141719,0.577777778,0.6,0.026944817000000003,1
547.3006591796875,0.8,0.011141719,0.577777778,0.8,0.005431276,1
16.039962768554688,0.8,0.011141719,0.577777778,0.4,0.0047751320000000005,0
164.35000610351562,0.8,0.011141719,0.577777778,0.4,0.003780078483892564,1
38.5,0.8,0.011141719,0.577777778,0.4,0.00608683,0
32.580001831054695,0.8,0.011141719,0.577777778,0.8,0.015339328000000001,0
29.559999465942386,0.8,0.011141719,0.577777778,0.6,0.007842291999999999,1
46.04999923706055,0.8,0.011141719,0.577777778,0.6,0.011416216000000002,0
108.0,1.0,0.011399145,0.644444444,0.6,0.007012463000000001,1
305.4599914550781,1.0,0.011399145,0.644444444,0.8,0.014537551999999999,1
556.022705078125,1.0,0.011399145,0.644444444,1.0,0.007074409,1
16.29427719116211,1.0,0.011399145,0.644444444,0.6,0.007888901,1
164.39999389648438,1.0,0.011399145,0.644444444,0.6,0.0037176008992554884,1
39.04999923706055,1.0,0.011399145,0.644444444,0.4,0.006328222,1
34.009998321533196,1.0,0.011399145,0.644444444,0.8,0.021119829,1
29.489999771118164,1.0,0.011399145,0.644444444,0.4,0.007833479,0
46.95000076293945,1.0,0.011399145,0.644444444,0.6,0.010393873,1
109.4000015258789,1.0,0.01210925,0.644444444,0.8,0.009395971999999999,1
305.7200012207031,1.0,0.01210925,0.644444444,0.8,0.012680341000000001,1
552.1837768554689,1.0,0.01210925,0.644444444,0.8,0.008088457,0
16.285194396972653,1.0,0.01210925,0.644444444,0.4,0.005881853,0
164.36000061035156,1.0,0.01210925,0.644444444,0.6,0.003507114958932046,0
38.9900016784668,1.0,0.01210925,0.644444444,0.4,0.0050863259999999995,0
34.310001373291016,1.0,0.01210925,0.644444444,0.8,0.022763476,1
29.28000068664551,1.0,0.01210925,0.644444444,0.4,0.008157651,0
47.43999862670898,1.0,0.01210925,0.644444444,0.8,0.011527359,1
108.5999984741211,1.0,0.008794616,0.5555555560000001,0.6,0.007756993,0
302.80999755859375,1.0,0.008794616,0.5555555560000001,0.6,0.010707786,0
551.0798950195311,1.0,0.008794616,0.5555555560000001,0.6,0.005481446,0
16.303359985351562,1.0,0.008794616,0.5555555560000001,0.4,0.004745175999999999,1
162.64999389648438,1.0,0.008794616,0.5555555560000001,0.4,0.0034503899687571738,0
39.13000106811523,1.0,0.008794616,0.5555555560000001,0.4,0.00465951,1
34.540000915527344,1.0,0.008794616,0.5555555560000001,0.8,0.020851173,1
29.5,1.0,0.008794616,0.5555555560000001,0.4,0.004751985,1
47.56999969482422,1.0,0.008794616,0.5555555560000001,0.8,0.009548734,1
108.86000061035156,1.0,0.006106248000000001,0.577777778,0.6,0.007111594000000001,1
296.5199890136719,1.0,0.006106248000000001,0.577777778,0.6,0.01386759,0
542.9346313476561,1.0,0.006106248000000001,0.577777778,0.4,0.008280892,0
16.430517196655273,1.0,0.006106248000000001,0.577777778,0.6,0.0054046580000000006,1
161.82000732421875,1.0,0.006106248000000001,0.577777778,0.4,0.004299821476714764,0
39.290000915527344,1.0,0.006106248000000001,0.577777778,0.6,0.0051150729999999995,1
33.759998321533196,1.0,0.006106248000000001,0.577777778,0.6,0.024300729,0
29.57999992370605,1.0,0.006106248000000001,0.577777778,0.6,0.0043496920000000005,1
47.86000061035156,1.0,0.006106248000000001,0.577777778,0.8,0.010208745,1
108.6999969482422,1.0,0.005235203,0.577777778,0.6,0.0067348040000000005,0
296.6400146484375,1.0,0.005235203,0.577777778,0.6,0.010582565,1
539.0758666992189,1.0,0.005235203,0.577777778,0.2,0.00934553,0
16.416893005371097,1.0,0.005235203,0.577777778,0.6,0.0052313179999999996,0
161.4600067138672,1.0,0.005235203,0.577777778,0.2,0.003655810397938776,0
39.810001373291016,1.0,0.005235203,0.577777778,0.8,0.007347327,1
33.81999969482422,1.0,0.005235203,0.577777778,0.8,0.016755265,1
27.899999618530273,1.0,0.005235203,0.577777778,0.4,0.015301945,0
48.70000076293945,1.0,0.005235203,0.577777778,1.0,0.011273683,1
109.01000213623048,0.8,0.003035006,0.5111111110000001,0.6,0.005398298,1
299.8599853515625,0.8,0.003035006,0.5111111110000001,0.6,0.008480291,1
538.051513671875,0.8,0.003035006,0.5111111110000001,0.0,0.006538275,0
16.521345138549805,0.8,0.003035006,0.5111111110000001,0.6,0.003332803,1
162.07000732421875,0.8,0.003035006,0.5111111110000001,0.2,0.004350585327162249,1
39.93999862670898,0.8,0.003035006,0.5111111110000001,0.8,0.005143276,1
33.580001831054695,0.8,0.003035006,0.5111111110000001,0.6,0.009396161,0
26.6299991607666,0.8,0.003035006,0.5111111110000001,0.4,0.02393228,0
48.68000030517578,0.8,0.003035006,0.5111111110000001,0.8,0.007447019,0
108.83000183105469,0.8,0.002470409,0.577777778,0.4,0.003135948,0
305.1099853515625,0.8,0.002470409,0.577777778,0.6,0.011811683,1
544.49609375,0.8,0.002470409,0.577777778,0.2,0.007552947,1
16.75749397277832,0.8,0.002470409,0.577777778,0.8,0.006080031,1
163.49000549316406,0.8,0.002470409,0.577777778,0.4,0.0060542585942670035,1
40.45000076293945,0.8,0.002470409,0.577777778,1.0,0.007389832,1
33.259998321533196,0.8,0.002470409,0.577777778,0.4,0.009537873,0
27.20000076293945,0.8,0.002470409,0.577777778,0.6,0.026788972999999997,1
48.88999938964844,0.8,0.002470409,0.577777778,0.8,0.006222475,1
109.6999969482422,0.8,0.002825458,0.6,0.6,0.003272235,1
312.010009765625,0.8,0.002825458,0.6,0.8,0.014430953,1
547.28076171875,0.8,0.002825458,0.6,0.4,0.008175965,1
16.693914413452152,0.8,0.002825458,0.6,0.6,0.006615757,0
163.3000030517578,0.8,0.002825458,0.6,0.4,0.004205885281388593,0
40.47000122070313,0.8,0.002825458,0.6,1.0,0.006770592,1
33.310001373291016,0.8,0.002825458,0.6,0.4,0.008497839,1
28.06999969482422,0.8,0.002825458,0.6,0.6,0.031683296,1
48.86999893188477,0.8,0.002825458,0.6,0.6,0.005756228,0
111.25,0.6,0.0036808220000000003,0.533333333,0.6,0.005619304,1
311.510009765625,0.6,0.0036808220000000003,0.533333333,0.8,0.01059703,0
544.3170776367189,0.6,0.0036808220000000003,0.533333333,0.4,0.006302913,0
16.580381393432614,0.6,0.0036808220000000003,0.533333333,0.4,0.00641604,0
161.9199981689453,0.6,0.0036808220000000003,0.533333333,0.4,0.004875452175372314,0
40.13999938964844,0.6,0.0036808220000000003,0.533333333,0.8,0.007583653,0
33.380001068115234,0.6,0.0036808220000000003,0.533333333,0.6,0.004401614,1
27.75,0.6,0.0036808220000000003,0.533333333,0.4,0.033420936,0
48.77999877929688,0.6,0.0036808220000000003,0.533333333,0.4,0.004905293,0
112.81999969482422,0.4,0.004039383,0.577777778,0.8,0.008147813,1
316.4800109863281,0.4,0.004039383,0.577777778,0.8,0.013706983,1
542.3975830078125,0.4,0.004039383,0.577777778,0.4,0.005586751,0
16.512262344360348,0.4,0.004039383,0.577777778,0.4,0.007071882,0
162.7899932861328,0.4,0.004039383,0.577777778,0.6,0.00550511134433327,1
40.72000122070313,0.4,0.004039383,0.577777778,0.8,0.007826561,1
33.68000030517578,0.4,0.004039383,0.577777778,0.6,0.005843634,1
27.60000038146973,0.4,0.004039383,0.577777778,0.4,0.023142986,0
49.61000061035156,0.4,0.004039383,0.577777778,0.4,0.004798096,1
114.18000030517578,0.4,0.003993947,0.622222222,0.8,0.009988347,1
327.82000732421875,0.4,0.003993947,0.622222222,0.8,0.018702349,1
541.4229736328125,0.4,0.003993947,0.622222222,0.4,0.005566081999999999,0
16.766576766967773,0.4,0.003993947,0.622222222,0.4,0.008879696,1
164.16000366210938,0.4,0.003993947,0.622222222,0.6,0.006432668404025269,1
40.84000015258789,0.4,0.003993947,0.622222222,0.8,0.007762858,1
33.950000762939446,0.4,0.003993947,0.622222222,0.8,0.006027696,1
28.149999618530273,0.4,0.003993947,0.622222222,0.6,0.018024541,1
49.58000183105469,0.4,0.003993947,0.622222222,0.4,0.004836897,0
113.98999786376952,0.2,0.0035386859999999997,0.533333333,0.8,0.009990914,0
323.04998779296875,0.2,0.0035386859999999997,0.533333333,0.6,0.01811086,0
533.5761108398439,0.2,0.0035386859999999997,0.533333333,0.2,0.006069164,0
16.98910140991211,0.2,0.0035386859999999997,0.533333333,0.4,0.008675368000000001,1
164.16000366210938,0.2,0.0035386859999999997,0.533333333,0.4,0.0046803415023492214,0
41.15999984741211,0.2,0.0035386859999999997,0.533333333,0.8,0.006776106,1
34.240001678466804,0.2,0.0035386859999999997,0.533333333,1.0,0.0058301790000000004,1
27.489999771118164,0.2,0.0035386859999999997,0.533333333,0.4,0.018432807,0
49.459999084472656,0.2,0.0035386859999999997,0.533333333,0.2,0.0044582,0
115.47000122070312,0.2,0.003637638,0.5111111110000001,0.8,0.010988824,1
324.92999267578125,0.2,0.003637638,0.5111111110000001,0.6,0.014751793999999999,1
532.1041870117189,0.2,0.003637638,0.5111111110000001,0.0,0.005598041999999999,0
17.029972076416016,0.2,0.003637638,0.5111111110000001,0.6,0.008397688,1
161.88999938964844,0.2,0.003637638,0.5111111110000001,0.4,0.007213508090951259,0
41.2599983215332,0.2,0.003637638,0.5111111110000001,0.8,0.0071631180000000004,1
34.709999084472656,0.2,0.003637638,0.5111111110000001,1.0,0.008274811,1
26.85000038146973,0.2,0.003637638,0.5111111110000001,0.2,0.01669199,0
48.7400016784668,0.2,0.003637638,0.5111111110000001,0.2,0.007287815,0
114.66999816894531,0.2,0.002598849,0.533333333,0.6,0.009548576,0
326.5400085449219,0.2,0.002598849,0.533333333,0.8,0.015422284,1
534.053466796875,0.2,0.002598849,0.533333333,0.2,0.005247651999999999,1
16.884651184082028,0.2,0.002598849,0.533333333,0.6,0.008744165,0
161.42999267578125,0.2,0.002598849,0.533333333,0.4,0.006091656702321794,0
40.91999816894531,0.2,0.002598849,0.533333333,0.8,0.007180356999999999,0
34.34999847412109,0.2,0.002598849,0.533333333,0.8,0.009928853,0
26.920000076293945,0.2,0.002598849,0.533333333,0.4,0.014933391,1
48.22000122070313,0.2,0.002598849,0.533333333,0.2,0.009053263,0
116.30999755859376,0.4,0.002327248,0.488888889,0.6,0.009586486,1
330.5400085449219,0.4,0.002327248,0.488888889,0.8,0.014681304,1
531.9052734375,0.4,0.002327248,0.488888889,0.2,0.005346853,0
16.771116256713867,0.4,0.002327248,0.488888889,0.6,0.009267312,0
160.63999938964844,0.4,0.002327248,0.488888889,0.2,0.005995802105064501,0
40.91999816894531,0.4,0.002327248,0.488888889,0.6,0.004290463,0
35.95000076293945,0.4,0.002327248,0.488888889,0.8,0.017447254,1
26.649999618530273,0.4,0.002327248,0.488888889,0.4,0.01585826,0
48.70000076293945,0.4,0.002327248,0.488888889,0.2,0.007641095,1
116.47000122070312,0.4,0.002553311,0.488888889,0.6,0.007450698,1
332.6300048828125,0.4,0.002553311,0.488888889,0.8,0.008779572,1
534.5606689453125,0.4,0.002553311,0.488888889,0.4,0.005985929,1
16.92098045349121,0.4,0.002553311,0.488888889,0.6,0.007974172,1
160.9199981689453,0.4,0.002553311,0.488888889,0.2,0.004661243276534564,1
41.43999862670898,0.4,0.002553311,0.488888889,0.6,0.0062426240000000004,1
35.59000015258789,0.4,0.002553311,0.488888889,0.6,0.01784671,0
27.54999923706055,0.4,0.002553311,0.488888889,0.4,0.018626977,1
47.97999954223633,0.4,0.002553311,0.488888889,0.2,0.01047704,0
118.62999725341795,0.6,0.004773884,0.5555555560000001,0.8,0.010826988000000001,1
335.6400146484375,0.6,0.004773884,0.5555555560000001,1.0,0.007679251,1
536.321044921875,0.6,0.004773884,0.5555555560000001,0.6,0.003745947,1
17.029972076416016,0.6,0.004773884,0.5555555560000001,0.6,0.0066080309999999995,1
162.14999389648438,0.6,0.004773884,0.5555555560000001,0.4,0.0061899479018574215,1
41.43000030517578,0.6,0.004773884,0.5555555560000001,0.4,0.004723789,0
36.25,0.6,0.004773884,0.5555555560000001,0.6,0.019847216,1
27.520000457763672,0.6,0.004773884,0.5555555560000001,0.4,0.01415559,0
47.59000015258789,0.6,0.004773884,0.5555555560000001,0.2,0.011618638,0
117.5999984741211,0.4,0.003853565,0.5111111110000001,0.6,0.009966753,0
335.0400085449219,0.4,0.003853565,0.5111111110000001,0.8,0.006872871,0
538.12109375,0.4,0.003853565,0.5111111110000001,0.8,0.003865485,1
17.08901023864746,0.4,0.003853565,0.5111111110000001,0.6,0.006820235,1
161.75999450683594,0.4,0.003853565,0.5111111110000001,0.4,0.003905383559391801,0
41.150001525878906,0.4,0.003853565,0.5111111110000001,0.2,0.005589559,0
36.31999969482422,0.4,0.003853565,0.5111111110000001,0.6,0.01748811,1
27.479999542236328,0.4,0.003853565,0.5111111110000001,0.4,0.00979006,0
47.47000122070313,0.4,0.003853565,0.5111111110000001,0.2,0.009211508,0
119.0,0.6,0.00492967,0.6,0.8,0.010962061,1
333.57000732421875,0.6,0.00492967,0.6,0.6,0.0067593869999999995,0
537.4149780273439,0.6,0.00492967,0.6,0.6,0.0033952540000000003,0
17.783832550048828,0.6,0.00492967,0.6,0.8,0.01324539,1
161.9499969482422,0.6,0.00492967,0.6,0.6,0.003572007105720033,1
41.86999893188477,0.6,0.00492967,0.6,0.4,0.007440853000000001,1
36.900001525878906,0.6,0.00492967,0.6,0.8,0.018607619,1
27.88999938964844,0.6,0.00492967,0.6,0.4,0.012252633999999998,1
47.75,0.6,0.00492967,0.6,0.4,0.008257422,1
118.93000030517578,0.6,0.00446801,0.666666667,0.6,0.008219327,0
338.6400146484375,0.6,0.00446801,0.666666667,0.6,0.007349303000000001,1
538.8670043945311,0.6,0.00446801,0.666666667,0.8,0.003131142,1
17.738420486450195,0.6,0.00446801,0.666666667,0.8,0.012411271000000001,0
162.1699981689453,0.6,0.00446801,0.666666667,0.8,0.002864953284347416,1
42.40999984741211,0.6,0.00446801,0.666666667,0.6,0.01002027,1
37.25,0.6,0.00446801,0.666666667,0.8,0.01118875,1
27.96999931335449,0.6,0.00446801,0.666666667,0.6,0.010820369,1
47.81000137329102,0.6,0.00446801,0.666666667,0.4,0.006517864,1
115.06999969482422,0.6,0.007046406,0.533333333,0.4,0.014435408,0
326.0,0.6,0.007046406,0.533333333,0.4,0.013549871000000002,0
530.8809204101561,0.6,0.007046406,0.533333333,0.6,0.005096723,0
17.5113525390625,0.6,0.007046406,0.533333333,0.6,0.013184284,0
161.5399932861328,0.6,0.007046406,0.533333333,0.6,0.0032933177025655093,0
42.08000183105469,0.6,0.007046406,0.533333333,0.4,0.00903495,0
37.16999816894531,0.6,0.007046406,0.533333333,0.8,0.009615505,0
27.1299991607666,0.6,0.007046406,0.533333333,0.4,0.010072587,0
48.61999893188477,0.6,0.007046406,0.533333333,0.6,0.006949382,1
114.62999725341795,0.6,0.008211605,0.533333333,0.2,0.011491062,0
326.30999755859375,0.6,0.008211605,0.533333333,0.4,0.011930228999999999,1
530.8311767578125,0.6,0.008211605,0.533333333,0.4,0.004456838,0
17.688465118408203,0.6,0.008211605,0.533333333,0.6,0.013918873,1
162.6699981689453,0.6,0.008211605,0.533333333,0.6,0.003163653475629872,1
42.18000030517578,0.6,0.008211605,0.533333333,0.6,0.009461974,1
37.599998474121094,0.6,0.008211605,0.533333333,0.8,0.008220294,1
27.45000076293945,0.6,0.008211605,0.533333333,0.6,0.012213834,1
48.459999084472656,0.6,0.008211605,0.533333333,0.6,0.005981871999999999,0
115.93000030517578,0.8,0.010028448,0.533333333,0.4,0.012022745,1
316.5,0.8,0.010028448,0.533333333,0.4,0.017585385,0
528.4144897460939,0.8,0.010028448,0.533333333,0.2,0.004696109,0
17.73387908935547,0.8,0.010028448,0.533333333,0.6,0.013739015,1
164.52000427246094,0.8,0.010028448,0.533333333,0.8,0.0049571692168476995,1
42.060001373291016,0.8,0.010028448,0.533333333,0.6,0.008679286999999999,0
37.43000030517578,0.8,0.010028448,0.533333333,0.6,0.008738335,0
26.88999938964844,0.8,0.010028448,0.533333333,0.6,0.016003285,0
48.08000183105469,0.8,0.010028448,0.533333333,0.6,0.007045861,0
115.48999786376952,0.8,0.010663556999999999,0.5111111110000001,0.2,0.010400872,0
316.92999267578125,0.8,0.010663556999999999,0.5111111110000001,0.6,0.016979595,1
534.3717651367189,0.8,0.010663556999999999,0.5111111110000001,0.4,0.006688445,1
17.742961883544922,0.8,0.010663556999999999,0.5111111110000001,0.6,0.005709646999999999,1
164.0500030517578,0.8,0.010663556999999999,0.5111111110000001,0.6,0.00529361083988479,0
41.88999938964844,0.8,0.010663556999999999,0.5111111110000001,0.4,0.005988286,0
37.459999084472656,0.8,0.010663556999999999,0.5111111110000001,0.6,0.005704785,1
27.03000068664551,0.8,0.010663556999999999,0.5111111110000001,0.6,0.014060587,1
48.84000015258789,0.8,0.010663556999999999,0.5111111110000001,0.6,0.009027565,1
115.0,0.6,0.011438565,0.444444444,0.2,0.011131781,0
312.6300048828125,0.6,0.011438565,0.444444444,0.4,0.016653274,0
522.3876342773439,0.6,0.011438565,0.444444444,0.2,0.010633387,0
17.96094512939453,0.6,0.011438565,0.444444444,0.8,0.007656059000000001,1
163.27000427246094,0.6,0.011438565,0.444444444,0.4,0.005972848623159049,0
41.93000030517578,0.6,0.011438565,0.444444444,0.4,0.003599849,1
37.66999816894531,0.6,0.011438565,0.444444444,0.6,0.004928965,1
27.040000915527344,0.6,0.011438565,0.444444444,0.6,0.013560899,1
48.41999816894531,0.6,0.011438565,0.444444444,0.4,0.01049616,0
112.4000015258789,0.8,0.011127818999999999,0.46666666700000003,0.2,0.009162303,0
306.6400146484375,0.8,0.011127818999999999,0.46666666700000003,0.4,0.013020111000000001,0
524.0982055664061,0.8,0.011127818999999999,0.46666666700000003,0.4,0.008324264,1
17.465940475463867,0.8,0.011127818999999999,0.46666666700000003,0.8,0.010607887,0
161.86000061035156,0.8,0.011127818999999999,0.46666666700000003,0.4,0.006923084929474433,0
41.36999893188477,0.8,0.011127818999999999,0.46666666700000003,0.4,0.004714747,0
37.20000076293945,0.8,0.011127818999999999,0.46666666700000003,0.6,0.0069947659999999995,0
27.31999969482422,0.8,0.011127818999999999,0.46666666700000003,0.8,0.009625459,1
47.70000076293945,0.8,0.011127818999999999,0.46666666700000003,0.2,0.010081725,0
114.12000274658205,0.8,0.008162151999999999,0.444444444,0.4,0.011458046999999999,1
312.5,0.8,0.008162151999999999,0.444444444,0.4,0.01665199,1
530.4533081054689,0.8,0.008162151999999999,0.444444444,0.6,0.010730681,1
17.34786605834961,0.8,0.008162151999999999,0.444444444,0.6,0.009937109,0
162.99000549316406,0.8,0.008162151999999999,0.444444444,0.4,0.0069203189392812205,1
41.86999893188477,0.8,0.008162151999999999,0.444444444,0.4,0.00665668,1
36.88999938964844,0.8,0.008162151999999999,0.444444444,0.4,0.006347744000000001,0
27.25,0.8,0.008162151999999999,0.444444444,0.6,0.007778878,0
47.59000015258789,0.8,0.008162151999999999,0.444444444,0.2,0.009884778,0
111.9499969482422,0.6,0.008748335999999999,0.4,0.2,0.012992898999999999,0
305.8399963378906,0.6,0.008748335999999999,0.4,0.4,0.014901706,0
523.1832275390625,0.6,0.008748335999999999,0.4,0.6,0.012561234,0
16.966394424438473,0.6,0.008748335999999999,0.4,0.4,0.013821531000000001,0
160.50999450683594,0.6,0.008748335999999999,0.4,0.2,0.007688912713955938,0
40.91999816894531,0.6,0.008748335999999999,0.4,0.4,0.010625553999999999,0
36.41999816894531,0.6,0.008748335999999999,0.4,0.4,0.007991620999999999,0
27.51000022888184,0.6,0.008748335999999999,0.4,0.8,0.005606981,1
46.9000015258789,0.6,0.008748335999999999,0.4,0.2,0.011216249,0
111.62000274658205,0.6,0.012145613000000001,0.4,0.2,0.012823353999999999,0
307.3599853515625,0.6,0.012145613000000001,0.4,0.4,0.015623966000000001,1
525.4508056640625,0.6,0.012145613000000001,0.4,0.6,0.011173299,1
17.470481872558597,0.6,0.012145613000000001,0.4,0.4,0.019661283999999998,1
161.07000732421875,0.6,0.012145613000000001,0.4,0.4,0.007815343973774412,1
40.7599983215332,0.6,0.012145613000000001,0.4,0.4,0.010599188,0
36.70000076293945,0.6,0.012145613000000001,0.4,0.4,0.00936896,1
27.32999992370605,0.6,0.012145613000000001,0.4,0.6,0.005874309,0
47.16999816894531,0.6,0.012145613000000001,0.4,0.2,0.00920623,1
109.7300033569336,0.6,0.014675623999999998,0.311111111,0.2,0.015361288999999998,0
307.32000732421875,0.6,0.014675623999999998,0.311111111,0.4,0.012936453999999998,0
515.82373046875,0.6,0.014675623999999998,0.311111111,0.6,0.010352294,0
17.261579513549805,0.6,0.014675623999999998,0.311111111,0.2,0.019595649,0
155.3800048828125,0.6,0.014675623999999998,0.311111111,0.4,0.01392966972829636,0
39.95000076293945,0.6,0.014675623999999998,0.311111111,0.2,0.014382681000000001,0
36.22999954223633,0.6,0.014675623999999998,0.311111111,0.2,0.010809083,0
26.88999938964844,0.6,0.014675623999999998,0.311111111,0.4,0.009020224,0
46.95000076293945,0.6,0.014675623999999998,0.311111111,0.2,0.008419105999999999,0
108.2300033569336,0.6,0.01365433,0.288888889,0.2,0.013573535,0
306.07000732421875,0.6,0.01365433,0.288888889,0.4,0.009917939,0
510.99029541015625,0.6,0.01365433,0.288888889,0.4,0.011571453999999998,0
17.079927444458008,0.6,0.01365433,0.288888889,0.2,0.016188336,0
153.05999755859375,0.6,0.01365433,0.288888889,0.4,0.01518870159188128,0
41.11000061035156,0.6,0.01365433,0.288888889,0.4,0.017518814,1
35.91999816894531,0.6,0.01365433,0.288888889,0.2,0.010025039,0
26.78000068664551,0.6,0.01365433,0.288888889,0.2,0.0077673659999999995,0
46.66999816894531,0.6,0.01365433,0.288888889,0.2,0.0066379080000000005,0
106.75,0.4,0.016105243999999998,0.177777778,0.0,0.013247958,0
295.05999755859375,0.4,0.016105243999999998,0.177777778,0.2,0.013290316000000002,0
492.68096923828125,0.4,0.016105243999999998,0.177777778,0.2,0.016312509,0
16.94822883605957,0.4,0.016105243999999998,0.177777778,0.2,0.016378428,0
151.41000366210938,0.4,0.016105243999999998,0.177777778,0.2,0.015948436490890783,0
40.63000106811523,0.4,0.016105243999999998,0.177777778,0.2,0.017436799,0
35.560001373291016,0.4,0.016105243999999998,0.177777778,0.2,0.010362801,0
26.670000076293945,0.4,0.016105243999999998,0.177777778,0.2,0.008076436,0
45.15999984741211,0.4,0.016105243999999998,0.177777778,0.2,0.012647648999999999,0
109.41000366210938,0.6,0.016887705,0.333333333,0.2,0.014428547,1
298.8800048828125,0.6,0.016887705,0.333333333,0.4,0.011617222,1
502.1290283203125,0.6,0.016887705,0.333333333,0.4,0.017406793,1
17.55222511291504,0.6,0.016887705,0.333333333,0.4,0.019108063999999998,1
151.92999267578125,0.6,0.016887705,0.333333333,0.4,0.013592153795796206,1
41.15999984741211,0.6,0.016887705,0.333333333,0.4,0.015507844,1
36.2400016784668,0.6,0.016887705,0.333333333,0.4,0.011639202,1
25.81999969482422,0.6,0.016887705,0.333333333,0.0,0.012542383999999998,0
45.7400016784668,0.6,0.016887705,0.333333333,0.4,0.012316539,1
112.6500015258789,0.6,0.01745049,0.355555556,0.4,0.01976168,1
297.7300109863281,0.6,0.01745049,0.355555556,0.2,0.011392781000000001,0
508.3050537109375,0.6,0.01745049,0.355555556,0.4,0.01899989,1
18.08356094360352,0.6,0.01745049,0.355555556,0.4,0.019220218,1
157.67999267578125,0.6,0.01745049,0.355555556,0.4,0.020463637650643424,1
45.349998474121094,0.6,0.01745049,0.355555556,0.6,0.035085397000000004,1
37.02000045776367,0.6,0.01745049,0.355555556,0.4,0.014406200000000001,1
25.559999465942386,0.6,0.01745049,0.355555556,0.0,0.013247711,0
47.52000045776367,0.6,0.01745049,0.355555556,0.4,0.018948283,1
111.77999877929688,0.8,0.017257017,0.5111111110000001,0.4,0.017919803,0
299.8999938964844,0.8,0.017257017,0.5111111110000001,0.4,0.012824453000000001,1
513.5263671875,0.8,0.017257017,0.5111111110000001,0.6,0.017389981000000002,1
18.11989021301269,0.8,0.017257017,0.5111111110000001,0.6,0.017230521999999998,1
158.50999450683594,0.8,0.017257017,0.5111111110000001,0.6,0.014451151272640506,1
46.0,0.8,0.017257017,0.5111111110000001,0.8,0.033977524,1
36.36999893188477,0.8,0.017257017,0.5111111110000001,0.4,0.015356508999999999,0
26.3799991607666,0.8,0.017257017,0.5111111110000001,0.2,0.016444075,1
47.65999984741211,0.8,0.017257017,0.5111111110000001,0.6,0.018604721,1
112.94000244140624,0.8,0.018203496,0.622222222,0.6,0.017261332,1
306.5400085449219,0.8,0.018203496,0.622222222,0.6,0.016439121,1
521.999755859375,0.8,0.018203496,0.622222222,0.8,0.018815995,1
18.074478149414066,0.8,0.018203496,0.622222222,0.6,0.015627064,0
161.44000244140625,0.8,0.018203496,0.622222222,0.8,0.015161852403504688,1
45.6500015258789,0.8,0.018203496,0.622222222,0.6,0.029691997999999997,0
37.209999084472656,0.8,0.018203496,0.622222222,0.6,0.018264405,1
26.15999984741211,0.8,0.018203496,0.622222222,0.2,0.017293862,0
47.97999954223633,0.8,0.018203496,0.622222222,0.8,0.018754796,1
112.54000091552734,0.8,0.015712716,0.7555555559999999,0.6,0.015234753,0
306.2900085449219,0.8,0.015712716,0.7555555559999999,0.6,0.009407793000000001,0
527.6884765625,0.8,0.015712716,0.7555555559999999,1.0,0.01382937,1
18.328792572021484,0.8,0.015712716,0.7555555559999999,0.8,0.016898991000000002,1
162.24000549316406,0.8,0.015712716,0.7555555559999999,1.0,0.013996927139487024,1
46.0099983215332,0.8,0.015712716,0.7555555559999999,0.8,0.028934006,1
37.43000030517578,0.8,0.015712716,0.7555555559999999,0.8,0.017442453,1
25.95000076293945,0.8,0.015712716,0.7555555559999999,0.2,0.018077846,0
48.45000076293945,0.8,0.015712716,0.7555555559999999,1.0,0.014242991000000002,1
112.01000213623048,0.6,0.013886414,0.666666667,0.4,0.011193025,0
303.0299987792969,0.6,0.013886414,0.666666667,0.4,0.008947192,0
525.87841796875,0.6,0.013886414,0.666666667,0.8,0.010680037,0
18.41053581237793,0.6,0.013886414,0.666666667,0.8,0.010663411999999999,1
161.82000732421875,0.6,0.013886414,0.666666667,0.8,0.013827814180242422,0
46.22999954223633,0.6,0.013886414,0.666666667,0.8,0.027281421,1
37.43999862670898,0.6,0.013886414,0.666666667,0.8,0.013671353999999998,1
26.040000915527344,0.6,0.013886414,0.666666667,0.4,0.012397283,1
48.13999938964844,0.6,0.013886414,0.666666667,0.8,0.012954013,0
113.98999786376952,0.4,0.008333804,0.666666667,0.4,0.008805744,1
309.0899963378906,0.4,0.008333804,0.666666667,0.6,0.012177259,1
531.1096801757811,0.4,0.008333804,0.666666667,0.8,0.010209634,1
18.483196258544922,0.4,0.008333804,0.666666667,0.8,0.005398406,1
162.33999633789062,0.4,0.008333804,0.666666667,0.8,0.0069012142916219385,1
46.099998474121094,0.4,0.008333804,0.666666667,0.6,0.007484266,0
37.54999923706055,0.4,0.008333804,0.666666667,0.8,0.009954335,1
26.63999938964844,0.4,0.008333804,0.666666667,0.6,0.014991622,1
47.88000106811523,0.4,0.008333804,0.666666667,0.6,0.006251073,0
113.91000366210938,0.4,0.005481369,0.5555555560000001,0.4,0.007401485,0
312.0400085449219,0.4,0.005481369,0.5555555560000001,0.6,0.012628411,1
527.429931640625,0.4,0.005481369,0.5555555560000001,0.6,0.009540916,0
18.48773765563965,0.4,0.005481369,0.5555555560000001,0.8,0.005045754,1
160.50999450683594,0.4,0.005481369,0.5555555560000001,0.6,0.008102976667854169,0
45.61000061035156,0.4,0.005481369,0.5555555560000001,0.4,0.00674347,0
37.18000030517578,0.4,0.005481369,0.5555555560000001,0.8,0.008413410999999999,0
26.29999923706055,0.4,0.005481369,0.5555555560000001,0.4,0.011127902,0
47.45000076293945,0.4,0.005481369,0.5555555560000001,0.4,0.007458008,0
112.5199966430664,0.2,0.0039174940000000005,0.46666666700000003,0.2,0.007766508,0
310.29998779296875,0.2,0.0039174940000000005,0.46666666700000003,0.4,0.009315513000000001,0
527.5194091796875,0.2,0.0039174940000000005,0.46666666700000003,0.6,0.006274766,1
18.49227905273437,0.2,0.0039174940000000005,0.46666666700000003,1.0,0.004593643,1
160.0500030517578,0.2,0.0039174940000000005,0.46666666700000003,0.4,0.004979201273085985,0
45.34000015258789,0.2,0.0039174940000000005,0.46666666700000003,0.4,0.00640569,0
36.7599983215332,0.2,0.0039174940000000005,0.46666666700000003,0.6,0.006053509,0
26.170000076293945,0.2,0.0039174940000000005,0.46666666700000003,0.4,0.010448564,0
47.02000045776367,0.2,0.0039174940000000005,0.46666666700000003,0.2,0.007927600000000002,0
110.37999725341795,0.2,0.006064354,0.4,0.2,0.010861932,0
310.3500061035156,0.2,0.006064354,0.4,0.6,0.009184641,1
523.5214233398439,0.2,0.006064354,0.4,0.4,0.005610947,0
18.224342346191406,0.2,0.006064354,0.4,0.8,0.004677393,0
160.44000244140625,0.2,0.006064354,0.4,0.4,0.004475464161749073,1
44.97000122070313,0.2,0.006064354,0.4,0.2,0.006460595,0
36.290000915527344,0.2,0.006064354,0.4,0.4,0.007428137,0
26.21999931335449,0.2,0.006064354,0.4,0.6,0.009225177,1
46.45000076293945,0.2,0.006064354,0.4,0.0,0.008392944,0
109.33000183105469,0.2,0.00485337,0.4,0.2,0.011822557,0
308.5199890136719,0.2,0.00485337,0.4,0.6,0.008235258,0
521.937744140625,0.2,0.00485337,0.4,0.4,0.005529924,0
18.274295806884766,0.2,0.00485337,0.4,0.8,0.004333633,1
162.05999755859375,0.2,0.00485337,0.4,0.6,0.005977155361764162,1
44.33000183105469,0.2,0.00485337,0.4,0.0,0.008350615,0
36.36000061035156,0.2,0.00485337,0.4,0.4,0.007760493,1
26.10000038146973,0.2,0.00485337,0.4,0.4,0.009446858,0
46.7599983215332,0.2,0.00485337,0.4,0.2,0.008448025999999999,1
106.25,0.2,0.005733943000000001,0.24444444399999998,0.0,0.013921487,0
302.19000244140625,0.2,0.005733943000000001,0.24444444399999998,0.4,0.008339108000000001,0
511.0576171875,0.2,0.005733943000000001,0.24444444399999998,0.2,0.007709519000000001,0
17.970027923583984,0.2,0.005733943000000001,0.24444444399999998,0.6,0.006874307,0
159.50999450683594,0.2,0.005733943000000001,0.24444444399999998,0.4,0.008481465973977245,0
43.59000015258789,0.2,0.005733943000000001,0.24444444399999998,0.0,0.011126809,0
35.95000076293945,0.2,0.005733943000000001,0.24444444399999998,0.2,0.009428107,0
25.53000068664551,0.2,0.005733943000000001,0.24444444399999998,0.2,0.009206389,0
46.33000183105469,0.2,0.005733943000000001,0.24444444399999998,0.2,0.009207014,0
106.26000213623048,0.0,0.005243955,0.24444444399999998,0.2,0.013799961999999999,1
295.2900085449219,0.0,0.005243955,0.24444444399999998,0.2,0.010996931000000001,0
499.2127990722656,0.0,0.005243955,0.24444444399999998,0.2,0.01095925,0
17.83378791809082,0.0,0.005243955,0.24444444399999998,0.4,0.008341469,0
156.07000732421875,0.0,0.005243955,0.24444444399999998,0.4,0.010540129413264165,0
43.13999938964844,0.0,0.005243955,0.24444444399999998,0.0,0.011065702,0
35.279998779296875,0.0,0.005243955,0.24444444399999998,0.2,0.011184817,0
25.690000534057607,0.0,0.005243955,0.24444444399999998,0.4,0.007907261,1
45.6500015258789,0.0,0.005243955,0.24444444399999998,0.2,0.01034632,0
107.75,0.2,0.007201578,0.355555556,0.4,0.014163863999999998,1
298.4200134277344,0.2,0.007201578,0.355555556,0.4,0.012001629,1
498.3575134277344,0.2,0.007201578,0.355555556,0.0,0.011267973999999998,0
18.042688369750977,0.2,0.007201578,0.355555556,0.4,0.010635088999999999,1
155.0500030517578,0.2,0.007201578,0.355555556,0.4,0.011274078229416798,0
43.150001525878906,0.2,0.007201578,0.355555556,0.2,0.00992812,1
36.02000045776367,0.2,0.007201578,0.355555556,0.4,0.013120548999999999,1
26.95000076293945,0.2,0.007201578,0.355555556,0.6,0.01672794,1
46.22999954223633,0.2,0.007201578,0.355555556,0.4,0.01107495,1
111.88999938964844,0.4,0.007554234,0.488888889,0.6,0.018044551000000002,1
300.4599914550781,0.4,0.007554234,0.488888889,0.4,0.013336576000000001,1
499.9288635253906,0.4,0.007554234,0.488888889,0.2,0.010382818,1
18.4741153717041,0.4,0.007554234,0.488888889,0.6,0.012519559,1
158.4199981689453,0.4,0.007554234,0.488888889,0.4,0.01513370975723619,1
43.40999984741211,0.4,0.007554234,0.488888889,0.4,0.009501101999999999,1
36.68999862670898,0.4,0.007554234,0.488888889,0.6,0.014283581000000002,1
28.07999992370605,0.4,0.007554234,0.488888889,0.6,0.024731722999999997,1
47.59000015258789,0.4,0.007554234,0.488888889,0.6,0.014534078999999998,1
112.01000213623048,0.4,0.009218427,0.46666666700000003,0.8,0.016356541999999998,1
296.92999267578125,0.4,0.009218427,0.46666666700000003,0.4,0.014506981,0
493.4544982910156,0.4,0.009218427,0.46666666700000003,0.2,0.012367922,0
18.46957397460937,0.4,0.009218427,0.46666666700000003,0.4,0.012020518000000001,0
159.11000061035156,0.4,0.009218427,0.46666666700000003,0.4,0.013985374578510474,1
43.38999938964844,0.4,0.009218427,0.46666666700000003,0.4,0.00674691,0
36.7599983215332,0.4,0.009218427,0.46666666700000003,0.6,0.014279375,1
27.51000022888184,0.4,0.009218427,0.46666666700000003,0.6,0.027876226,0
47.18999862670898,0.4,0.009218427,0.46666666700000003,0.4,0.014880353,0
109.25,0.4,0.012915987,0.488888889,0.8,0.015650355,0
291.4100036621094,0.4,0.012915987,0.488888889,0.4,0.014121568999999999,0
489.85430908203125,0.4,0.012915987,0.488888889,0.2,0.009657971999999999,0
18.12897300720215,0.4,0.012915987,0.488888889,0.4,0.012378746999999999,0
156.44000244140625,0.4,0.012915987,0.488888889,0.4,0.014194554539690252,0
43.27000045776367,0.4,0.012915987,0.488888889,0.4,0.0039614229999999995,0
36.599998474121094,0.4,0.012915987,0.488888889,0.6,0.012894661000000002,0
27.56999969482422,0.4,0.012915987,0.488888889,0.8,0.023944612999999997,1
46.599998474121094,0.4,0.012915987,0.488888889,0.4,0.015541718999999999,0
110.22000122070312,0.4,0.01549324,0.533333333,0.8,0.017407274,1
294.739990234375,0.4,0.01549324,0.533333333,0.6,0.01184034,1
493.4644470214844,0.4,0.01549324,0.533333333,0.4,0.006496521999999999,1
18.07901954650879,0.4,0.01549324,0.533333333,0.4,0.011413534,0
156.80999755859375,0.4,0.01549324,0.533333333,0.6,0.010354379810964444,1
42.93000030517578,0.4,0.01549324,0.533333333,0.4,0.003468254,0
36.5,0.4,0.01549324,0.533333333,0.6,0.00971369,0
27.32999992370605,0.4,0.01549324,0.533333333,0.6,0.024432207999999997,0
46.36000061035156,0.4,0.01549324,0.533333333,0.4,0.013636289,0
109.8000030517578,0.2,0.017130733000000002,0.444444444,0.6,0.015364945,0
293.2699890136719,0.2,0.017130733000000002,0.444444444,0.4,0.010717876999999999,0
498.1287841796875,0.2,0.017130733000000002,0.444444444,0.6,0.008044313,1
17.920072555541992,0.2,0.017130733000000002,0.444444444,0.2,0.010829143999999999,0
155.8000030517578,0.2,0.017130733000000002,0.444444444,0.6,0.010335444776883964,0
43.060001373291016,0.2,0.017130733000000002,0.444444444,0.4,0.004027526,1
36.349998474121094,0.2,0.017130733000000002,0.444444444,0.4,0.0063405959999999996,0
27.63999938964844,0.2,0.017130733000000002,0.444444444,0.6,0.016891508,1
45.959999084472656,0.2,0.017130733000000002,0.444444444,0.2,0.012820856,0
106.81999969482422,0.2,0.014460582,0.26666666699999997,0.4,0.013108548000000001,0
286.95001220703125,0.2,0.014460582,0.26666666699999997,0.2,0.013660697,0
499.0437316894531,0.2,0.014460582,0.26666666699999997,0.6,0.007781055,1
17.343324661254886,0.2,0.014460582,0.26666666699999997,0.0,0.012483744,0
154.57000732421875,0.2,0.014460582,0.26666666699999997,0.4,0.007567408170163414,0
42.63000106811523,0.2,0.014460582,0.26666666699999997,0.2,0.00481965,0
36.18999862670898,0.2,0.014460582,0.26666666699999997,0.2,0.00350078,0
27.06999969482422,0.2,0.014460582,0.26666666699999997,0.4,0.01263007,0
45.47999954223633,0.2,0.014460582,0.26666666699999997,0.0,0.009025999,0
105.98999786376952,0.4,0.014695826,0.355555556,0.2,0.014448066,0
290.739990234375,0.4,0.014695826,0.355555556,0.4,0.013952527,1
505.29931640625,0.4,0.014695826,0.355555556,0.8,0.007697969,1
17.411443710327152,0.4,0.014695826,0.355555556,0.2,0.013220115,1
157.13999938964844,0.4,0.014695826,0.355555556,0.4,0.010021646728574193,1
43.5099983215332,0.4,0.014695826,0.355555556,0.4,0.008856038,1
36.45000076293945,0.4,0.014695826,0.355555556,0.2,0.004556079,1
26.670000076293945,0.4,0.014695826,0.355555556,0.4,0.011525541,0
46.2400016784668,0.4,0.014695826,0.355555556,0.2,0.010687105,1
108.72000122070312,0.4,0.011422551999999999,0.42222222200000004,0.4,0.014671367,1
289.44000244140625,0.4,0.011422551999999999,0.42222222200000004,0.4,0.011128748,0
504.1257629394531,0.4,0.011422551999999999,0.42222222200000004,0.8,0.00670329,0
17.53860092163086,0.4,0.011422551999999999,0.42222222200000004,0.4,0.010992493,1
156.9499969482422,0.4,0.011422551999999999,0.42222222200000004,0.4,0.006907306041573294,0
43.900001525878906,0.4,0.011422551999999999,0.42222222200000004,0.6,0.010095626,1
36.09000015258789,0.4,0.011422551999999999,0.42222222200000004,0.2,0.00566088,0
26.61000061035156,0.4,0.011422551999999999,0.42222222200000004,0.2,0.01153928,0
46.38999938964844,0.4,0.011422551999999999,0.42222222200000004,0.4,0.008835354,1
109.5500030517578,0.4,0.00980742,0.444444444,0.4,0.014422482,1
297.25,0.4,0.00980742,0.444444444,0.4,0.014239943,1
515.2047729492189,0.4,0.00980742,0.444444444,0.8,0.009624661999999999,1
17.515893936157227,0.4,0.00980742,0.444444444,0.4,0.010700341,0
152.08999633789062,0.4,0.00980742,0.444444444,0.2,0.012627343500801105,0
43.4900016784668,0.4,0.00980742,0.444444444,0.6,0.010391979,0
36.47999954223633,0.4,0.00980742,0.444444444,0.4,0.0072757,1
26.790000915527344,0.4,0.00980742,0.444444444,0.4,0.011151136,1
45.91999816894531,0.4,0.00980742,0.444444444,0.4,0.009831624,0
112.4000015258789,0.6,0.008987748,0.5555555560000001,0.6,0.018863473999999998,1
310.32000732421875,0.6,0.008987748,0.5555555560000001,0.6,0.022036403,1
531.46533203125,0.6,0.008987748,0.5555555560000001,0.8,0.014046487,1
18.19255256652832,0.6,0.008987748,0.5555555560000001,0.6,0.016668207,1
155.38999938964844,0.6,0.008987748,0.5555555560000001,0.4,0.015678707254055402,1
44.04999923706055,0.6,0.008987748,0.5555555560000001,0.6,0.01236163,1
36.90999984741211,0.6,0.008987748,0.5555555560000001,0.6,0.008811231999999999,1
26.61000061035156,0.6,0.008987748,0.5555555560000001,0.2,0.010226358,0
47.13000106811523,0.6,0.008987748,0.5555555560000001,0.6,0.013376039,1
112.9800033569336,0.6,0.008635684,0.7111111109999999,0.8,0.014467448999999999,1
312.3900146484375,0.6,0.008635684,0.7111111109999999,0.8,0.019060508,1
536.994873046875,0.6,0.008635684,0.7111111109999999,0.8,0.015759999,1
18.201635360717773,0.6,0.008635684,0.7111111109999999,0.8,0.010331166,1
155.8699951171875,0.6,0.008635684,0.7111111109999999,0.6,0.01471756027777204,1
44.18999862670898,0.6,0.008635684,0.7111111109999999,0.8,0.011000053999999999,1
36.45000076293945,0.6,0.008635684,0.7111111109999999,0.6,0.010423446999999999,0
26.93000030517578,0.6,0.008635684,0.7111111109999999,0.4,0.008507011,1
47.18000030517578,0.6,0.008635684,0.7111111109999999,0.8,0.011499444,1
113.0999984741211,0.6,0.006362186999999999,0.622222222,1.0,0.013125848,1
309.6600036621094,0.6,0.006362186999999999,0.622222222,0.6,0.018166771,0
532.2808227539061,0.6,0.006362186999999999,0.622222222,0.6,0.015008686,0
17.63850975036621,0.6,0.006362186999999999,0.622222222,0.6,0.015733267,0
156.36000061035156,0.6,0.006362186999999999,0.622222222,0.6,0.012020952630712987,1
43.900001525878906,0.6,0.006362186999999999,0.622222222,0.6,0.00818402,0
35.810001373291016,0.6,0.006362186999999999,0.622222222,0.4,0.012498231,0
27.32999992370605,0.6,0.006362186999999999,0.622222222,0.6,0.008522374000000001,1
47.0099983215332,0.6,0.006362186999999999,0.622222222,0.6,0.008877959,0
109.13999938964844,0.6,0.0069975359999999995,0.533333333,0.8,0.014977063,0
306.75,0.6,0.0069975359999999995,0.533333333,0.6,0.019151992,0
515.7915649414061,0.6,0.0069975359999999995,0.533333333,0.6,0.020739886000000003,0
16.966394424438473,0.6,0.0069975359999999995,0.533333333,0.4,0.02189365,0
153.6699981689453,0.6,0.0069975359999999995,0.533333333,0.6,0.015219907745755485,0
43.400001525878906,0.6,0.0069975359999999995,0.533333333,0.4,0.008669218000000001,0
34.189998626708984,0.6,0.0069975359999999995,0.533333333,0.4,0.019570686,0
27.03000068664551,0.6,0.0069975359999999995,0.533333333,0.6,0.010267819000000001,0
42.65999984741211,0.6,0.0069975359999999995,0.533333333,0.4,0.026735875,0
115.30999755859376,0.6,0.01042329,0.444444444,0.8,0.024756777,1
303.9100036621094,0.6,0.01042329,0.444444444,0.4,0.015607033999999999,0
507.20880126953125,0.6,0.01042329,0.444444444,0.4,0.019672547,0
16.875568389892578,0.6,0.01042329,0.444444444,0.4,0.022705371000000002,0
151.5500030517578,0.6,0.01042329,0.444444444,0.6,0.011786004649748657,0
42.68999862670898,0.6,0.01042329,0.444444444,0.4,0.01007324,0
33.779998779296875,0.6,0.01042329,0.444444444,0.2,0.019807787,0
26.38999938964844,0.6,0.01042329,0.444444444,0.4,0.01365043,0
41.18999862670898,0.6,0.01042329,0.444444444,0.4,0.031601278999999996,0
118.9000015258789,0.6,0.007324393,0.444444444,0.8,0.025780377,1
311.7799987792969,0.6,0.007324393,0.444444444,0.4,0.011992247,1
507.8652038574219,0.6,0.007324393,0.444444444,0.4,0.013619106,1
17.13896369934082,0.6,0.007324393,0.444444444,0.4,0.018100763,1
155.47999572753906,0.6,0.007324393,0.444444444,0.6,0.012632862087170741,1
42.86000061035156,0.6,0.007324393,0.444444444,0.4,0.008294395,1
34.209999084472656,0.6,0.007324393,0.444444444,0.2,0.019996216,1
25.86000061035156,0.6,0.007324393,0.444444444,0.4,0.016323307,0
42.0099983215332,0.6,0.007324393,0.444444444,0.4,0.030312778999999998,1
117.16000366210938,0.6,0.009142363,0.311111111,0.6,0.027675171000000002,0
354.5299987792969,0.6,0.009142363,0.311111111,0.4,0.038081317999999996,1
531.5946044921875,0.6,0.009142363,0.311111111,0.4,0.020883003,1
16.40781021118164,0.6,0.009142363,0.311111111,0.2,0.026532972999999998,0
153.30999755859375,0.6,0.009142363,0.311111111,0.4,0.014806420733242438,0
41.88999938964844,0.6,0.009142363,0.311111111,0.2,0.012185126999999999,0
33.040000915527344,0.6,0.009142363,0.311111111,0.2,0.024343766,0
25.63999938964844,0.6,0.009142363,0.311111111,0.2,0.015619677,0
40.400001525878906,0.6,0.009142363,0.311111111,0.2,0.03776543,0
118.62999725341795,0.6,0.014406445,0.42222222200000004,0.6,0.02997213,1
364.4700012207031,0.6,0.014406445,0.42222222200000004,0.6,0.041940921,1
525.587646484375,0.6,0.014406445,0.42222222200000004,0.4,0.021387265,0
16.56221580505371,0.6,0.014406445,0.42222222200000004,0.4,0.022227435,1
154.66000366210938,0.6,0.014406445,0.42222222200000004,0.4,0.015938830150835376,1
42.68000030517578,0.6,0.014406445,0.42222222200000004,0.4,0.014644414,1
33.650001525878906,0.6,0.014406445,0.42222222200000004,0.4,0.024524608,1
26.059999465942386,0.6,0.014406445,0.42222222200000004,0.2,0.015925147,1
41.27999877929688,0.6,0.014406445,0.42222222200000004,0.4,0.041401199,1
118.6500015258789,0.8,0.013327508,0.6,0.8,0.023003205,1
363.5499877929688,0.8,0.013327508,0.6,0.6,0.040566288,0
526.343505859375,0.8,0.013327508,0.6,0.6,0.015479191000000002,1
17.152587890625,0.8,0.013327508,0.6,0.6,0.021735578999999998,1
158.47000122070312,0.8,0.013327508,0.6,0.6,0.017424982581055244,1
43.040000915527344,0.8,0.013327508,0.6,0.6,0.014053485,1
33.700000762939446,0.8,0.013327508,0.6,0.6,0.015774013,1
28.45000076293945,0.8,0.013327508,0.6,0.4,0.03207206,1
41.599998474121094,0.8,0.013327508,0.6,0.6,0.02444489,1
119.55999755859376,1.0,0.011151551,0.688888889,0.8,0.013230546000000001,1
364.75,1.0,0.011151551,0.688888889,0.8,0.039374783999999996,1
519.8989868164061,1.0,0.011151551,0.688888889,0.6,0.014599982,0
17.211626052856445,1.0,0.011151551,0.688888889,0.8,0.021353308999999997,1
156.9600067138672,1.0,0.011151551,0.688888889,0.6,0.01657154619914014,0
42.41999816894531,1.0,0.011151551,0.688888889,0.6,0.013662636,0
33.59999847412109,1.0,0.011151551,0.688888889,0.6,0.013969137,0
29.5,1.0,0.011151551,0.688888889,0.6,0.034717937000000004,1
41.84000015258789,1.0,0.011151551,0.688888889,0.8,0.018707037,1
119.94000244140624,1.0,0.013515478000000001,0.7111111109999999,0.8,0.0076395180000000005,1
373.8900146484375,1.0,0.013515478000000001,0.7111111109999999,0.8,0.039207282,1
524.6925659179689,1.0,0.013515478000000001,0.7111111109999999,0.6,0.016185196000000002,1
17.234333038330078,1.0,0.013515478000000001,0.7111111109999999,0.8,0.018495548,1
157.91000366210938,1.0,0.013515478000000001,0.7111111109999999,0.6,0.012595644392920676,1
43.15999984741211,1.0,0.013515478000000001,0.7111111109999999,0.6,0.016355116,1
33.939998626708984,1.0,0.013515478000000001,0.7111111109999999,0.6,0.01344706,1
29.940000534057607,1.0,0.013515478000000001,0.7111111109999999,0.8,0.033684328,1
42.45000076293945,1.0,0.013515478000000001,0.7111111109999999,0.8,0.017641362,1
118.93000030517578,1.0,0.015503908,0.7111111109999999,0.8,0.006396871,0
374.2799987792969,1.0,0.015503908,0.7111111109999999,0.8,0.011992708000000001,1
528.0938720703125,1.0,0.015503908,0.7111111109999999,0.6,0.008136927,1
17.234333038330078,1.0,0.015503908,0.7111111109999999,0.8,0.009963487,0
156.72000122070312,1.0,0.015503908,0.7111111109999999,0.6,0.011311481565908409,0
42.97999954223633,1.0,0.015503908,0.7111111109999999,0.6,0.012662851999999999,0
33.299999237060554,1.0,0.015503908,0.7111111109999999,0.6,0.010378323,0
29.399999618530273,1.0,0.015503908,0.7111111109999999,0.8,0.035590069,0
42.40999984741211,1.0,0.015503908,0.7111111109999999,0.8,0.010164997,0
119.72000122070312,0.8,0.013243181000000001,0.6,0.8,0.005216007,1
370.55999755859375,0.8,0.013243181000000001,0.6,0.6,0.008373100000000001,0
524.9412231445311,0.8,0.013243181000000001,0.6,0.6,0.007070923000000001,0
17.093551635742188,0.8,0.013243181000000001,0.6,0.6,0.00971512,0
155.75,0.8,0.013243181000000001,0.6,0.4,0.010788214026889509,0
43.400001525878906,0.8,0.013243181000000001,0.6,0.6,0.010845471,1
32.93000030517578,0.8,0.013243181000000001,0.6,0.4,0.008908042,0
30.35000038146973,0.8,0.013243181000000001,0.6,0.8,0.038776528,1
42.36000061035156,0.8,0.013243181000000001,0.6,0.6,0.006044364,0
122.0199966430664,0.8,0.012465232,0.622222222,0.8,0.009024573000000001,1
373.0,0.8,0.012465232,0.622222222,0.8,0.009185177,1
534.0013427734375,0.8,0.012465232,0.622222222,0.6,0.010235159,1
17.207084655761722,0.8,0.012465232,0.622222222,0.6,0.003914349,1
158.55999755859375,0.8,0.012465232,0.622222222,0.4,0.009469624369232913,1
43.9900016784668,0.8,0.012465232,0.622222222,0.6,0.01187739,1
33.700000762939446,0.8,0.012465232,0.622222222,0.4,0.013287459,1
30.56999969482422,0.8,0.012465232,0.622222222,0.8,0.021883978999999998,1
42.599998474121094,0.8,0.012465232,0.622222222,0.6,0.005627113,1
124.87999725341795,0.8,0.012722563999999999,0.6,0.8,0.012178413999999999,1
375.1400146484375,0.8,0.012722563999999999,0.6,0.8,0.009672474,1
533.0366821289061,0.8,0.012722563999999999,0.6,0.6,0.008147666,0
17.338783264160153,0.8,0.012722563999999999,0.6,0.6,0.0047567090000000005,1
158.1999969482422,0.8,0.012722563999999999,0.6,0.4,0.008017995393766523,0
43.36000061035156,0.8,0.012722563999999999,0.6,0.6,0.011860629,0
33.549999237060554,0.8,0.012722563999999999,0.6,0.4,0.01358419,0
30.86000061035156,0.8,0.012722563999999999,0.6,0.8,0.016399905,1
42.38000106811523,0.8,0.012722563999999999,0.6,0.4,0.00550611,0
126.45999908447266,0.8,0.012099398,0.6,0.8,0.014073173999999999,1
377.1700134277344,0.8,0.012099398,0.6,0.8,0.005743076,1
539.9585571289061,0.8,0.012099398,0.6,0.6,0.008900771,1
17.425067901611328,0.8,0.012099398,0.6,0.6,0.005488132,1
158.52000427246094,0.8,0.012099398,0.6,0.4,0.0072120603120667285,1
43.88999938964844,0.8,0.012099398,0.6,0.6,0.010816343999999999,1
34.130001068115234,0.8,0.012099398,0.6,0.4,0.015017916999999999,1
31.75,0.8,0.012099398,0.6,0.8,0.01918483,1
43.09000015258789,0.8,0.012099398,0.6,0.4,0.00594087,1
127.08000183105469,0.6,0.009292478,0.7333333329999999,1.0,0.013369546000000001,1
381.8299865722656,0.6,0.009292478,0.7333333329999999,0.8,0.008005487,1
546.0053100585939,0.6,0.009292478,0.7333333329999999,0.6,0.009843985999999999,1
17.5113525390625,0.6,0.009292478,0.7333333329999999,0.8,0.006478483,1
160.39999389648438,0.6,0.009292478,0.7333333329999999,0.6,0.008076796910505894,1
43.93000030517578,0.6,0.009292478,0.7333333329999999,0.8,0.010164515,1
34.360000610351555,0.6,0.009292478,0.7333333329999999,0.6,0.012594343999999999,1
31.25,0.6,0.009292478,0.7333333329999999,0.8,0.018727216,0
43.86999893188477,0.6,0.009292478,0.7333333329999999,0.6,0.009372732,1
127.83000183105469,0.8,0.008024665,0.7333333329999999,1.0,0.013221391,1
375.42999267578125,0.8,0.008024665,0.7333333329999999,0.8,0.009369944,0
539.8690795898439,0.8,0.008024665,0.7333333329999999,0.6,0.010897695,0
17.497730255126953,0.8,0.008024665,0.7333333329999999,0.8,0.005000333,0
160.9600067138672,0.8,0.008024665,0.7333333329999999,0.8,0.007537189267182545,1
43.84000015258789,0.8,0.008024665,0.7333333329999999,0.6,0.008619851999999999,0
34.740001678466804,0.8,0.008024665,0.7333333329999999,0.8,0.012584008999999998,1
30.520000457763672,0.8,0.008024665,0.7333333329999999,0.6,0.016936623,0
43.58000183105469,0.8,0.008024665,0.7333333329999999,0.6,0.010459017,0
128.72000122070312,0.6,0.007817258,0.6,1.0,0.010771573000000001,1
373.3699951171875,0.6,0.007817258,0.6,0.6,0.009150424,0
536.7462768554689,0.6,0.007817258,0.6,0.4,0.008602709,0
17.325159072875973,0.6,0.007817258,0.6,0.6,0.005644459,0
162.19000244140625,0.6,0.007817258,0.6,0.8,0.0054571703401526655,1
44.099998474121094,0.6,0.007817258,0.6,0.6,0.007087080999999999,1
34.27000045776367,0.6,0.007817258,0.6,0.6,0.010613241,0
30.43000030517578,0.6,0.007817258,0.6,0.4,0.016076653,0
43.52999877929688,0.6,0.007817258,0.6,0.4,0.00955536,0
128.44999694824222,0.6,0.0067848019999999995,0.622222222,0.8,0.006503338000000001,0
379.0,0.6,0.0067848019999999995,0.622222222,0.6,0.011018741,1
539.9013061523439,0.6,0.0067848019999999995,0.622222222,0.6,0.009417026,1
17.429609298706055,0.6,0.0067848019999999995,0.622222222,0.6,0.005319473000000001,1
163.88999938964844,0.6,0.0067848019999999995,0.622222222,1.0,0.007099385788185512,1
44.11000061035156,0.6,0.0067848019999999995,0.622222222,0.8,0.00426815,1
34.209999084472656,0.6,0.0067848019999999995,0.622222222,0.6,0.010073193000000001,0
30.3799991607666,0.6,0.0067848019999999995,0.622222222,0.2,0.014507993,0
43.5,0.6,0.0067848019999999995,0.622222222,0.4,0.008660339,0
129.5,0.6,0.007011516999999999,0.533333333,0.8,0.005607788000000001,1
383.6600036621094,0.6,0.007011516999999999,0.533333333,0.6,0.012395584,1
536.0003662109375,0.6,0.007011516999999999,0.533333333,0.4,0.008264935,0
17.434150695800778,0.6,0.007011516999999999,0.533333333,0.6,0.004376306,1
163.64999389648438,0.6,0.007011516999999999,0.533333333,0.8,0.006987711394804703,0
43.77000045776367,0.6,0.007011516999999999,0.533333333,0.6,0.003365108,0
34.40999984741211,0.6,0.007011516999999999,0.533333333,0.6,0.0077849090000000004,1
29.6200008392334,0.6,0.007011516999999999,0.533333333,0.0,0.013743293,0
43.86000061035156,0.6,0.007011516999999999,0.533333333,0.4,0.006964881,1
133.0,0.6,0.006515007,0.444444444,0.8,0.010032642,1
380.1400146484375,0.6,0.006515007,0.444444444,0.4,0.011759516000000001,0
528.9989013671875,0.6,0.006515007,0.444444444,0.2,0.00863771,0
17.343324661254886,0.6,0.006515007,0.444444444,0.4,0.004427887,0
162.91000366210938,0.6,0.006515007,0.444444444,0.6,0.005520141279955824,0
43.77999877929688,0.6,0.006515007,0.444444444,0.6,0.003228515,1
33.759998321533196,0.6,0.006515007,0.444444444,0.4,0.010215104000000001,0
30.729999542236328,0.6,0.006515007,0.444444444,0.2,0.018088613,1
44.150001525878906,0.6,0.006515007,0.444444444,0.4,0.004666951,1
132.16999816894528,0.4,0.005287804,0.488888889,0.6,0.010100406,0
378.5899963378906,0.4,0.005287804,0.488888889,0.4,0.009222741,0
533.156005859375,0.4,0.005287804,0.488888889,0.4,0.007961716,1
17.479564666748047,0.4,0.005287804,0.488888889,0.6,0.0058433999999999995,1
164.8300018310547,0.4,0.005287804,0.488888889,0.6,0.007178998310118046,1
43.88000106811523,0.4,0.005287804,0.488888889,0.8,0.0032756120000000002,1
34.40999984741211,0.4,0.005287804,0.488888889,0.4,0.011853943999999998,1
30.649999618530273,0.4,0.005287804,0.488888889,0.2,0.01393728,0
44.09000015258789,0.4,0.005287804,0.488888889,0.4,0.003616683,0
128.78999328613278,0.6,0.005800557,0.46666666700000003,0.4,0.013822565,0
385.3699951171875,0.6,0.005800557,0.46666666700000003,0.6,0.011707044,1
540.8934326171875,0.6,0.005800557,0.46666666700000003,0.6,0.009707341999999999,1
15.74477767944336,0.6,0.005800557,0.46666666700000003,0.6,0.023720217000000002,0
162.80999755859375,0.6,0.005800557,0.46666666700000003,0.4,0.008101688951214511,0
43.72999954223633,0.6,0.005800557,0.46666666700000003,0.6,0.002773178,0
33.950000762939446,0.6,0.005800557,0.46666666700000003,0.4,0.011821758,0
30.45000076293945,0.6,0.005800557,0.46666666700000003,0.2,0.014652551000000002,0
43.9900016784668,0.6,0.005800557,0.46666666700000003,0.4,0.0038408170000000003,0
130.41999816894528,0.4,0.00482842,0.46666666700000003,0.6,0.015934303,1
384.7999877929688,0.4,0.00482842,0.46666666700000003,0.4,0.00898709,0
552.4398803710939,0.4,0.00482842,0.46666666700000003,0.6,0.012801128,1
15.445050239562988,0.4,0.00482842,0.46666666700000003,0.4,0.026321779,0
160.8699951171875,0.4,0.00482842,0.46666666700000003,0.2,0.008388534978518134,0
43.88999938964844,0.4,0.00482842,0.46666666700000003,0.6,0.0034595790000000004,1
33.650001525878906,0.4,0.00482842,0.46666666700000003,0.4,0.01323889,0
30.489999771118164,0.4,0.00482842,0.46666666700000003,0.4,0.01458664,1
44.060001373291016,0.4,0.00482842,0.46666666700000003,0.6,0.004021239,1
128.46000671386722,0.2,0.004179424,0.444444444,0.4,0.017305082,0
380.1600036621094,0.2,0.004179424,0.444444444,0.2,0.008939619000000001,0
555.3439331054689,0.2,0.004179424,0.444444444,0.8,0.012407426000000001,1
15.821980476379395,0.2,0.004179424,0.444444444,0.4,0.031150587,1
161.94000244140625,0.2,0.004179424,0.444444444,0.4,0.00942592472473427,1
43.81999969482422,0.2,0.004179424,0.444444444,0.6,0.002236956,0
33.25,0.2,0.004179424,0.444444444,0.2,0.01444706,0
30.57999992370605,0.2,0.004179424,0.444444444,0.6,0.010173718,1
43.849998474121094,0.2,0.004179424,0.444444444,0.4,0.003319323,0
129.08999633789062,0.4,0.006620801,0.533333333,0.4,0.012880511,1
385.6600036621094,0.4,0.006620801,0.533333333,0.4,0.009998185,1
568.2130737304688,0.4,0.006620801,0.533333333,1.0,0.014429596999999999,1
15.85831069946289,0.4,0.006620801,0.533333333,0.6,0.030567892000000003,1
160.47999572753906,0.4,0.006620801,0.533333333,0.4,0.010324712774339658,0
44.02999877929688,0.4,0.006620801,0.533333333,0.6,0.003149732,1
34.060001373291016,0.4,0.006620801,0.533333333,0.4,0.015541269,1
31.07999992370605,0.4,0.006620801,0.533333333,0.6,0.005948902,1
43.88000106811523,0.4,0.006620801,0.533333333,0.4,0.002133771,1
129.36000061035156,0.4,0.007326386,0.5111111110000001,0.6,0.012050706999999999,1
384.6099853515625,0.4,0.007326386,0.5111111110000001,0.4,0.009727217,0
570.50048828125,0.4,0.007326386,0.5111111110000001,1.0,0.013663035,1
15.69936466217041,0.4,0.007326386,0.5111111110000001,0.4,0.031001375,0
161.02999877929688,0.4,0.007326386,0.5111111110000001,0.4,0.008653032862272206,1
43.38000106811523,0.4,0.007326386,0.5111111110000001,0.4,0.0056454140000000005,0
34.09999847412109,0.4,0.007326386,0.5111111110000001,0.4,0.011925411,1
30.79999923706055,0.4,0.007326386,0.5111111110000001,0.6,0.007230045,0
43.27999877929688,0.4,0.007326386,0.5111111110000001,0.4,0.004596706,0
128.53999328613278,0.4,0.008433662,0.5111111110000001,0.6,0.008203866,0
382.7200012207031,0.4,0.008433662,0.5111111110000001,0.2,0.0071283119999999995,0
570.2319946289062,0.4,0.008433662,0.5111111110000001,0.8,0.010854661000000002,0
15.526793479919435,0.4,0.008433662,0.5111111110000001,0.4,0.013350507,0
159.4199981689453,0.4,0.008433662,0.5111111110000001,0.4,0.008201645745606608,0
43.61000061035156,0.4,0.008433662,0.5111111110000001,0.6,0.006022119,1
34.11999893188477,0.4,0.008433662,0.5111111110000001,0.6,0.00936908,1
30.690000534057607,0.4,0.008433662,0.5111111110000001,0.6,0.006639272,0
43.060001373291016,0.4,0.008433662,0.5111111110000001,0.4,0.005159719,0
126.41000366210938,0.4,0.008783803,0.533333333,0.4,0.008986733,0
387.8299865722656,0.4,0.008783803,0.533333333,0.4,0.009502841,1
572.1812744140625,0.4,0.008783803,0.533333333,0.8,0.007268942,1
15.440508842468262,0.4,0.008783803,0.533333333,0.4,0.010654611000000001,0
161.17999267578125,0.4,0.008783803,0.533333333,0.6,0.008026493860857527,1
43.79999923706055,0.4,0.008783803,0.533333333,0.6,0.00616171,1
33.72999954223633,0.4,0.008783803,0.533333333,0.6,0.009887825,0
31.01000022888184,0.4,0.008783803,0.533333333,0.6,0.008461920999999999,1
43.11000061035156,0.4,0.008783803,0.533333333,0.4,0.005073697,1
126.5999984741211,0.4,0.00921182,0.488888889,0.6,0.006281673000000001,1
380.0899963378906,0.4,0.00921182,0.488888889,0.4,0.011082641,0
564.578125,0.4,0.00921182,0.488888889,0.6,0.008875189,0
15.068120002746582,0.4,0.00921182,0.488888889,0.2,0.010597222,0
158.5,0.4,0.00921182,0.488888889,0.4,0.010021683727273408,0
42.38000106811523,0.4,0.00921182,0.488888889,0.6,0.012326742,0
33.189998626708984,0.4,0.00921182,0.488888889,0.6,0.010712305,0
31.34000015258789,0.4,0.00921182,0.488888889,0.6,0.009999908,1
42.36000061035156,0.4,0.00921182,0.488888889,0.4,0.007599909,0
127.13999938964844,0.4,0.008213809,0.42222222200000004,0.6,0.006153921,1
378.55999755859375,0.4,0.008213809,0.42222222200000004,0.2,0.008994194,0
565.7366943359375,0.4,0.008213809,0.42222222200000004,0.6,0.004650952,1
14.963669776916506,0.4,0.008213809,0.42222222200000004,0.0,0.011524358,0
160.77000427246094,0.4,0.008213809,0.42222222200000004,0.6,0.011082897201774628,1
42.68999862670898,0.4,0.008213809,0.42222222200000004,0.6,0.012831223000000001,1
32.720001220703125,0.4,0.008213809,0.42222222200000004,0.4,0.008672279,0
31.13999938964844,0.4,0.008213809,0.42222222200000004,0.4,0.008006126,0
42.849998474121094,0.4,0.008213809,0.42222222200000004,0.4,0.00977656,1
124.51000213623048,0.4,0.011138402,0.333333333,0.4,0.009872769,0
369.510009765625,0.4,0.011138402,0.333333333,0.2,0.013230934,0
551.9724731445311,0.4,0.011138402,0.333333333,0.4,0.008711772,0
14.836512565612793,0.4,0.011138402,0.333333333,0.0,0.011219327,0
157.80999755859375,0.4,0.011138402,0.333333333,0.4,0.014079736997685837,0
41.81999969482422,0.4,0.011138402,0.333333333,0.6,0.013954592,0
31.70000076293945,0.4,0.011138402,0.333333333,0.2,0.014672138000000001,0
29.95000076293945,0.4,0.011138402,0.333333333,0.4,0.013847213999999998,0
42.02999877929688,0.4,0.011138402,0.333333333,0.4,0.010869122,0
122.23999786376952,0.2,0.010687015,0.311111111,0.4,0.012251278,0
366.3699951171875,0.2,0.010687015,0.311111111,0.2,0.013947683999999998,0
548.1634521484375,0.2,0.010687015,0.311111111,0.4,0.009997796,0
14.809264183044435,0.2,0.010687015,0.311111111,0.0,0.009388194,0
156.8000030517578,0.2,0.010687015,0.311111111,0.4,0.01336012216145415,0
41.47000122070313,0.2,0.010687015,0.311111111,0.4,0.01456803,0
32.330001831054695,0.2,0.010687015,0.311111111,0.2,0.018529603000000002,1
29.059999465942386,0.2,0.010687015,0.311111111,0.4,0.019076184,0
41.97999954223633,0.2,0.010687015,0.311111111,0.4,0.01009042,0
124.4499969482422,0.4,0.012380986,0.333333333,0.6,0.012552987,1
374.239990234375,0.4,0.012380986,0.333333333,0.2,0.015573533,1
552.4697265625,0.4,0.012380986,0.333333333,0.4,0.01088528,1
14.85921859741211,0.4,0.012380986,0.333333333,0.2,0.008951403,1
157.97999572753906,0.4,0.012380986,0.333333333,0.4,0.012657217682384822,1
41.61999893188477,0.4,0.012380986,0.333333333,0.4,0.01442008,1
30.79999923706055,0.4,0.012380986,0.333333333,0.2,0.025708466,0
29.729999542236328,0.4,0.012380986,0.333333333,0.4,0.021601966,1
41.02000045776367,0.4,0.012380986,0.333333333,0.2,0.014431791000000001,0
123.58999633789062,0.6,0.011097437,0.355555556,0.4,0.013634468,0
370.5799865722656,0.6,0.011097437,0.355555556,0.2,0.013538065,0
544.3245849609375,0.6,0.011097437,0.355555556,0.4,0.011176308000000001,0
14.727519989013672,0.6,0.011097437,0.355555556,0.2,0.00590049,0
154.27999877929688,0.6,0.011097437,0.355555556,0.4,0.01401588549064255,0
42.38000106811523,0.6,0.011097437,0.355555556,0.6,0.011588171000000001,1
30.93000030517578,0.6,0.011097437,0.355555556,0.4,0.023350726000000002,1
27.93000030517578,0.6,0.011097437,0.355555556,0.2,0.031582596,0
41.38000106811523,0.6,0.011097437,0.355555556,0.4,0.012707565,1
124.9499969482422,0.6,0.011294011999999999,0.4,0.4,0.014982212,1
373.3500061035156,0.6,0.011294011999999999,0.4,0.4,0.014227957,1
551.4752197265625,0.6,0.011294011999999999,0.4,0.4,0.013393231,1
14.704813957214355,0.6,0.011294011999999999,0.4,0.2,0.004822465,0
157.0800018310547,0.6,0.011294011999999999,0.4,0.4,0.014781294837406091,1
43.40999984741211,0.6,0.011294011999999999,0.4,0.6,0.014986006000000001,1
30.82999992370605,0.6,0.011294011999999999,0.4,0.4,0.021165187000000002,0
28.45000076293945,0.6,0.011294011999999999,0.4,0.4,0.034029865,1
41.560001373291016,0.6,0.011294011999999999,0.4,0.4,0.011264058,1
127.04000091552734,0.8,0.007624247,0.46666666700000003,0.6,0.01419039,1
371.9200134277344,0.8,0.007624247,0.46666666700000003,0.4,0.01021272,0
547.8253173828125,0.8,0.007624247,0.46666666700000003,0.4,0.009850971,0
14.727519989013672,0.8,0.007624247,0.46666666700000003,0.4,0.003431744,1
156.9600067138672,0.8,0.007624247,0.46666666700000003,0.4,0.011251789720291904,0
42.86999893188477,0.8,0.007624247,0.46666666700000003,0.6,0.013398025,0
30.59000015258789,0.8,0.007624247,0.46666666700000003,0.4,0.016487388999999998,0
27.8700008392334,0.8,0.007624247,0.46666666700000003,0.4,0.030464299,0
41.70000076293945,0.8,0.007624247,0.46666666700000003,0.6,0.008110477,1
128.47000122070312,0.8,0.011990727,0.644444444,0.8,0.012795349,1
375.1400146484375,0.8,0.011990727,0.644444444,0.6,0.01024472,1
556.4378662109375,0.8,0.011990727,0.644444444,0.6,0.011615091000000001,1
15.0,0.8,0.011990727,0.644444444,0.6,0.006764711999999999,1
159.80999755859375,0.8,0.011990727,0.644444444,0.6,0.01360326303455694,1
44.13000106811523,0.8,0.011990727,0.644444444,0.8,0.017602438999999998,1
30.88999938964844,0.8,0.011990727,0.644444444,0.4,0.014474039,1
28.559999465942386,0.8,0.011990727,0.644444444,0.6,0.029472602999999997,1
42.5,0.8,0.011990727,0.644444444,0.8,0.011709482,1
127.5,0.8,0.012950446000000001,0.5111111110000001,0.6,0.010689595,0
373.239990234375,0.8,0.012950446000000001,0.5111111110000001,0.4,0.006961488,0
554.9361572265625,0.8,0.012950446000000001,0.5111111110000001,0.4,0.010583684,0
14.913714408874512,0.8,0.012950446000000001,0.5111111110000001,0.4,0.007240549000000001,0
159.80999755859375,0.8,0.012950446000000001,0.5111111110000001,0.4,0.012098170365149595,0
44.15999984741211,0.8,0.012950446000000001,0.5111111110000001,0.8,0.017014991,1
30.739999771118164,0.8,0.012950446000000001,0.5111111110000001,0.4,0.005980315999999999,0
28.559999465942386,0.8,0.012950446000000001,0.5111111110000001,0.4,0.024861453,0
42.290000915527344,0.8,0.012950446000000001,0.5111111110000001,0.8,0.008124111,0
125.9000015258789,0.8,0.012029264,0.6,0.6,0.011817313999999999,0
378.489990234375,0.8,0.012029264,0.6,0.6,0.007818725,1
557.293212890625,0.8,0.012029264,0.6,0.6,0.008484542,1
15.113533020019533,0.8,0.012029264,0.6,0.6,0.008147594000000001,1
162.8800048828125,0.8,0.012029264,0.6,0.6,0.011256108543394636,1
44.40999984741211,0.8,0.012029264,0.6,0.8,0.014495137,1
31.309999465942386,0.8,0.012029264,0.6,0.4,0.008844675,1
28.34000015258789,0.8,0.012029264,0.6,0.4,0.014293088,0
42.88000106811523,0.8,0.012029264,0.6,0.8,0.009159125,1
127.20999908447266,0.6,0.010236552,0.533333333,0.6,0.011697501,1
375.1099853515625,0.6,0.010236552,0.533333333,0.4,0.008109808,0
555.7516479492189,0.6,0.010236552,0.533333333,0.4,0.006410433,0
15.190735816955565,0.6,0.010236552,0.533333333,0.8,0.008860883,1
164.6300048828125,0.6,0.010236552,0.533333333,0.6,0.0097751616468677,1
44.25,0.6,0.010236552,0.533333333,0.6,0.010354917,0
31.20000076293945,0.6,0.010236552,0.533333333,0.4,0.008900693000000001,0
29.09000015258789,0.6,0.010236552,0.533333333,0.4,0.015862363,1
42.86000061035156,0.6,0.010236552,0.533333333,0.6,0.008382424,0
126.69000244140624,0.4,0.010360671,0.533333333,0.4,0.009169697,0
374.0899963378906,0.4,0.010360671,0.533333333,0.4,0.007887609,0
567.0693969726562,0.4,0.010360671,0.533333333,0.6,0.009159698,1
15.127157211303713,0.4,0.010360671,0.533333333,0.6,0.00938913,0
163.0,0.4,0.010360671,0.533333333,0.6,0.011602583370474429,0
43.709999084472656,0.4,0.010360671,0.533333333,0.6,0.010307689,0
30.790000915527344,0.4,0.010360671,0.533333333,0.4,0.009971974,0
29.34000015258789,0.4,0.010360671,0.533333333,0.6,0.013503838,1
42.900001525878906,0.4,0.010360671,0.533333333,0.6,0.00789536,1
123.37999725341795,0.4,0.008811795,0.355555556,0.2,0.012143798,0
370.9599914550781,0.4,0.008811795,0.355555556,0.2,0.00782945,0
555.726806640625,0.4,0.008811795,0.355555556,0.4,0.010015854,0
14.623069763183596,0.4,0.008811795,0.355555556,0.4,0.012353514,0
159.1999969482422,0.4,0.008811795,0.355555556,0.4,0.012633677152206568,0
42.93000030517578,0.4,0.008811795,0.355555556,0.4,0.007998414,0
29.88999938964844,0.4,0.008811795,0.355555556,0.2,0.013856617,0
29.57999992370605,0.4,0.008811795,0.355555556,0.6,0.010188278,1
41.459999084472656,0.4,0.008811795,0.355555556,0.4,0.010771731000000001,0
124.23999786376952,0.4,0.006803944,0.42222222200000004,0.4,0.012027784,1
367.3500061035156,0.4,0.006803944,0.42222222200000004,0.2,0.008762776,0
552.131591796875,0.4,0.006803944,0.42222222200000004,0.4,0.010769975,0
14.536785125732422,0.4,0.006803944,0.42222222200000004,0.4,0.012383156999999999,0
160.58999633789062,0.4,0.006803944,0.42222222200000004,0.6,0.01437990757468622,1
42.9900016784668,0.4,0.006803944,0.42222222200000004,0.4,0.008141989,1
30.07999992370605,0.4,0.006803944,0.42222222200000004,0.4,0.014156763000000001,1
29.07999992370605,0.4,0.006803944,0.42222222200000004,0.6,0.01356894,0
41.209999084472656,0.4,0.006803944,0.42222222200000004,0.4,0.010989482,0
123.25,0.4,0.00729038,0.311111111,0.4,0.011111669,0
370.55999755859375,0.4,0.00729038,0.311111111,0.2,0.00769722,1
545.3389892578125,0.4,0.00729038,0.311111111,0.2,0.012380988999999998,0
14.30063533782959,0.4,0.00729038,0.311111111,0.2,0.01295249,0
160.39999389648438,0.4,0.00729038,0.311111111,0.4,0.010774466382945009,0
42.63999938964844,0.4,0.00729038,0.311111111,0.2,0.008638039,0
32.0,0.4,0.00729038,0.311111111,0.4,0.0232142,1
28.56999969482422,0.4,0.00729038,0.311111111,0.6,0.015535896,0
40.97000122070313,0.4,0.00729038,0.311111111,0.2,0.009363979,0
126.37000274658205,0.6,0.010878376,0.37777777799999995,0.4,0.014093541000000001,1
374.5899963378906,0.6,0.010878376,0.37777777799999995,0.4,0.008086258,1
549.0087890625,0.6,0.010878376,0.37777777799999995,0.4,0.013173633999999998,1
14.336966514587402,0.6,0.010878376,0.37777777799999995,0.2,0.012438958,1
162.6699981689453,0.6,0.010878376,0.37777777799999995,0.4,0.011456074604398368,1
43.43999862670898,0.6,0.010878376,0.37777777799999995,0.4,0.011669823000000001,1
31.459999084472656,0.6,0.010878376,0.37777777799999995,0.4,0.025886562999999998,0
28.96999931335449,0.6,0.010878376,0.37777777799999995,0.6,0.013043161000000001,1
40.959999084472656,0.6,0.010878376,0.37777777799999995,0.2,0.00931952,0
124.43000030517578,0.8,0.011189293999999999,0.333333333,0.4,0.016346353,0
372.1000061035156,0.8,0.011189293999999999,0.333333333,0.4,0.008871872,0
545.0008544921875,0.8,0.011189293999999999,0.333333333,0.2,0.010560743999999999,0
14.150772094726562,0.8,0.011189293999999999,0.333333333,0.2,0.01419929,0
160.5,0.8,0.011189293999999999,0.333333333,0.4,0.012143846605448868,0
43.150001525878906,0.8,0.011189293999999999,0.333333333,0.4,0.010564303,0
31.270000457763672,0.8,0.011189293999999999,0.333333333,0.4,0.024466232999999997,0
29.149999618530273,0.8,0.011189293999999999,0.333333333,0.6,0.012567024,1
40.65999984741211,0.8,0.011189293999999999,0.333333333,0.0,0.010597701999999999,0
124.25,0.8,0.009047559,0.355555556,0.4,0.011410311999999999,0
370.260009765625,0.8,0.009047559,0.355555556,0.4,0.008187455,0
539.590576171875,0.8,0.009047559,0.355555556,0.2,0.00854574,0
14.209809303283693,0.8,0.009047559,0.355555556,0.4,0.008369024000000001,1
159.17999267578125,0.8,0.009047559,0.355555556,0.4,0.009126135113680638,0
42.93999862670898,0.8,0.009047559,0.355555556,0.4,0.007968693,0
30.809999465942386,0.8,0.009047559,0.355555556,0.4,0.021562293,0
29.04999923706055,0.8,0.009047559,0.355555556,0.4,0.011617143,0
40.72000122070313,0.8,0.009047559,0.355555556,0.2,0.004179541,1
125.31999969482422,0.6,0.008848136999999999,0.37777777799999995,0.4,0.011738577,1
372.25,0.6,0.008848136999999999,0.37777777799999995,0.6,0.0073160759999999995,1
532.5990600585939,0.6,0.008848136999999999,0.37777777799999995,0.2,0.009843277,0
14.259763717651367,0.6,0.008848136999999999,0.37777777799999995,0.6,0.007892005,1
160.4499969482422,0.6,0.008848136999999999,0.37777777799999995,0.4,0.008975587981685481,1
42.61999893188477,0.6,0.008848136999999999,0.37777777799999995,0.2,0.009179612,0
30.809999465942386,0.6,0.008848136999999999,0.37777777799999995,0.2,0.020290961,0
29.149999618530273,0.6,0.008848136999999999,0.37777777799999995,0.6,0.008924951,1
40.290000915527344,0.6,0.008848136999999999,0.37777777799999995,0.2,0.005085545,0
127.3499984741211,0.6,0.01011856,0.533333333,0.6,0.013384595,1
377.0400085449219,0.6,0.01011856,0.533333333,0.6,0.008141971999999999,1
533.8273315429689,0.6,0.01011856,0.533333333,0.4,0.007844013,1
14.45504093170166,0.6,0.01011856,0.533333333,0.8,0.007381866,1
162.0399932861328,0.6,0.01011856,0.533333333,0.6,0.010720878805905923,1
42.959999084472656,0.6,0.01011856,0.533333333,0.4,0.009146811999999999,1
31.040000915527344,0.6,0.01011856,0.533333333,0.2,0.009018035,1
29.36000061035156,0.6,0.01011856,0.533333333,0.8,0.0068582140000000005,1
41.54999923706055,0.6,0.01011856,0.533333333,0.4,0.010175435,1
126.01000213623048,0.4,0.008348284000000001,0.444444444,0.4,0.010426141,0
374.4100036621094,0.4,0.008348284000000001,0.444444444,0.4,0.007361967,0
534.0809326171875,0.4,0.008348284000000001,0.444444444,0.4,0.006593147,1
14.26884651184082,0.4,0.008348284000000001,0.444444444,0.6,0.009449945999999999,0
162.07000732421875,0.4,0.008348284000000001,0.444444444,0.6,0.007927494653369298,1
42.959999084472656,0.4,0.008348284000000001,0.444444444,0.2,0.00539447,0
31.26000022888184,0.4,0.008348284000000001,0.444444444,0.4,0.00706055,1
29.290000915527344,0.4,0.008348284000000001,0.444444444,0.6,0.004534914,0
41.52999877929688,0.4,0.008348284000000001,0.444444444,0.4,0.01022288,0
125.5999984741211,0.2,0.007761475,0.5555555560000001,0.4,0.008006536,0
381.20001220703125,0.2,0.007761475,0.5555555560000001,0.6,0.009659563000000001,1
538.6458129882811,0.2,0.007761475,0.5555555560000001,0.6,0.0068425180000000006,1
14.31425952911377,0.2,0.007761475,0.5555555560000001,0.8,0.007489076999999999,1
161.85000610351562,0.2,0.007761475,0.5555555560000001,0.6,0.005531007882309244,0
43.11000061035156,0.2,0.007761475,0.5555555560000001,0.4,0.00475764,1
31.309999465942386,0.2,0.007761475,0.5555555560000001,0.6,0.006172569,1
30.57999992370605,0.2,0.007761475,0.5555555560000001,0.6,0.012100706999999999,1
41.41999816894531,0.2,0.007761475,0.5555555560000001,0.4,0.00928778,0
126.55999755859376,0.4,0.006758322,0.666666667,0.6,0.009245878,1
383.5400085449219,0.4,0.006758322,0.666666667,0.8,0.009898283,1
537.8203735351561,0.4,0.006758322,0.666666667,0.6,0.005163585,0
14.32788372039795,0.4,0.006758322,0.666666667,0.8,0.006845033,1
162.33999633789062,0.4,0.006758322,0.666666667,0.8,0.004491625770890477,1
43.20000076293945,0.4,0.006758322,0.666666667,0.6,0.004201815,1
31.239999771118164,0.4,0.006758322,0.666666667,0.6,0.003677585,0
33.56999969482422,0.4,0.006758322,0.666666667,0.8,0.030969862,1
41.47999954223633,0.4,0.006758322,0.666666667,0.4,0.009282365,1
127.0999984741211,0.6,0.007126186,0.688888889,0.6,0.008376896,1
382.6499938964844,0.6,0.007126186,0.688888889,0.6,0.009287474,0
537.0545654296875,0.6,0.007126186,0.688888889,0.6,0.0028569520000000003,0
14.582198143005373,0.6,0.007126186,0.688888889,0.8,0.009691858000000001,1
162.86000061035156,0.6,0.007126186,0.688888889,0.8,0.0035365785333705485,1
43.5099983215332,0.6,0.007126186,0.688888889,0.8,0.004146538,1
31.93000030517578,0.6,0.007126186,0.688888889,0.8,0.008095001999999999,1
33.380001068115234,0.6,0.007126186,0.688888889,0.6,0.031413346,0
41.72000122070313,0.6,0.007126186,0.688888889,0.6,0.008327572,1
126.8499984741211,0.4,0.0062783909999999995,0.5555555560000001,0.4,0.005530581999999999,0
382.3599853515625,0.4,0.0062783909999999995,0.5555555560000001,0.4,0.0068655090000000005,0
536.2191772460939,0.4,0.0062783909999999995,0.5555555560000001,0.4,0.002706815,0
14.850135803222654,0.4,0.0062783909999999995,0.5555555560000001,0.8,0.010627862,1
162.3800048828125,0.4,0.0062783909999999995,0.5555555560000001,0.6,0.0021441153206290765,0
43.08000183105469,0.4,0.0062783909999999995,0.5555555560000001,0.6,0.004527583,0
31.729999542236328,0.4,0.0062783909999999995,0.5555555560000001,0.6,0.007854716,0
34.34999847412109,0.4,0.0062783909999999995,0.5555555560000001,0.6,0.035784363,1
41.7599983215332,0.4,0.0062783909999999995,0.5555555560000001,0.6,0.002264667,1
126.3000030517578,0.4,0.006449008000000001,0.5111111110000001,0.4,0.00429331,0
385.1099853515625,0.4,0.006449008000000001,0.5111111110000001,0.6,0.006908864,1
527.4871826171875,0.4,0.006449008000000001,0.5111111110000001,0.2,0.0058686780000000004,0
14.768392562866213,0.4,0.006449008000000001,0.5111111110000001,0.8,0.009152584,0
162.3000030517578,0.4,0.006449008000000001,0.5111111110000001,0.4,0.0022056066526171454,0
42.72999954223633,0.4,0.006449008000000001,0.5111111110000001,0.6,0.006152478,0
31.489999771118164,0.4,0.006449008000000001,0.5111111110000001,0.4,0.007949956999999999,0
33.68000030517578,0.4,0.006449008000000001,0.5111111110000001,0.6,0.039208533999999996,0
41.650001525878906,0.4,0.006449008000000001,0.5111111110000001,0.6,0.0026952,0
126.77999877929688,0.4,0.006893749,0.5555555560000001,0.6,0.004402651,1
383.45001220703125,0.4,0.006893749,0.5555555560000001,0.4,0.004143897,0
529.6178588867189,0.4,0.006893749,0.5555555560000001,0.2,0.004967103,1
15.004541397094727,0.4,0.006893749,0.5555555560000001,0.8,0.01171408,1
164.1300048828125,0.4,0.006893749,0.5555555560000001,0.6,0.0041892029229714965,1
43.9900016784668,0.4,0.006893749,0.5555555560000001,0.6,0.011351653,1
32.830001831054695,0.4,0.006893749,0.5555555560000001,0.4,0.016140716,1
34.34999847412109,0.4,0.006893749,0.5555555560000001,0.6,0.034378686,1
42.2599983215332,0.4,0.006893749,0.5555555560000001,0.8,0.005094615,1
126.16999816894531,0.4,0.007183818000000001,0.488888889,0.4,0.0038362879999999998,0
386.0400085449219,0.4,0.007183818000000001,0.488888889,0.4,0.004267088,1
530.8785400390625,0.4,0.007183818000000001,0.488888889,0.4,0.0051366879999999995,1
14.900091171264648,0.4,0.007183818000000001,0.488888889,0.6,0.01291597,0
163.1300048828125,0.4,0.007183818000000001,0.488888889,0.4,0.0048022623325972395,0
43.459999084472656,0.4,0.007183818000000001,0.488888889,0.4,0.013343766000000002,0
32.86999893188477,0.4,0.007183818000000001,0.488888889,0.6,0.015937238,1
34.509998321533196,0.4,0.007183818000000001,0.488888889,0.6,0.015755008,1
42.15999984741211,0.4,0.007183818000000001,0.488888889,0.6,0.0052781469999999995,0
124.75,0.2,0.009926711,0.355555556,0.2,0.005233864,0
375.55999755859375,0.2,0.009926711,0.355555556,0.4,0.009232477,0
521.181884765625,0.2,0.009926711,0.355555556,0.4,0.008504966,0
14.772933959960938,0.2,0.009926711,0.355555556,0.4,0.011072845,0
160.6699981689453,0.2,0.009926711,0.355555556,0.2,0.007177633930260018,0
43.0,0.2,0.009926711,0.355555556,0.2,0.014025477,0
32.470001220703125,0.2,0.009926711,0.355555556,0.4,0.013953637,0
33.310001373291016,0.2,0.009926711,0.355555556,0.6,0.021577542,0
41.61999893188477,0.2,0.009926711,0.355555556,0.4,0.006682629,0
127.5999984741211,0.2,0.010295506,0.46666666700000003,0.4,0.009409609000000001,1
389.510009765625,0.2,0.010295506,0.46666666700000003,0.6,0.016509811,1
532.4498901367189,0.2,0.010295506,0.46666666700000003,0.6,0.012517886,1
15.17257022857666,0.2,0.010295506,0.46666666700000003,0.4,0.01280837,1
166.16000366210938,0.2,0.010295506,0.46666666700000003,0.4,0.013422065866672007,1
43.31999969482422,0.2,0.010295506,0.46666666700000003,0.4,0.013537306,1
32.72999954223633,0.2,0.010295506,0.46666666700000003,0.6,0.01430236,1
32.52000045776367,0.2,0.010295506,0.46666666700000003,0.4,0.02050902,0
42.90999984741211,0.2,0.010295506,0.46666666700000003,0.4,0.012689836000000001,1
126.91000366210938,0.4,0.009443222,0.5111111110000001,0.4,0.009623946999999999,0
391.17999267578125,0.4,0.009443222,0.5111111110000001,0.6,0.015928855,1
531.0499877929689,0.4,0.009443222,0.5111111110000001,0.6,0.009786846,0
15.081744194030762,0.4,0.009443222,0.5111111110000001,0.4,0.012904701000000001,0
164.25999450683594,0.4,0.009443222,0.5111111110000001,0.4,0.015610492616633071,0
43.41999816894531,0.4,0.009443222,0.5111111110000001,0.6,0.012374085,1
32.43000030517578,0.4,0.009443222,0.5111111110000001,0.6,0.014622774,0
33.400001525878906,0.4,0.009443222,0.5111111110000001,0.6,0.022020072,1
42.63999938964844,0.4,0.009443222,0.5111111110000001,0.4,0.013421481,0
128.6199951171875,0.6,0.009131158,0.5111111110000001,0.4,0.011558668000000001,1
389.7999877929688,0.6,0.009131158,0.5111111110000001,0.6,0.015772338,0
536.4130859375,0.6,0.009131158,0.5111111110000001,0.6,0.010998796000000002,1
15.21798324584961,0.6,0.009131158,0.5111111110000001,0.4,0.011513345,1
165.36000061035156,0.6,0.009131158,0.5111111110000001,0.4,0.014694754770295524,1
43.54999923706055,0.6,0.009131158,0.5111111110000001,0.6,0.007075387,1
32.700000762939446,0.6,0.009131158,0.5111111110000001,0.6,0.00777725,1
33.900001525878906,0.6,0.009131158,0.5111111110000001,0.6,0.021035472000000003,1
42.9900016784668,0.6,0.009131158,0.5111111110000001,0.4,0.012133986999999999,1
129.66999816894528,0.6,0.01172707,0.533333333,0.6,0.012229091999999999,1
389.989990234375,0.6,0.01172707,0.533333333,0.6,0.014518933000000001,1
544.0062866210939,0.6,0.01172707,0.533333333,0.6,0.013353826000000001,1
15.15894603729248,0.6,0.01172707,0.533333333,0.4,0.010896985,0
170.24000549316406,0.6,0.01172707,0.533333333,0.6,0.019378488242944133,1
43.38999938964844,0.6,0.01172707,0.533333333,0.6,0.005400523000000001,0
32.34999847412109,0.6,0.01172707,0.533333333,0.4,0.009674275,0
33.72999954223633,0.6,0.01172707,0.533333333,0.4,0.021106847999999998,0
43.34000015258789,0.6,0.01172707,0.533333333,0.6,0.013289012,1
130.27999877929688,0.6,0.012012035,0.622222222,0.8,0.010919014,1
445.1000061035156,0.6,0.012012035,0.622222222,0.8,0.037351711,1
561.9674682617189,0.6,0.012012035,0.622222222,0.8,0.016304065,1
15.104450225830078,0.6,0.012012035,0.622222222,0.4,0.009909179,0
169.77999877929688,0.6,0.012012035,0.622222222,0.6,0.016902901996245445,0
43.08000183105469,0.6,0.012012035,0.622222222,0.6,0.004712528,0
32.080001831054695,0.6,0.012012035,0.622222222,0.4,0.00890968,0
33.549999237060554,0.6,0.012012035,0.622222222,0.4,0.015219661,0
47.86999893188477,0.6,0.012012035,0.622222222,0.8,0.031631808,1
132.64999389648438,0.6,0.011891671000000001,0.577777778,0.8,0.009988188,1
438.55999755859375,0.6,0.011891671000000001,0.577777778,0.6,0.032861467000000005,0
555.3699951171875,0.6,0.011891671000000001,0.577777778,0.6,0.014328036,0
15.018165588378904,0.6,0.011891671000000001,0.577777778,0.2,0.005641301,0
170.72999572753906,0.6,0.011891671000000001,0.577777778,0.6,0.011188103678974309,1
43.61000061035156,0.6,0.011891671000000001,0.577777778,0.6,0.00568469,1
32.5,0.6,0.011891671000000001,0.577777778,0.4,0.009926655,1
33.56999969482422,0.6,0.011891671000000001,0.577777778,0.6,0.010595563,1
48.02999877929688,0.6,0.011891671000000001,0.577777778,0.8,0.026101337000000002,1
130.55999755859378,0.6,0.014712346999999999,0.644444444,0.8,0.012057836,0
429.30999755859375,0.6,0.014712346999999999,0.644444444,0.4,0.036222339,0
553.6799926757811,0.6,0.014712346999999999,0.644444444,0.6,0.014410806000000002,0
15.095367431640625,0.6,0.014712346999999999,0.644444444,0.4,0.005472174000000001,1
173.9199981689453,0.6,0.014712346999999999,0.644444444,0.8,0.012638037839729593,1
44.5,0.6,0.014712346999999999,0.644444444,0.6,0.009304646,1
33.02000045776367,0.6,0.014712346999999999,0.644444444,0.6,0.011293481999999999,1
34.59000015258789,0.6,0.014712346999999999,0.644444444,0.6,0.011260359,1
49.15999984741211,0.6,0.014712346999999999,0.644444444,1.0,0.029548283999999998,1
128.63999938964844,0.4,0.015679597,0.577777778,0.6,0.0123042,0
429.3699951171875,0.4,0.015679597,0.577777778,0.6,0.03554473,1
549.0800170898439,0.4,0.015679597,0.577777778,0.4,0.014052597,0
15.131698608398438,0.4,0.015679597,0.577777778,0.4,0.004146854,1
174.39999389648438,0.4,0.015679597,0.577777778,0.8,0.011850663306350356,1
44.72999954223633,0.4,0.015679597,0.577777778,0.6,0.009739545,1
32.889999389648445,0.4,0.015679597,0.577777778,0.4,0.010415762,0
34.919998168945305,0.4,0.015679597,0.577777778,0.6,0.010174401999999999,1
49.06000137329102,0.4,0.015679597,0.577777778,0.8,0.028313451,0
125.1500015258789,0.2,0.013260232,0.46666666700000003,0.4,0.016097471000000002,0
421.7799987792969,0.2,0.013260232,0.46666666700000003,0.4,0.038982654,0
537.3400268554689,0.2,0.013260232,0.46666666700000003,0.2,0.015497736000000002,0
14.97275161743164,0.2,0.013260232,0.46666666700000003,0.4,0.005471814,0
171.2899932861328,0.2,0.013260232,0.46666666700000003,0.6,0.009514898181888772,0
43.61999893188477,0.2,0.013260232,0.46666666700000003,0.6,0.013967873,0
32.549999237060554,0.2,0.013260232,0.46666666700000003,0.4,0.010342574,0
34.209999084472656,0.2,0.013260232,0.46666666700000003,0.6,0.013237873,0
48.63999938964844,0.2,0.013260232,0.46666666700000003,0.6,0.02839737,0
128.94999694824222,0.4,0.010204600000000001,0.577777778,0.4,0.021229325,1
422.8699951171875,0.4,0.010204600000000001,0.577777778,0.4,0.011237236999999999,1
537.9000244140625,0.4,0.010204600000000001,0.577777778,0.2,0.00910287,1
15.349681854248047,0.4,0.010204600000000001,0.577777778,0.6,0.009787705,1
173.6699981689453,0.4,0.010204600000000001,0.577777778,0.8,0.011753395542743766,1
44.36999893188477,0.4,0.010204600000000001,0.577777778,0.8,0.015977773,1
33.419998168945305,0.4,0.010204600000000001,0.577777778,0.6,0.014018968,1
34.59000015258789,0.4,0.010204600000000001,0.577777778,0.8,0.014392151,1
48.65999984741211,0.4,0.010204600000000001,0.577777778,0.6,0.007575138,1
128.69999694824222,0.6,0.011252244,0.577777778,0.2,0.017978762,0
423.0400085449219,0.6,0.011252244,0.577777778,0.6,0.008378977,1
540.780029296875,0.6,0.011252244,0.577777778,0.4,0.007825710999999999,1
15.281561851501465,0.6,0.011252244,0.577777778,0.6,0.009532774,0
173.97000122070312,0.6,0.011252244,0.577777778,0.8,0.010979790160159023,1
44.59000015258789,0.6,0.011252244,0.577777778,0.8,0.014508907,1
33.43000030517578,0.6,0.011252244,0.577777778,0.6,0.011460382,1
34.759998321533196,0.6,0.011252244,0.577777778,0.8,0.015255855,1
48.2400016784668,0.6,0.011252244,0.577777778,0.4,0.008632918,0
125.8000030517578,0.4,0.007625181,0.444444444,0.2,0.019334213,0
421.1900024414063,0.4,0.007625181,0.444444444,0.6,0.005035251,0
530.7999877929689,0.4,0.007625181,0.444444444,0.4,0.010908087,0
15.059037208557127,0.4,0.007625181,0.444444444,0.4,0.01141699,0
173.0800018310547,0.4,0.007625181,0.444444444,0.6,0.008266056899517574,0
43.91999816894531,0.4,0.007625181,0.444444444,0.6,0.013432443999999998,0
32.639999389648445,0.4,0.007625181,0.444444444,0.4,0.012986679,0
34.610000610351555,0.4,0.007625181,0.444444444,0.6,0.010042045999999999,0
47.599998474121094,0.4,0.007625181,0.444444444,0.2,0.006580934,0
125.01000213623048,0.4,0.008026539000000001,0.333333333,0.2,0.017649003,0
419.1000061035156,0.4,0.008026539000000001,0.333333333,0.4,0.005999725,0
524.219970703125,0.4,0.008026539000000001,0.333333333,0.4,0.011725768999999999,0
14.759309768676758,0.4,0.008026539000000001,0.333333333,0.2,0.014916333,0
170.0500030517578,0.4,0.008026539000000001,0.333333333,0.4,0.011215353526864723,0
43.2599983215332,0.4,0.008026539000000001,0.333333333,0.4,0.015404201999999999,0
32.220001220703125,0.4,0.008026539000000001,0.333333333,0.4,0.014772789,0
33.740001678466804,0.4,0.008026539000000001,0.333333333,0.4,0.013161434,0
46.27999877929688,0.4,0.008026539000000001,0.333333333,0.2,0.011720323000000001,0
125.26000213623048,0.6,0.010435903,0.5111111110000001,0.4,0.012622979,1
426.8800048828125,0.6,0.010435903,0.5111111110000001,0.6,0.0061770309999999995,1
530.7000122070311,0.6,0.010435903,0.5111111110000001,0.6,0.00992179,1
14.904632568359375,0.6,0.010435903,0.5111111110000001,0.4,0.014784721,1
170.99000549316406,0.6,0.010435903,0.5111111110000001,0.6,0.00875439898125379,1
43.47999954223633,0.6,0.010435903,0.5111111110000001,0.6,0.011458198999999999,1
32.240001678466804,0.6,0.010435903,0.5111111110000001,0.6,0.01282944,1
32.950000762939446,0.6,0.010435903,0.5111111110000001,0.4,0.013777876000000001,0
46.70000076293945,0.6,0.010435903,0.5111111110000001,0.4,0.011823173000000001,1
127.62000274658205,0.6,0.011354402,0.5111111110000001,0.4,0.010318437,1
433.6900024414063,0.6,0.011354402,0.5111111110000001,0.6,0.008850766999999999,1
538.219970703125,0.6,0.011354402,0.5111111110000001,0.6,0.012547333,1
15.17257022857666,0.6,0.011354402,0.5111111110000001,0.4,0.013345198999999999,1
172.67999267578125,0.6,0.011354402,0.5111111110000001,0.6,0.007952188946016032,1
44.0099983215332,0.6,0.011354402,0.5111111110000001,0.6,0.010457306,1
32.799999237060554,0.6,0.011354402,0.5111111110000001,0.6,0.010957753999999998,1
34.470001220703125,0.6,0.011354402,0.5111111110000001,0.4,0.020782400000000003,1
47.75,0.6,0.011354402,0.5111111110000001,0.4,0.016237718999999998,1
126.31999969482422,0.6,0.010058936999999999,0.42222222200000004,0.4,0.011967992,0
432.8500061035156,0.6,0.010058936999999999,0.42222222200000004,0.4,0.009157729,0
535.7000122070311,0.6,0.010058936999999999,0.42222222200000004,0.4,0.012412905,0
15.304268836975098,0.6,0.010058936999999999,0.42222222200000004,0.6,0.014193633,1
171.1199951171875,0.6,0.010058936999999999,0.42222222200000004,0.4,0.009413510149600924,0
43.84000015258789,0.6,0.010058936999999999,0.42222222200000004,0.4,0.010238183,0
32.689998626708984,0.6,0.010058936999999999,0.42222222200000004,0.4,0.011568631999999999,0
35.45000076293945,0.6,0.010058936999999999,0.42222222200000004,0.4,0.025485567999999997,1
47.36999893188477,0.6,0.010058936999999999,0.42222222200000004,0.4,0.01610309,0
125.87000274658205,0.6,0.01051336,0.42222222200000004,0.4,0.008173869,0
431.0199890136719,0.6,0.01051336,0.42222222200000004,0.4,0.009128671,0
529.0399780273439,0.6,0.01051336,0.42222222200000004,0.4,0.011208403999999998,0
14.950045585632324,0.6,0.01051336,0.42222222200000004,0.6,0.015910382,0
170.5500030517578,0.6,0.01051336,0.42222222200000004,0.4,0.009056535848767158,0
43.56999969482422,0.6,0.01051336,0.42222222200000004,0.4,0.00846477,0
32.25,0.6,0.01051336,0.42222222200000004,0.4,0.00953428,0
34.779998779296875,0.6,0.01051336,0.42222222200000004,0.4,0.028402503,0
47.349998474121094,0.6,0.01051336,0.42222222200000004,0.4,0.013534121000000001,0
126.01000213623048,0.8,0.009642245,0.577777778,0.6,0.007140356,1
426.8699951171875,0.8,0.009642245,0.577777778,0.4,0.010061908,0
529.6199951171875,0.8,0.009642245,0.577777778,0.6,0.008948393,1
15.122615814208984,0.8,0.009642245,0.577777778,0.8,0.014238308,1
172.27999877929688,0.8,0.009642245,0.577777778,0.6,0.007583991738886018,1
43.790000915527344,0.8,0.009642245,0.577777778,0.6,0.006469181,1
32.639999389648445,0.8,0.009642245,0.577777778,0.6,0.009379361999999999,1
34.709999084472656,0.8,0.009642245,0.577777778,0.4,0.023777589,0
47.63000106811523,0.8,0.009642245,0.577777778,0.6,0.009170596,1
128.94999694824222,0.8,0.008643473,0.6,0.6,0.011406676000000001,1
432.2799987792969,0.8,0.008643473,0.6,0.4,0.008883921999999999,1
538.4000244140625,0.8,0.008643473,0.6,0.6,0.009791728000000001,1
15.304268836975098,0.8,0.008643473,0.6,0.8,0.014671475,1
174.0500030517578,0.8,0.008643473,0.6,0.6,0.008533231193277462,1
44.38000106811523,0.8,0.008643473,0.6,0.6,0.008146749,1
32.970001220703125,0.8,0.008643473,0.6,0.6,0.011277283,1
35.599998474121094,0.8,0.008643473,0.6,0.6,0.024222917000000004,1
48.72000122070313,0.8,0.008643473,0.6,0.6,0.011932497,1
128.77000427246094,0.6,0.007008352,0.42222222200000004,0.4,0.00791768,0
426.0,0.6,0.007008352,0.42222222200000004,0.2,0.008598855,0
533.8499755859375,0.6,0.007008352,0.42222222200000004,0.4,0.008647962,0
15.258855819702148,0.6,0.007008352,0.42222222200000004,0.6,0.011669583,0
173.25999450683594,0.6,0.007008352,0.42222222200000004,0.4,0.007464317385960842,0
44.150001525878906,0.6,0.007008352,0.42222222200000004,0.4,0.006745353000000001,0
32.990001678466804,0.6,0.007008352,0.42222222200000004,0.6,0.007924678000000001,1
34.84999847412109,0.6,0.007008352,0.42222222200000004,0.4,0.019210297,0
48.29999923706055,0.6,0.007008352,0.42222222200000004,0.4,0.009159858,0
130.19000244140622,0.6,0.008284797,0.444444444,0.6,0.008085857,1
425.239990234375,0.6,0.008284797,0.444444444,0.2,0.008568295,0
532.2999877929689,0.6,0.008284797,0.444444444,0.4,0.008292241,0
15.099908828735352,0.6,0.008284797,0.444444444,0.4,0.012016913999999998,0
173.05999755859375,0.6,0.008284797,0.444444444,0.4,0.005888373241869578,0
44.2400016784668,0.6,0.008284797,0.444444444,0.6,0.006380511,1
33.40999984741211,0.6,0.008284797,0.444444444,0.8,0.009800157,1
34.740001678466804,0.6,0.008284797,0.444444444,0.2,0.014155455,0
48.0099983215332,0.6,0.008284797,0.444444444,0.4,0.008769063,0
130.07000732421878,0.8,0.008957189,0.533333333,0.6,0.007557724,0
421.7099914550781,0.8,0.008957189,0.533333333,0.2,0.009382966999999999,0
537.3599853515625,0.8,0.008957189,0.533333333,0.6,0.007706944,1
15.168028831481935,0.8,0.008957189,0.533333333,0.6,0.008290094,1
173.47999572753906,0.8,0.008957189,0.533333333,0.6,0.0057075620216099745,1
44.31999969482422,0.8,0.008957189,0.533333333,0.8,0.005510411999999999,1
33.150001525878906,0.8,0.008957189,0.533333333,0.8,0.008664620999999999,0
34.400001525878906,0.8,0.008957189,0.533333333,0.2,0.012332871,0
47.58000183105469,0.8,0.008957189,0.533333333,0.4,0.010475898,0
130.05999755859378,0.6,0.00965065,0.488888889,0.4,0.007350664,0
423.8599853515625,0.6,0.00965065,0.488888889,0.4,0.008476961,1
539.27001953125,0.6,0.00965065,0.488888889,0.6,0.008198568,1
15.018165588378904,0.6,0.00965065,0.488888889,0.4,0.00795751,0
173.75999450683594,0.6,0.00965065,0.488888889,0.6,0.0040016388726359904,1
44.290000915527344,0.6,0.00965065,0.488888889,0.6,0.0046359109999999995,0
33.36999893188477,0.6,0.00965065,0.488888889,0.8,0.007573305,1
34.47999954223633,0.6,0.00965065,0.488888889,0.4,0.012395446999999999,1
47.58000183105469,0.6,0.00965065,0.488888889,0.2,0.009293205,0
131.38999938964844,0.6,0.00858988,0.42222222200000004,0.4,0.004729589,1
431.6300048828125,0.6,0.00858988,0.42222222200000004,0.4,0.009608544,1
542.510009765625,0.6,0.00858988,0.42222222200000004,0.6,0.006084593,1
15.363306045532227,0.6,0.00858988,0.42222222200000004,0.4,0.010151414000000001,1
173.33999633789062,0.6,0.00858988,0.42222222200000004,0.4,0.002430262699704834,0
44.27999877929688,0.6,0.00858988,0.42222222200000004,0.4,0.001986397,0
33.549999237060554,0.6,0.00858988,0.42222222200000004,0.8,0.00663005,1
34.799999237060554,0.6,0.00858988,0.42222222200000004,0.4,0.009123392,1
47.41999816894531,0.6,0.00858988,0.42222222200000004,0.0,0.005388824,0
132.53999328613278,0.8,0.008918376,0.444444444,0.6,0.006200926999999999,1
427.6300048828125,0.8,0.008918376,0.444444444,0.4,0.008556459,0
540.1099853515625,0.8,0.008918376,0.444444444,0.6,0.0052791669999999995,0
15.785649299621582,0.8,0.008918376,0.444444444,0.6,0.015056023,1
172.22000122070312,0.8,0.008918376,0.444444444,0.4,0.0028147201610562106,0
43.93000030517578,0.8,0.008918376,0.444444444,0.4,0.0025307389999999997,0
33.450000762939446,0.8,0.008918376,0.444444444,0.6,0.007104841,0
33.43000030517578,0.8,0.008918376,0.444444444,0.4,0.012783466,0
46.9000015258789,0.8,0.008918376,0.444444444,0.0,0.005857831,0
129.6199951171875,0.6,0.009235809000000001,0.37777777799999995,0.4,0.008401661,0
425.4700012207031,0.6,0.009235809000000001,0.37777777799999995,0.4,0.009209868000000001,0
532.3200073242189,0.6,0.009235809000000001,0.37777777799999995,0.6,0.007583074,0
15.15894603729248,0.6,0.009235809000000001,0.37777777799999995,0.6,0.020912847,0
170.1300048828125,0.6,0.009235809000000001,0.37777777799999995,0.4,0.0050109805932017845,0
43.33000183105469,0.6,0.009235809000000001,0.37777777799999995,0.2,0.004854649,0
33.09999847412109,0.6,0.009235809000000001,0.37777777799999995,0.4,0.006651315,0
32.720001220703125,0.6,0.009235809000000001,0.37777777799999995,0.4,0.016399884,0
46.59000015258789,0.6,0.009235809000000001,0.37777777799999995,0.0,0.005978967,0
132.03999328613278,0.6,0.007843858,0.46666666700000003,0.6,0.011951312,1
431.4200134277344,0.6,0.007843858,0.46666666700000003,0.6,0.010346542,1
539.7899780273439,0.6,0.007843858,0.46666666700000003,0.6,0.008488463,1
15.340599060058596,0.6,0.007843858,0.46666666700000003,0.6,0.022407233999999998,1
172.0,0.6,0.007843858,0.46666666700000003,0.4,0.0067239150390506226,1
44.13999938964844,0.6,0.007843858,0.46666666700000003,0.2,0.008231732,1
33.709999084472656,0.6,0.007843858,0.46666666700000003,0.6,0.008780709,1
32.279998779296875,0.6,0.007843858,0.46666666700000003,0.4,0.017131986000000002,0
47.61000061035156,0.6,0.007843858,0.46666666700000003,0.2,0.008566312,1
131.77999877929688,0.8,0.007235975,0.37777777799999995,0.6,0.012329732,0
426.5700073242188,0.8,0.007235975,0.37777777799999995,0.4,0.011575278999999999,0
539.780029296875,0.8,0.007235975,0.37777777799999995,0.4,0.007781253,0
15.281561851501465,0.8,0.007235975,0.37777777799999995,0.6,0.021200879,0
171.7100067138672,0.8,0.007235975,0.37777777799999995,0.2,0.006738314152501003,0
43.86000061035156,0.8,0.007235975,0.37777777799999995,0.2,0.009365043,0
34.009998321533196,0.8,0.007235975,0.37777777799999995,0.6,0.009233308,1
31.520000457763672,0.8,0.007235975,0.37777777799999995,0.2,0.021375669,0
47.45000076293945,0.8,0.007235975,0.37777777799999995,0.2,0.009238439000000001,0
130.27999877929688,0.6,0.007792611999999999,0.311111111,0.4,0.012561041,0
429.2300109863281,0.6,0.007792611999999999,0.311111111,0.4,0.009156124,1
532.1099853515625,0.6,0.007792611999999999,0.311111111,0.2,0.009421546999999999,0
15.168028831481935,0.6,0.007792611999999999,0.311111111,0.4,0.018090455,0
169.64999389648438,0.6,0.007792611999999999,0.311111111,0.2,0.008654299993354334,0
43.4900016784668,0.6,0.007792611999999999,0.311111111,0.2,0.011007058,0
34.459999084472656,0.6,0.007792611999999999,0.311111111,0.6,0.010800778,1
31.6200008392334,0.6,0.007792611999999999,0.311111111,0.2,0.020154043,1
46.86000061035156,0.6,0.007792611999999999,0.311111111,0.2,0.011052701000000002,0
130.53999328613278,0.4,0.0074582419999999995,0.42222222200000004,0.4,0.011209668999999998,1
430.9200134277344,0.4,0.0074582419999999995,0.42222222200000004,0.6,0.008090142,1
533.989990234375,0.4,0.0074582419999999995,0.42222222200000004,0.4,0.009243384,1
15.331517219543455,0.4,0.0074582419999999995,0.42222222200000004,0.4,0.014748074,1
170.17999267578125,0.4,0.0074582419999999995,0.42222222200000004,0.4,0.007986861990398145,1
43.790000915527344,0.4,0.0074582419999999995,0.42222222200000004,0.4,0.01080584,1
33.90999984741211,0.4,0.0074582419999999995,0.42222222200000004,0.6,0.013396763999999999,0
31.540000915527344,0.4,0.0074582419999999995,0.42222222200000004,0.2,0.012786493999999999,0
47.22999954223633,0.4,0.0074582419999999995,0.42222222200000004,0.4,0.010438715,1
129.96000671386722,0.6,0.005262925,0.488888889,0.4,0.00769205,0
430.989990234375,0.6,0.005262925,0.488888889,0.8,0.007112399,1
539.1799926757811,0.6,0.005262925,0.488888889,0.6,0.008302653,1
15.38601303100586,0.6,0.005262925,0.488888889,0.6,0.007518809,1
169.64999389648438,0.6,0.005262925,0.488888889,0.4,0.0061826066631143275,0
43.70000076293945,0.6,0.005262925,0.488888889,0.4,0.008485282,0
33.27000045776367,0.6,0.005262925,0.488888889,0.6,0.015078768999999999,0
31.34000015258789,0.6,0.005262925,0.488888889,0.2,0.009807053,0
46.91999816894531,0.6,0.005262925,0.488888889,0.4,0.010429478,0
130.1199951171875,0.6,0.006118845,0.46666666700000003,0.4,0.004204273,1
436.5899963378906,0.6,0.006118845,0.46666666700000003,0.8,0.006914158,1
540.3099975585939,0.6,0.006118845,0.46666666700000003,0.6,0.005915238000000001,1
15.422343254089355,0.6,0.006118845,0.46666666700000003,0.6,0.005594415,1
169.9199981689453,0.6,0.006118845,0.46666666700000003,0.4,0.004302600969235996,1
43.97000122070313,0.6,0.006118845,0.46666666700000003,0.4,0.005982244,1
32.72999954223633,0.6,0.006118845,0.46666666700000003,0.4,0.014639138000000001,0
31.540000915527344,0.6,0.006118845,0.46666666700000003,0.4,0.008393881,1
46.849998474121094,0.6,0.006118845,0.46666666700000003,0.2,0.006349233,0
129.36000061035156,0.4,0.007430074,0.444444444,0.4,0.004978605,0
430.7799987792969,0.4,0.007430074,0.444444444,0.8,0.007327301,0
536.7000122070311,0.4,0.007430074,0.444444444,0.6,0.007247816,0
15.122615814208984,0.4,0.007430074,0.444444444,0.6,0.008711654000000001,0
168.3800048828125,0.4,0.007430074,0.444444444,0.4,0.005778009293327536,0
43.77000045776367,0.4,0.007430074,0.444444444,0.4,0.005623274,0
32.310001373291016,0.4,0.007430074,0.444444444,0.2,0.015425697,0
31.5,0.4,0.007430074,0.444444444,0.4,0.003938745,0
46.36000061035156,0.4,0.007430074,0.444444444,0.2,0.007768879,0
128.64999389648438,0.4,0.008292681,0.4,0.4,0.0037998059999999998,0
426.95001220703125,0.4,0.008292681,0.4,0.6,0.007858305,0
533.3300170898439,0.4,0.008292681,0.4,0.6,0.005661721999999999,0
14.950045585632324,0.4,0.008292681,0.4,0.6,0.009508051,0
167.39999389648438,0.4,0.008292681,0.4,0.4,0.004542646879306406,0
43.810001373291016,0.4,0.008292681,0.4,0.6,0.00411887,1
31.84000015258789,0.4,0.008292681,0.4,0.0,0.015688735,0
30.920000076293945,0.4,0.008292681,0.4,0.2,0.006986764,0
46.13999938964844,0.4,0.008292681,0.4,0.2,0.00623115,0
127.8000030517578,0.4,0.009266879,0.24444444399999998,0.2,0.004722075,0
423.5,0.4,0.009266879,0.24444444399999998,0.4,0.008686967,0
526.8300170898439,0.4,0.009266879,0.24444444399999998,0.4,0.007392615,0
14.845595359802244,0.4,0.009266879,0.24444444399999998,0.4,0.008749676999999999,0
165.33999633789062,0.4,0.009266879,0.24444444399999998,0.2,0.006379000519832053,0
43.099998474121094,0.4,0.009266879,0.24444444399999998,0.4,0.005980528000000001,0
31.29999923706055,0.4,0.009266879,0.24444444399999998,0.0,0.015888598,0
30.540000915527344,0.4,0.009266879,0.24444444399999998,0.2,0.008938706,0
45.72999954223633,0.4,0.009266879,0.24444444399999998,0.0,0.006429181,0
127.41999816894531,0.4,0.009279363,0.222222222,0.2,0.004428165,0
425.4800109863281,0.4,0.009279363,0.222222222,0.4,0.00958956,1
526.6900024414061,0.4,0.009279363,0.222222222,0.2,0.005501911,0
14.795639991760256,0.4,0.009279363,0.222222222,0.2,0.008711776999999999,0
165.67999267578125,0.4,0.009279363,0.222222222,0.4,0.006167401343450034,1
43.06999969482422,0.4,0.009279363,0.222222222,0.4,0.00570868,0
31.25,0.4,0.009279363,0.222222222,0.0,0.012433388,0
29.649999618530273,0.4,0.009279363,0.222222222,0.2,0.013498901,0
45.6500015258789,0.4,0.009279363,0.222222222,0.0,0.005466321999999999,0
128.8800048828125,0.4,0.010395836,0.24444444399999998,0.2,0.0064735980000000005,1
430.7699890136719,0.4,0.010395836,0.24444444399999998,0.4,0.009477481999999999,1
536.6900024414061,0.4,0.010395836,0.24444444399999998,0.2,0.008880054,1
14.945504188537598,0.4,0.010395836,0.24444444399999998,0.2,0.010265316,1
168.9199981689453,0.4,0.010395836,0.24444444399999998,0.4,0.009760254743757971,1
43.93999862670898,0.4,0.010395836,0.24444444399999998,0.4,0.00851291,1
31.81999969482422,0.4,0.010395836,0.24444444399999998,0.2,0.012835213,1
29.209999084472656,0.4,0.010395836,0.24444444399999998,0.0,0.015190535,0
46.61000061035156,0.4,0.010395836,0.24444444399999998,0.2,0.009373853,1
128.58999633789062,0.6,0.009309173,0.311111111,0.2,0.005755498,0
432.9700012207031,0.6,0.009309173,0.311111111,0.6,0.007837379,1
534.6099853515625,0.6,0.009309173,0.311111111,0.2,0.008318918,0
14.768392562866213,0.6,0.009309173,0.311111111,0.2,0.00874849,0
168.77999877929688,0.6,0.009309173,0.311111111,0.4,0.00811340314245111,0
44.27999877929688,0.6,0.009309173,0.311111111,0.6,0.009150761,1
31.85000038146973,0.6,0.009309173,0.311111111,0.4,0.010457336,1
29.13999938964844,0.6,0.009309173,0.311111111,0.0,0.015416168999999999,0
46.43999862670898,0.6,0.009309173,0.311111111,0.2,0.008011546,0
127.16999816894531,0.6,0.007562201,0.333333333,0.2,0.0068663430000000004,0
429.9200134277344,0.6,0.007562201,0.333333333,0.6,0.007468083,0
532.3300170898439,0.6,0.007562201,0.333333333,0.2,0.007916043000000001,0
14.718438148498535,0.6,0.007562201,0.333333333,0.2,0.0071427140000000005,0
166.99000549316406,0.6,0.007562201,0.333333333,0.4,0.009070452849373871,0
44.34000015258789,0.6,0.007562201,0.333333333,0.6,0.009238992,1
31.31999969482422,0.6,0.007562201,0.333333333,0.4,0.010876117,0
29.489999771118164,0.6,0.007562201,0.333333333,0.2,0.014135828999999999,1
45.97000122070313,0.6,0.007562201,0.333333333,0.2,0.009086552,0
126.91999816894531,0.6,0.00715985,0.355555556,0.2,0.005938117,0
423.6700134277344,0.6,0.00715985,0.355555556,0.6,0.008759481,0
527.2000122070311,0.6,0.00715985,0.355555556,0.2,0.007405905999999999,0
14.400545120239258,0.6,0.00715985,0.355555556,0.2,0.010065048,0
166.25999450683594,0.6,0.00715985,0.355555556,0.4,0.007483601808060038,0
43.72000122070313,0.6,0.00715985,0.355555556,0.6,0.008794277,0
31.38999938964844,0.6,0.00715985,0.355555556,0.6,0.007931148,1
28.75,0.6,0.00715985,0.355555556,0.2,0.016696527,0
45.47999954223633,0.6,0.00715985,0.355555556,0.2,0.009441185999999999,0
127.5999984741211,0.6,0.007713357,0.46666666700000003,0.4,0.006414972,1
427.260009765625,0.6,0.007713357,0.46666666700000003,0.6,0.009519124,1
528.1500244140625,0.6,0.007713357,0.46666666700000003,0.4,0.007713151,1
14.373296737670898,0.6,0.007713357,0.46666666700000003,0.2,0.009770485,0
166.83999633789062,0.6,0.007713357,0.46666666700000003,0.4,0.007770037109314026,1
44.63999938964844,0.6,0.007713357,0.46666666700000003,0.8,0.012863663000000001,1
31.63999938964844,0.6,0.007713357,0.46666666700000003,0.8,0.009204529,1
28.13999938964844,0.6,0.007713357,0.46666666700000003,0.2,0.015111578999999998,0
45.83000183105469,0.6,0.007713357,0.46666666700000003,0.4,0.010630463,1
127.3000030517578,0.6,0.007058824,0.46666666700000003,0.2,0.00459354,0
427.80999755859375,0.6,0.007058824,0.46666666700000003,0.6,0.00728998,1
529.260009765625,0.6,0.007058824,0.46666666700000003,0.4,0.004336181,1
14.62761116027832,0.6,0.007058824,0.46666666700000003,0.2,0.011283403000000001,1
167.1699981689453,0.6,0.007058824,0.46666666700000003,0.4,0.004254467065026509,1
44.90999984741211,0.6,0.007058824,0.46666666700000003,0.8,0.010033413,1
31.95000076293945,0.6,0.007058824,0.46666666700000003,0.8,0.007516084,1
28.68000030517578,0.6,0.007058824,0.46666666700000003,0.4,0.015981576,1
45.97000122070313,0.6,0.007058824,0.46666666700000003,0.4,0.007035503,1
127.87999725341795,0.6,0.006659656,0.5555555560000001,0.4,0.00505472,1
439.3900146484375,0.6,0.006659656,0.5555555560000001,0.6,0.011682173999999998,1
536.72998046875,0.6,0.006659656,0.5555555560000001,0.6,0.006383850999999999,1
14.568573951721193,0.6,0.006659656,0.5555555560000001,0.2,0.009720506,0
168.25,0.6,0.006659656,0.5555555560000001,0.6,0.005380808915990483,1
42.7400016784668,0.6,0.006659656,0.5555555560000001,0.6,0.018149611,0
32.380001068115234,0.6,0.006659656,0.5555555560000001,0.8,0.010019227,1
28.989999771118164,0.6,0.006659656,0.5555555560000001,0.6,0.017664071,1
46.72000122070313,0.6,0.006659656,0.5555555560000001,0.6,0.009569035,1
126.5999984741211,0.6,0.008760667,0.533333333,0.4,0.004848027,0
434.9200134277344,0.6,0.008760667,0.533333333,0.6,0.012307945,0
536.6900024414061,0.6,0.008760667,0.533333333,0.6,0.0055458009999999995,0
14.44141674041748,0.6,0.008760667,0.533333333,0.2,0.010789638999999998,0
166.99000549316406,0.6,0.008760667,0.533333333,0.6,0.004757477104240042,0
41.59000015258789,0.6,0.008760667,0.533333333,0.4,0.023259985,0
32.06999969482422,0.6,0.008760667,0.533333333,0.8,0.008605893,0
29.25,0.6,0.008760667,0.533333333,0.6,0.017055596,1
46.099998474121094,0.6,0.008760667,0.533333333,0.6,0.01019905,0
127.61000061035156,0.8,0.008096873000000001,0.644444444,0.6,0.006050433000000001,1
436.2900085449219,0.8,0.008096873000000001,0.644444444,0.8,0.010030426,1
538.1900024414061,0.8,0.008096873000000001,0.644444444,0.8,0.004177406,1
14.396003723144533,0.8,0.008096873000000001,0.644444444,0.2,0.0070989090000000005,0
167.72999572753906,0.8,0.008096873000000001,0.644444444,0.8,0.004769429014795891,1
41.4900016784668,0.8,0.008096873000000001,0.644444444,0.4,0.020944295,0
32.259998321533196,0.8,0.008096873000000001,0.644444444,0.8,0.009343795,1
29.07999992370605,0.8,0.008096873000000001,0.644444444,0.6,0.013199341000000002,0
46.22999954223633,0.8,0.008096873000000001,0.644444444,0.8,0.008631214,1
127.02999877929688,0.6,0.0074197,0.6,0.4,0.005887914,0
445.989990234375,0.6,0.0074197,0.6,0.8,0.012782288000000001,1
540.47998046875,0.6,0.0074197,0.6,0.8,0.004667999,1
14.364213943481445,0.6,0.0074197,0.6,0.2,0.007162121,0
168.6199951171875,0.6,0.0074197,0.6,0.8,0.005132953051220435,1
41.709999084472656,0.6,0.0074197,0.6,0.4,0.017796186999999998,1
32.09000015258789,0.6,0.0074197,0.6,0.6,0.008804857,0
29.68000030517578,0.6,0.0074197,0.6,0.8,0.013082408,1
45.90999984741211,0.6,0.0074197,0.6,0.6,0.008476447,0
128.11000061035156,0.4,0.008766969,0.444444444,0.6,0.00711809,1
440.8399963378906,0.4,0.008766969,0.444444444,0.6,0.014834306,0
537.8400268554689,0.4,0.008766969,0.444444444,0.6,0.005224562,0
14.323342323303224,0.4,0.008766969,0.444444444,0.0,0.00419249,0
166.97000122070312,0.4,0.008766969,0.444444444,0.6,0.006694418296056437,0
41.20000076293945,0.4,0.008766969,0.444444444,0.2,0.019031957,0
31.90999984741211,0.4,0.008766969,0.444444444,0.4,0.00796715,0
29.290000915527344,0.4,0.008766969,0.444444444,0.6,0.011872477,0
45.63999938964844,0.4,0.008766969,0.444444444,0.4,0.009041712,0
127.5,0.4,0.008750483,0.333333333,0.4,0.007159174,0
440.1000061035156,0.4,0.008750483,0.333333333,0.4,0.009756398000000001,0
535.22998046875,0.4,0.008750483,0.333333333,0.4,0.00337233,0
14.173479080200195,0.4,0.008750483,0.333333333,0.0,0.005477861,0
166.0800018310547,0.4,0.008750483,0.333333333,0.4,0.006468377259135749,0
41.060001373291016,0.4,0.008750483,0.333333333,0.2,0.010047802,0
31.989999771118164,0.4,0.008750483,0.333333333,0.4,0.005776852,1
28.290000915527344,0.4,0.008750483,0.333333333,0.4,0.016538964,0
45.6500015258789,0.4,0.008750483,0.333333333,0.4,0.005822545,1
126.75,0.4,0.006320172,0.311111111,0.4,0.006333769,0
438.1000061035156,0.4,0.006320172,0.311111111,0.4,0.008630643,0
531.6900024414061,0.4,0.006320172,0.311111111,0.4,0.00468022,0
13.864668846130373,0.4,0.006320172,0.311111111,0.0,0.008089802,0
165.4600067138672,0.4,0.006320172,0.311111111,0.4,0.005717234857768152,0
40.9900016784668,0.4,0.006320172,0.311111111,0.2,0.005007382,0
31.020000457763672,0.4,0.006320172,0.311111111,0.4,0.009926471999999999,0
28.25,0.4,0.006320172,0.311111111,0.2,0.015028033,0
45.2599983215332,0.4,0.006320172,0.311111111,0.4,0.004877091,0
124.52999877929688,0.2,0.010035067,0.177777778,0.2,0.00824115,0
429.8599853515625,0.2,0.010035067,0.177777778,0.2,0.011762352,0
521.52001953125,0.2,0.010035067,0.177777778,0.2,0.007946769000000001,0
13.61035442352295,0.2,0.010035067,0.177777778,0.0,0.0111294,0
162.97000122070312,0.2,0.010035067,0.177777778,0.2,0.00784076337113182,0
40.41999816894531,0.2,0.010035067,0.177777778,0.2,0.007307686999999999,0
30.38999938964844,0.2,0.010035067,0.177777778,0.2,0.012803475,0
26.51000022888184,0.2,0.010035067,0.177777778,0.2,0.026184221,0
44.36999893188477,0.2,0.010035067,0.177777778,0.2,0.008245925,0
125.43000030517578,0.4,0.010790063999999999,0.177777778,0.4,0.008777565,1
434.0899963378906,0.4,0.010790063999999999,0.177777778,0.2,0.009283864000000001,1
520.510009765625,0.4,0.010790063999999999,0.177777778,0.0,0.00748311,0
13.628519058227539,0.4,0.010790063999999999,0.177777778,0.2,0.010954676000000002,1
162.66000366210938,0.4,0.010790063999999999,0.177777778,0.0,0.0071599698336277644,0
40.29999923706055,0.4,0.010790063999999999,0.177777778,0.0,0.006840964000000001,0
30.420000076293945,0.4,0.010790063999999999,0.177777778,0.4,0.011946988,1
27.739999771118164,0.4,0.010790063999999999,0.177777778,0.2,0.031337185,1
44.150001525878906,0.4,0.010790063999999999,0.177777778,0.2,0.007853193,0
126.5999984741211,0.4,0.008034019,0.288888889,0.4,0.008942755,1
437.3900146484375,0.4,0.008034019,0.288888889,0.4,0.008494829,1
521.8400268554689,0.4,0.008034019,0.288888889,0.2,0.007017262,1
13.860127449035645,0.4,0.008034019,0.288888889,0.4,0.013784478999999999,1
164.49000549316406,0.4,0.008034019,0.288888889,0.2,0.007453008214881926,1
40.2400016784668,0.4,0.008034019,0.288888889,0.0,0.00469327,0
30.18000030517578,0.4,0.008034019,0.288888889,0.4,0.012403049,0
27.149999618530273,0.4,0.008034019,0.288888889,0.2,0.032962943,0
44.45000076293945,0.4,0.008034019,0.288888889,0.4,0.008035977,1
126.44000244140624,0.4,0.00887393,0.37777777799999995,0.4,0.008243206,0
437.7099914550781,0.4,0.00887393,0.37777777799999995,0.6,0.008305422,1
523.4000244140625,0.4,0.00887393,0.37777777799999995,0.4,0.006644579,1
13.937329292297365,0.4,0.00887393,0.37777777799999995,0.6,0.012805918999999999,1
165.08999633789062,0.4,0.00887393,0.37777777799999995,0.4,0.007116465657339183,1
40.36000061035156,0.4,0.00887393,0.37777777799999995,0.2,0.004610077,1
30.559999465942386,0.4,0.00887393,0.37777777799999995,0.4,0.014419857,1
26.71999931335449,0.4,0.00887393,0.37777777799999995,0.2,0.029302263999999998,0
44.400001525878906,0.4,0.00887393,0.37777777799999995,0.2,0.008217114000000001,0
126.0,0.4,0.009339323,0.37777777799999995,0.4,0.007762722,0
436.0400085449219,0.4,0.009339323,0.37777777799999995,0.6,0.008159592,0
522.8599853515625,0.4,0.009339323,0.37777777799999995,0.4,0.005528149,0
13.882833480834961,0.4,0.009339323,0.37777777799999995,0.6,0.009230353,0
164.72999572753906,0.4,0.009339323,0.37777777799999995,0.4,0.006805969913304725,0
40.150001525878906,0.4,0.009339323,0.37777777799999995,0.2,0.005309744,0
30.040000915527344,0.4,0.009339323,0.37777777799999995,0.4,0.011758598,0
24.540000915527344,0.4,0.009339323,0.37777777799999995,0.2,0.045336826,0
44.38999938964844,0.4,0.009339323,0.37777777799999995,0.2,0.006553501999999999,0
125.69000244140624,0.6,0.005039696,0.488888889,0.4,0.004751821,0
436.7200012207031,0.6,0.005039696,0.488888889,0.8,0.004709779,1
525.02001953125,0.6,0.005039696,0.488888889,0.6,0.002528856,1
13.987284660339355,0.6,0.005039696,0.488888889,0.8,0.007066581,1
165.0,0.6,0.005039696,0.488888889,0.6,0.004123986847512646,1
40.15999984741211,0.6,0.005039696,0.488888889,0.4,0.002578366,1
29.899999618530273,0.6,0.005039696,0.488888889,0.4,0.008628795,0
23.60000038146973,0.6,0.005039696,0.488888889,0.2,0.040679209,0
44.29999923706055,0.6,0.005039696,0.488888889,0.2,0.00302617,0
122.56999969482422,0.4,0.007981728,0.37777777799999995,0.2,0.008270983,0
429.70001220703125,0.4,0.007981728,0.37777777799999995,0.6,0.005956561,0
516.8300170898439,0.4,0.007981728,0.37777777799999995,0.6,0.005261405,0
13.82833766937256,0.4,0.007981728,0.37777777799999995,0.6,0.009072393,0
163.16000366210938,0.4,0.007981728,0.37777777799999995,0.6,0.005973850320441813,0
39.77000045776367,0.4,0.007981728,0.37777777799999995,0.4,0.003926833,0
29.5,0.4,0.007981728,0.37777777799999995,0.2,0.01110694,0
22.790000915527344,0.4,0.007981728,0.37777777799999995,0.0,0.038264097999999996,0
44.2400016784668,0.4,0.007981728,0.37777777799999995,0.2,0.00230539,0
120.06999969482422,0.6,0.013255211999999999,0.37777777799999995,0.0,0.010484705,0
434.3900146484375,0.6,0.013255211999999999,0.37777777799999995,0.6,0.00661905,1
520.6799926757811,0.6,0.013255211999999999,0.37777777799999995,0.6,0.006240204,1
13.801090240478516,0.6,0.013255211999999999,0.37777777799999995,0.4,0.006067595,0
163.85000610351562,0.6,0.013255211999999999,0.37777777799999995,0.6,0.004569554414608186,1
40.18000030517578,0.6,0.013255211999999999,0.37777777799999995,0.6,0.005690934,1
28.93000030517578,0.6,0.013255211999999999,0.37777777799999995,0.2,0.013393437,0
24.60000038146973,0.6,0.013255211999999999,0.37777777799999995,0.2,0.049894466,1
44.52000045776367,0.6,0.013255211999999999,0.37777777799999995,0.2,0.0022122070000000003,1
123.27999877929688,0.6,0.016650575,0.444444444,0.2,0.015578827,1
443.510009765625,0.6,0.016650575,0.444444444,0.6,0.010671726999999999,1
530.1300048828125,0.6,0.016650575,0.444444444,0.6,0.009272194000000001,1
13.919164657592773,0.6,0.016650575,0.444444444,0.4,0.00666467,1
166.9499969482422,0.6,0.016650575,0.444444444,0.6,0.007623975357274632,1
40.36000061035156,0.6,0.016650575,0.444444444,0.6,0.005990486999999999,1
29.170000076293945,0.6,0.016650575,0.444444444,0.2,0.012534393999999999,1
25.0,0.6,0.016650575,0.444444444,0.4,0.049978905,1
44.61000061035156,0.6,0.016650575,0.444444444,0.4,0.002391552,1
125.66000366210938,0.8,0.015936752,0.644444444,0.4,0.018743978,1
455.5700073242188,0.8,0.015936752,0.644444444,0.8,0.015347106000000001,1
546.5499877929689,0.8,0.015936752,0.644444444,0.8,0.015260536000000002,1
13.960036277770994,0.8,0.015936752,0.644444444,0.6,0.006469929,1
169.3800048828125,0.8,0.015936752,0.644444444,0.8,0.010098909630068346,1
40.79999923706055,0.8,0.015936752,0.644444444,0.8,0.007130226999999999,1
29.729999542236328,0.8,0.015936752,0.644444444,0.4,0.01297082,1
25.35000038146973,0.8,0.015936752,0.644444444,0.6,0.036461555,1
45.540000915527344,0.8,0.015936752,0.644444444,0.6,0.006515966999999999,1
125.61000061035156,0.8,0.017502843,0.6,0.4,0.018331503,0
465.5700073242188,0.8,0.017502843,0.6,0.8,0.019425316,1
561.0999755859375,0.8,0.017502843,0.6,0.8,0.019758601,1
13.855586051940918,0.8,0.017502843,0.6,0.4,0.006461594,0
168.61000061035156,0.8,0.017502843,0.6,0.6,0.010680298563168036,0
40.77999877929688,0.8,0.017502843,0.6,0.6,0.007178464,0
29.649999618530273,0.8,0.017502843,0.6,0.4,0.012576897,0
24.63999938964844,0.8,0.017502843,0.6,0.6,0.034402175,0
45.61999893188477,0.8,0.017502843,0.6,0.8,0.006461801,1
126.81999969482422,1.0,0.013763391000000002,0.688888889,0.6,0.0152935,1
461.1900024414063,1.0,0.013763391000000002,0.688888889,0.8,0.018092013,0
560.219970703125,1.0,0.013763391000000002,0.688888889,0.8,0.01695239,0
13.851044654846193,1.0,0.013763391000000002,0.688888889,0.4,0.004254411,0
168.52999877929688,1.0,0.013763391000000002,0.688888889,0.6,0.008544895684691089,0
40.790000915527344,1.0,0.013763391000000002,0.688888889,0.8,0.00528529,1
29.690000534057607,1.0,0.013763391000000002,0.688888889,0.6,0.010171135,1
24.239999771118164,1.0,0.013763391000000002,0.688888889,0.6,0.030784522999999998,0
45.7599983215332,1.0,0.013763391000000002,0.688888889,1.0,0.006804695,1
128.50999450683594,1.0,0.010578678999999999,0.7111111109999999,0.8,0.013879385,1
475.4800109863281,1.0,0.010578678999999999,0.7111111109999999,0.8,0.022106109,1
579.8499755859375,1.0,0.010578678999999999,0.7111111109999999,0.8,0.022470511000000002,1
13.78292465209961,1.0,0.010578678999999999,0.7111111109999999,0.4,0.004843939,0
171.0,1.0,0.010578678999999999,0.7111111109999999,0.6,0.01063032750410974,1
40.959999084472656,1.0,0.010578678999999999,0.7111111109999999,0.8,0.004056964000000001,1
29.899999618530273,1.0,0.010578678999999999,0.7111111109999999,0.8,0.007721342,1
23.989999771118164,1.0,0.010578678999999999,0.7111111109999999,0.4,0.016963075,0
46.65999984741211,1.0,0.010578678999999999,0.7111111109999999,1.0,0.009472451,1
129.6199951171875,0.8,0.005574485,0.644444444,0.8,0.010259998000000001,1
483.010009765625,0.8,0.005574485,0.644444444,0.8,0.021074445,1
672.9299926757812,0.8,0.005574485,0.644444444,0.8,0.0509455,1
13.787466049194336,0.8,0.005574485,0.644444444,0.4,0.0031987490000000003,1
172.50999450683594,0.8,0.005574485,0.644444444,0.6,0.008612465533246542,1
40.400001525878906,0.8,0.005574485,0.644444444,0.6,0.0058953569999999995,0
29.46999931335449,0.8,0.005574485,0.644444444,0.6,0.008938422,0
24.729999542236328,0.8,0.005574485,0.644444444,0.4,0.019880281,1
46.61999893188477,0.8,0.005574485,0.644444444,0.8,0.009239594,0
132.07000732421878,0.6,0.0051293120000000005,0.5555555560000001,0.8,0.010179160999999999,1
488.1000061035156,0.6,0.0051293120000000005,0.5555555560000001,0.8,0.017743626999999998,1
663.02001953125,0.6,0.0051293120000000005,0.5555555560000001,0.6,0.04769612,0
13.82833766937256,0.6,0.0051293120000000005,0.5555555560000001,0.4,0.0032043590000000004,1
173.22000122070312,0.6,0.0051293120000000005,0.5555555560000001,0.6,0.006524553259220722,1
39.93000030517578,0.6,0.0051293120000000005,0.5555555560000001,0.4,0.006041726,0
29.10000038146973,0.6,0.0051293120000000005,0.5555555560000001,0.4,0.007609886,0
24.20000076293945,0.6,0.0051293120000000005,0.5555555560000001,0.2,0.02136656,0
46.91999816894531,0.6,0.0051293120000000005,0.5555555560000001,0.8,0.006357122,1
130.75,0.4,0.005322036,0.533333333,0.8,0.012098527,0
488.0,0.4,0.005322036,0.533333333,0.6,0.0133945,0
662.2999877929688,0.4,0.005322036,0.533333333,0.4,0.042589015,0
13.9237060546875,0.4,0.005322036,0.533333333,0.6,0.003087259,1
163.07000732421875,0.4,0.005322036,0.533333333,0.6,0.01733454387449388,0
39.56999969482422,0.4,0.005322036,0.533333333,0.4,0.007746843000000001,0
28.71999931335449,0.4,0.005322036,0.533333333,0.4,0.009683401,0
23.71999931335449,0.4,0.005322036,0.533333333,0.2,0.019731928,0
47.27999877929688,0.4,0.005322036,0.533333333,0.8,0.007540321,1
125.22000122070312,0.4,0.007079241,0.488888889,0.6,0.01863082,0
488.2699890136719,0.4,0.007079241,0.488888889,0.8,0.011623585,1
662.0999755859375,0.4,0.007079241,0.488888889,0.4,0.042335742999999995,0
13.973660469055176,0.4,0.007079241,0.488888889,0.8,0.003739251,1
160.35000610351562,0.4,0.007079241,0.488888889,0.6,0.02057564018775548,0
39.41999816894531,0.4,0.007079241,0.488888889,0.2,0.008455947,0
28.61000061035156,0.4,0.007079241,0.488888889,0.2,0.010179588,0
23.229999542236328,0.4,0.007079241,0.488888889,0.2,0.020616711,0
45.540000915527344,0.4,0.007079241,0.488888889,0.6,0.014286955,0
125.16000366210938,0.2,0.005353956,0.42222222200000004,0.4,0.01606146,0
482.17999267578125,0.2,0.005353956,0.42222222200000004,0.6,0.007921089000000001,0
644.280029296875,0.2,0.005353956,0.42222222200000004,0.2,0.040710636,0
14.182560920715332,0.2,0.005353956,0.42222222200000004,1.0,0.00574556,1
161.72999572753906,0.2,0.005353956,0.42222222200000004,0.6,0.01936563164824624,1
39.0,0.2,0.005353956,0.42222222200000004,0.0,0.009753307,0
28.60000038146973,0.2,0.005353956,0.42222222200000004,0.0,0.008834883,0
23.43000030517578,0.2,0.005353956,0.42222222200000004,0.4,0.020275922,1
46.11000061035156,0.2,0.005353956,0.42222222200000004,0.6,0.012856673999999998,1
124.5,0.4,0.006635533000000001,0.311111111,0.2,0.015388623,0
529.4199829101561,0.4,0.006635533000000001,0.311111111,0.6,0.024348103,1
623.5599975585938,0.4,0.006635533000000001,0.311111111,0.0,0.01503777,0
13.991826057434082,0.4,0.006635533000000001,0.311111111,0.8,0.008369371,0
159.75,0.4,0.006635533000000001,0.311111111,0.4,0.020048076302866508,0
39.0,0.4,0.006635533000000001,0.311111111,0.0,0.007018944,0
28.059999465942386,0.4,0.006635533000000001,0.311111111,0.0,0.009734857,0
23.28000068664551,0.4,0.006635533000000001,0.311111111,0.2,0.015387093000000001,0
45.93999862670898,0.4,0.006635533000000001,0.311111111,0.6,0.013422593,0
122.7699966430664,0.4,0.009063416999999999,0.26666666699999997,0.0,0.014387445,0
531.4099731445311,0.4,0.009063416999999999,0.26666666699999997,0.6,0.02299225,1
627.260009765625,0.4,0.009063416999999999,0.26666666699999997,0.2,0.013279187,1
13.73751163482666,0.4,0.009063416999999999,0.26666666699999997,0.6,0.011411676,0
159.07000732421875,0.4,0.009063416999999999,0.26666666699999997,0.2,0.020076248839258286,0
38.5099983215332,0.4,0.009063416999999999,0.26666666699999997,0.0,0.007205034,0
28.35000038146973,0.4,0.009063416999999999,0.26666666699999997,0.2,0.009290841999999999,1
22.06999969482422,0.4,0.009063416999999999,0.26666666699999997,0.2,0.021496007999999997,0
45.349998474121094,0.4,0.009063416999999999,0.26666666699999997,0.4,0.014704163000000001,0
123.37999725341795,0.4,0.009047978,0.37777777799999995,0.2,0.013382223,1
526.030029296875,0.4,0.009047978,0.37777777799999995,0.6,0.024976052999999998,0
628.0,0.4,0.009047978,0.37777777799999995,0.4,0.013297933,1
13.746594429016113,0.4,0.009047978,0.37777777799999995,0.6,0.010164591,1
160.0500030517578,0.4,0.009047978,0.37777777799999995,0.4,0.009589211465672277,1
39.27999877929688,0.4,0.009047978,0.37777777799999995,0.2,0.00940084,1
28.959999084472656,0.4,0.009047978,0.37777777799999995,0.4,0.010982493000000001,1
22.43000030517578,0.4,0.009047978,0.37777777799999995,0.4,0.020791406999999998,1
45.34000015258789,0.4,0.009047978,0.37777777799999995,0.2,0.013213728000000001,0
122.98999786376952,0.4,0.008399438,0.5111111110000001,0.2,0.005555526999999999,0
529.0,0.4,0.008399438,0.5111111110000001,0.6,0.025994603999999998,1
631.9299926757812,0.4,0.008399438,0.5111111110000001,0.6,0.014489123999999999,1
13.760217666625975,0.4,0.008399438,0.5111111110000001,0.6,0.009645251,1
161.08999633789062,0.4,0.008399438,0.5111111110000001,0.6,0.007552804901926431,1
39.790000915527344,0.4,0.008399438,0.5111111110000001,0.4,0.011239434,1
29.01000022888184,0.4,0.008399438,0.5111111110000001,0.6,0.010561797,1
22.59000015258789,0.4,0.008399438,0.5111111110000001,0.6,0.018086533999999998,1
46.290000915527344,0.4,0.008399438,0.5111111110000001,0.4,0.010043894,1
122.37000274658205,0.4,0.00762619,0.5111111110000001,0.2,0.0064679030000000005,0
536.760009765625,0.4,0.00762619,0.5111111110000001,0.8,0.026433925,1
632.5900268554688,0.4,0.00762619,0.5111111110000001,0.8,0.009315162,1
13.905540466308596,0.4,0.00762619,0.5111111110000001,0.6,0.008767551,1
160.9600067138672,0.4,0.00762619,0.5111111110000001,0.4,0.00599297069105465,0
39.650001525878906,0.4,0.00762619,0.5111111110000001,0.4,0.009812237,0
28.90999984741211,0.4,0.00762619,0.5111111110000001,0.6,0.01118131,0
22.299999237060547,0.4,0.00762619,0.5111111110000001,0.4,0.018932132,0
46.88000106811523,0.4,0.00762619,0.5111111110000001,0.4,0.010089749,1
121.3000030517578,0.4,0.006385825,0.5555555560000001,0.2,0.007162041,0
536.1500244140625,0.4,0.006385825,0.5555555560000001,0.6,0.007066871,0
625.6099853515625,0.4,0.006385825,0.5555555560000001,0.8,0.00508998,0
13.860127449035645,0.4,0.006385825,0.5555555560000001,0.6,0.006731005,0
161.99000549316406,0.4,0.006385825,0.5555555560000001,0.6,0.004824270093239982,1
39.93999862670898,0.4,0.006385825,0.5555555560000001,0.6,0.011275021000000001,1
28.95000076293945,0.4,0.006385825,0.5555555560000001,0.8,0.007681807,1
21.600000381469727,0.4,0.006385825,0.5555555560000001,0.4,0.023929742,0
46.70000076293945,0.4,0.006385825,0.5555555560000001,0.4,0.010120293,0
118.44000244140624,0.4,0.003767478,0.5555555560000001,0.2,0.009098502,0
535.030029296875,0.4,0.003767478,0.5555555560000001,0.4,0.006732899999999999,0
631.2100219726562,0.4,0.003767478,0.5555555560000001,0.8,0.0056935069999999996,1
13.633060455322266,0.4,0.003767478,0.5555555560000001,0.6,0.00637237,0
158.7100067138672,0.4,0.003767478,0.5555555560000001,0.6,0.00802258010831518,0
39.709999084472656,0.4,0.003767478,0.5555555560000001,0.6,0.009913918,0
29.04999923706055,0.4,0.003767478,0.5555555560000001,0.8,0.006305636999999999,1
21.1299991607666,0.4,0.003767478,0.5555555560000001,0.4,0.017886408,0
46.81000137329102,0.4,0.003767478,0.5555555560000001,0.6,0.008022819,1
114.63999938964844,0.6,0.003225666,0.46666666700000003,0.0,0.014521528999999998,0
531.9000244140625,0.6,0.003225666,0.46666666700000003,0.4,0.005878149,0
629.25,0.6,0.003225666,0.46666666700000003,0.6,0.0060785990000000005,0
13.514986038208008,0.6,0.003225666,0.46666666700000003,0.4,0.007972314,0
157.60000610351562,0.6,0.003225666,0.46666666700000003,0.4,0.00818920195029402,0
39.65999984741211,0.6,0.003225666,0.46666666700000003,0.4,0.006166776,0
29.1299991607666,0.6,0.003225666,0.46666666700000003,0.8,0.002553069,1
21.65999984741211,0.6,0.003225666,0.46666666700000003,0.4,0.019640626,1
47.540000915527344,0.6,0.003225666,0.46666666700000003,0.8,0.011097715,1
115.4000015258789,0.6,0.0060862469999999995,0.444444444,0.2,0.01521523,1
537.010009765625,0.6,0.0060862469999999995,0.444444444,0.4,0.006670355,1
643.780029296875,0.6,0.0060862469999999995,0.444444444,0.6,0.009445215,1
13.760217666625975,0.6,0.0060862469999999995,0.444444444,0.4,0.011403141,1
157.89999389648438,0.6,0.0060862469999999995,0.444444444,0.4,0.0072703116418711845,1
39.63999938964844,0.6,0.0060862469999999995,0.444444444,0.2,0.003670883,0
29.1200008392334,0.6,0.0060862469999999995,0.444444444,0.6,0.0022764029999999998,0
21.950000762939453,0.6,0.0060862469999999995,0.444444444,0.4,0.020891721999999998,1
47.58000183105469,0.6,0.0060862469999999995,0.444444444,0.8,0.007075434,1
115.12999725341795,0.8,0.007267865,0.355555556,0.2,0.014674971,0
529.4600219726561,0.8,0.007267865,0.355555556,0.2,0.006548375,0
642.6799926757812,0.8,0.007267865,0.355555556,0.4,0.009578063000000001,0
13.687557220458984,0.8,0.007267865,0.355555556,0.2,0.010347019,0
156.32000732421875,0.8,0.007267865,0.355555556,0.4,0.009110173754948582,0
39.31999969482422,0.8,0.007267865,0.355555556,0.2,0.0045817209999999995,0
29.01000022888184,0.8,0.007267865,0.355555556,0.6,0.0023424820000000003,0
21.15999984741211,0.8,0.007267865,0.355555556,0.4,0.025522392,0
46.61999893188477,0.8,0.007267865,0.355555556,0.6,0.008561608,0
115.5199966430664,0.8,0.007679386,0.37777777799999995,0.4,0.013603671000000001,1
522.6199951171875,0.8,0.007679386,0.37777777799999995,0.2,0.008904865,0
635.2999877929688,0.8,0.007679386,0.37777777799999995,0.4,0.009667884,0
13.356040000915527,0.8,0.007679386,0.37777777799999995,0.2,0.014537922,0
155.1199951171875,0.8,0.007679386,0.37777777799999995,0.2,0.009365681977761407,0
39.560001373291016,0.8,0.007679386,0.37777777799999995,0.2,0.004339697,1
28.8799991607666,0.8,0.007679386,0.37777777799999995,0.4,0.002962005,0
21.229999542236328,0.8,0.007679386,0.37777777799999995,0.6,0.019905998,1
46.7400016784668,0.8,0.007679386,0.37777777799999995,0.8,0.008308501,1
119.72000122070312,1.0,0.00986534,0.488888889,0.6,0.016159565,1
524.0,1.0,0.00986534,0.488888889,0.4,0.009015184,1
633.72998046875,1.0,0.00986534,0.488888889,0.2,0.008371876,0
13.732970237731935,1.0,0.00986534,0.488888889,0.4,0.016905713,1
156.75,1.0,0.00986534,0.488888889,0.4,0.0074176560527757,1
39.88999938964844,1.0,0.00986534,0.488888889,0.4,0.0048563140000000005,1
29.63999938964844,1.0,0.00986534,0.488888889,0.4,0.007534329,1
21.739999771118164,1.0,0.00986534,0.488888889,0.8,0.020358658999999998,1
47.33000183105469,1.0,0.00986534,0.488888889,0.8,0.010362010999999999,1
113.48999786376952,0.8,0.009231981,0.488888889,0.6,0.020150432,0
527.4600219726561,0.8,0.009231981,0.488888889,0.6,0.009165773,1
660.780029296875,0.8,0.009231981,0.488888889,0.4,0.016287614,1
13.315168380737305,0.8,0.009231981,0.488888889,0.4,0.021258189,0
155.50999450683594,0.8,0.009231981,0.488888889,0.4,0.007601021867952617,0
39.16999816894531,0.8,0.009231981,0.488888889,0.4,0.008214425,0
28.96999931335449,0.8,0.009231981,0.488888889,0.2,0.011504473000000001,0
22.11000061035156,0.8,0.009231981,0.488888889,0.8,0.01874596,1
46.40999984741211,0.8,0.009231981,0.488888889,0.6,0.011130626999999999,0
115.23999786376952,0.6,0.006002029,0.444444444,0.6,0.021908511000000002,1
525.9099731445311,0.6,0.006002029,0.444444444,0.4,0.007832106,0
659.5599975585938,0.6,0.006002029,0.444444444,0.2,0.012038678999999998,0
13.215258598327635,0.6,0.006002029,0.444444444,0.2,0.019129848,0
156.16000366210938,0.6,0.006002029,0.444444444,0.4,0.008056297620306154,1
39.27999877929688,0.6,0.006002029,0.444444444,0.6,0.008675223000000001,1
29.459999084472656,0.6,0.006002029,0.444444444,0.4,0.014818635,1
21.799999237060547,0.6,0.006002029,0.444444444,0.6,0.018872378000000002,0
46.7400016784668,0.6,0.006002029,0.444444444,0.6,0.012384458999999999,1
115.1500015258789,0.6,0.007045148,0.488888889,0.6,0.021596755,0
529.6599731445311,0.6,0.007045148,0.488888889,0.6,0.0064463440000000006,1
656.4500122070312,0.6,0.007045148,0.488888889,0.2,0.012639983999999998,0
12.920072555541992,0.6,0.007045148,0.488888889,0.2,0.022541105,0
155.07000732421875,0.6,0.007045148,0.488888889,0.4,0.007451047301821494,0
39.310001373291016,0.6,0.007045148,0.488888889,0.8,0.0072134569999999995,1
28.8700008392334,0.6,0.007045148,0.488888889,0.4,0.018068556,0
19.75,0.6,0.007045148,0.488888889,0.6,0.030481525,0
46.72999954223633,0.6,0.007045148,0.488888889,0.6,0.008391937,0
115.95999908447266,0.6,0.008826166,0.577777778,0.6,0.022326118,1
531.52001953125,0.6,0.008826166,0.577777778,0.8,0.004564925,1
657.1199951171875,0.6,0.008826166,0.577777778,0.4,0.010547473,1
13.03814697265625,0.6,0.008826166,0.577777778,0.4,0.019524805,1
155.75,0.6,0.008826166,0.577777778,0.6,0.0067927333676588465,1
39.40999984741211,0.6,0.008826166,0.577777778,0.8,0.006501464,1
29.020000457763672,0.6,0.008826166,0.577777778,0.6,0.018211444,1
18.71999931335449,0.6,0.008826166,0.577777778,0.4,0.040250289,0
47.0,0.6,0.008826166,0.577777778,0.6,0.009032701,1
117.16000366210938,0.4,0.00681519,0.5555555560000001,0.6,0.017124328,1
535.219970703125,0.4,0.00681519,0.5555555560000001,0.8,0.00542903,1
660.8699951171875,0.4,0.00681519,0.5555555560000001,0.6,0.01119456,1
12.9927339553833,0.4,0.00681519,0.5555555560000001,0.2,0.014577082,0
156.30999755859375,0.4,0.00681519,0.5555555560000001,0.6,0.005410226232290817,1
39.72000122070313,0.4,0.00681519,0.5555555560000001,0.8,0.0064063340000000005,1
29.07999992370605,0.4,0.00681519,0.5555555560000001,0.6,0.013361788000000001,1
18.549999237060547,0.4,0.00681519,0.5555555560000001,0.2,0.037262005,0
47.31999969482422,0.4,0.00681519,0.5555555560000001,0.6,0.007869798,1
116.5,0.6,0.0064357419999999995,0.5111111110000001,0.6,0.007843375999999999,0
535.02001953125,0.6,0.0064357419999999995,0.5111111110000001,0.6,0.0041831279999999995,0
656.1300048828125,0.6,0.0064357419999999995,0.5111111110000001,0.4,0.004092256,0
12.89282512664795,0.6,0.0064357419999999995,0.5111111110000001,0.2,0.010030345999999999,0
156.00999450683594,0.6,0.0064357419999999995,0.5111111110000001,0.6,0.004211938573731918,0
39.83000183105469,0.6,0.0064357419999999995,0.5111111110000001,1.0,0.0033502809999999997,1
28.90999984741211,0.6,0.0064357419999999995,0.5111111110000001,0.6,0.010010059,0
17.489999771118164,0.6,0.0064357419999999995,0.5111111110000001,0.0,0.0452867,0
47.27000045776367,0.6,0.0064357419999999995,0.5111111110000001,0.6,0.0041935159999999996,0
115.01000213623048,0.6,0.006453925,0.444444444,0.4,0.00731734,0
532.9199829101561,0.6,0.006453925,0.444444444,0.6,0.004380418,0
660.9000244140625,0.6,0.006453925,0.444444444,0.6,0.005176972,1
12.597638130187988,0.6,0.006453925,0.444444444,0.2,0.013108743999999999,0
153.94000244140625,0.6,0.006453925,0.444444444,0.4,0.006029633635349578,0
39.52999877929688,0.6,0.006453925,0.444444444,0.8,0.0042950409999999994,0
28.36000061035156,0.6,0.006453925,0.444444444,0.4,0.010432157,0
18.010000228881836,0.6,0.006453925,0.444444444,0.2,0.048428785999999995,1
46.61000061035156,0.6,0.006453925,0.444444444,0.4,0.0055638680000000005,0
112.6500015258789,0.4,0.007819776,0.4,0.4,0.011265141999999999,0
515.780029296875,0.4,0.007819776,0.4,0.4,0.009386786,0
646.8300170898438,0.4,0.007819776,0.4,0.6,0.008491755,0
12.420526504516602,0.4,0.007819776,0.4,0.2,0.011453215,0
152.66000366210938,0.4,0.007819776,0.4,0.4,0.006296618226404332,0
38.63000106811523,0.4,0.007819776,0.4,0.6,0.00869577,0
27.53000068664551,0.4,0.007819776,0.4,0.4,0.012280052,0
17.379999160766598,0.4,0.007819776,0.4,0.2,0.036617578,0
45.65999984741211,0.4,0.007819776,0.4,0.4,0.009597451,0
105.76000213623048,0.2,0.011162033,0.24444444399999998,0.2,0.022090863,0
494.4700012207031,0.2,0.011162033,0.24444444399999998,0.2,0.016947655,0
612.47998046875,0.2,0.011162033,0.24444444399999998,0.4,0.018908671999999998,0
12.475022315979006,0.2,0.011162033,0.24444444399999998,0.2,0.01050296,1
148.85000610351562,0.2,0.011162033,0.24444444399999998,0.2,0.01041108546042389,0
37.54999923706055,0.2,0.011162033,0.24444444399999998,0.4,0.01377852,0
26.559999465942386,0.2,0.011162033,0.24444444399999998,0.2,0.01828778,0
16.90999984741211,0.2,0.011162033,0.24444444399999998,0.2,0.0315957,0
43.06999969482422,0.2,0.011162033,0.24444444399999998,0.2,0.019786597,0
103.12000274658205,0.2,0.018240577,0.088888889,0.0,0.025013611,0
463.3699951171875,0.2,0.018240577,0.088888889,0.0,0.028134567000000003,0
589.6099853515625,0.2,0.018240577,0.088888889,0.2,0.025235326000000002,0
12.079927444458008,0.2,0.018240577,0.088888889,0.2,0.016140518,0
143.47000122070312,0.2,0.018240577,0.088888889,0.0,0.01692074751513661,0
36.08000183105469,0.2,0.018240577,0.088888889,0.2,0.020034855,0
26.25,0.2,0.018240577,0.088888889,0.0,0.020208609,0
16.049999237060547,0.2,0.018240577,0.088888889,0.2,0.039950963,0
41.68000030517578,0.2,0.018240577,0.088888889,0.0,0.024879502,0
103.73999786376952,0.0,0.020946878000000002,0.133333333,0.2,0.025089412999999998,1
466.3699951171875,0.0,0.020946878000000002,0.133333333,0.2,0.029354712,1
582.0599975585938,0.0,0.020946878000000002,0.133333333,0.2,0.026361867,0
11.666666984558105,0.0,0.020946878000000002,0.133333333,0.2,0.021444701,0
140.9600067138672,0.0,0.020946878000000002,0.133333333,0.0,0.020035872652189358,0
35.45000076293945,0.0,0.020946878000000002,0.133333333,0.0,0.02297322,0
25.8700008392334,0.0,0.020946878000000002,0.133333333,0.0,0.021934652000000002,0
16.350000381469727,0.0,0.020946878000000002,0.133333333,0.4,0.032260729,1
40.47000122070313,0.0,0.020946878000000002,0.133333333,0.0,0.030474316,0
109.69000244140624,0.2,0.023396497999999998,0.26666666699999997,0.4,0.034002471,1
500.7699890136719,0.2,0.023396497999999998,0.26666666699999997,0.4,0.043321913,1
628.6199951171875,0.2,0.023396497999999998,0.26666666699999997,0.2,0.04090623,1
12.30699348449707,0.2,0.023396497999999998,0.26666666699999997,0.4,0.027842637000000003,1
146.6999969482422,0.2,0.023396497999999998,0.26666666699999997,0.2,0.02552634681047049,1
36.90999984741211,0.2,0.023396497999999998,0.26666666699999997,0.2,0.029703751,1
27.29999923706055,0.2,0.023396497999999998,0.26666666699999997,0.2,0.029185008999999998,1
16.200000762939453,0.2,0.023396497999999998,0.26666666699999997,0.2,0.028149326000000002,0
42.709999084472656,0.2,0.023396497999999998,0.26666666699999997,0.2,0.038751765,1
112.91999816894531,0.4,0.02628609,0.444444444,0.6,0.035787796000000004,1
518.3699951171875,0.4,0.02628609,0.444444444,0.6,0.043918623,1
637.6099853515625,0.4,0.02628609,0.444444444,0.4,0.039508628999999997,1
12.62034511566162,0.4,0.02628609,0.444444444,0.6,0.030123067000000003,1
148.5399932861328,0.4,0.02628609,0.444444444,0.4,0.02637187869425673,1
36.81999969482422,0.4,0.02628609,0.444444444,0.2,0.025637932000000002,0
27.71999931335449,0.4,0.02628609,0.444444444,0.4,0.026408618999999998,1
16.559999465942386,0.4,0.02628609,0.444444444,0.4,0.025597629,1
43.900001525878906,0.4,0.02628609,0.444444444,0.4,0.040247861,1
113.29000091552734,0.6,0.021335162,0.5555555560000001,0.8,0.024210554,1
518.010009765625,0.6,0.021335162,0.5555555560000001,0.6,0.035794291,0
630.3800048828125,0.6,0.021335162,0.5555555560000001,0.4,0.031155427000000003,0
12.729336738586426,0.6,0.021335162,0.5555555560000001,0.6,0.030972792000000002,1
147.97999572753906,0.6,0.021335162,0.5555555560000001,0.4,0.022134400070108477,0
37.459999084472656,0.6,0.021335162,0.5555555560000001,0.4,0.023522782000000002,1
28.420000076293945,0.6,0.021335162,0.5555555560000001,0.6,0.024412262999999997,1
17.209999084472653,0.6,0.021335162,0.5555555560000001,0.6,0.028039359,1
43.93000030517578,0.6,0.021335162,0.5555555560000001,0.6,0.029039807,1
112.76000213623048,0.6,0.015090168000000001,0.6,0.8,0.02015377,0
512.8900146484375,0.6,0.015090168000000001,0.6,0.6,0.025191957,0
618.25,0.6,0.015090168000000001,0.6,0.4,0.027535902999999997,0
12.742960929870605,0.6,0.015090168000000001,0.6,0.8,0.024852677000000004,1
147.88999938964844,0.6,0.015090168000000001,0.6,0.4,0.01502727314007602,0
37.09000015258789,0.6,0.015090168000000001,0.6,0.4,0.01766867,0
28.540000915527344,0.6,0.015090168000000001,0.6,0.8,0.022922411,1
16.190000534057614,0.6,0.015090168000000001,0.6,0.6,0.029721413,0
43.52000045776367,0.6,0.015090168000000001,0.6,0.6,0.024451806,0
107.72000122070312,0.6,0.016438162,0.533333333,0.6,0.027890638,0
496.5400085449219,0.6,0.016438162,0.533333333,0.4,0.030272734,0
597.7899780273438,0.6,0.016438162,0.533333333,0.4,0.031593581,0
12.629427909851074,0.6,0.016438162,0.533333333,0.8,0.019792469,0
142.67999267578125,0.6,0.016438162,0.533333333,0.4,0.018574077867183642,0
36.0099983215332,0.6,0.016438162,0.533333333,0.4,0.020000107,0
27.81999969482422,0.6,0.016438162,0.533333333,0.8,0.025072737999999997,0
15.649999618530273,0.6,0.016438162,0.533333333,0.4,0.032653876,0
41.81999969482422,0.6,0.016438162,0.533333333,0.6,0.026458172000000002,0
112.33999633789062,0.6,0.015996193,0.533333333,0.6,0.024997428999999998,1
510.5499877929688,0.6,0.015996193,0.533333333,0.4,0.021163542999999996,1
614.3400268554688,0.6,0.015996193,0.533333333,0.4,0.021132309,1
12.715712547302244,0.6,0.015996193,0.533333333,0.8,0.01018185,1
145.0500030517578,0.6,0.015996193,0.533333333,0.4,0.013752071883961558,1
36.75,0.6,0.015996193,0.533333333,0.4,0.015873138000000002,1
28.60000038146973,0.6,0.015996193,0.533333333,0.8,0.019624956000000002,1
15.59000015258789,0.6,0.015996193,0.533333333,0.4,0.031585785,0
43.36000061035156,0.6,0.015996193,0.533333333,0.6,0.022753156,1
110.37000274658205,0.6,0.01097329,0.488888889,0.4,0.022615312000000002,0
504.7200012207031,0.6,0.01097329,0.488888889,0.2,0.016418171000000002,0
606.25,0.6,0.01097329,0.488888889,0.2,0.020905808,0
12.774749755859375,0.6,0.01097329,0.488888889,0.8,0.006018167,1
146.77999877929688,0.6,0.01097329,0.488888889,0.4,0.01362893444271813,1
36.900001525878906,0.6,0.01097329,0.488888889,0.6,0.016201799,1
29.07999992370605,0.6,0.01097329,0.488888889,0.8,0.019904673,1
15.859999656677244,0.6,0.01097329,0.488888889,0.4,0.030605109,1
43.5,0.6,0.01097329,0.488888889,0.6,0.017826433,1
109.2699966430664,0.4,0.013556107,0.37777777799999995,0.2,0.023953282000000003,0
499.0,0.4,0.013556107,0.37777777799999995,0.2,0.018545884,0
600.7000122070312,0.4,0.013556107,0.37777777799999995,0.2,0.020468893999999998,0
12.257039070129395,0.4,0.013556107,0.37777777799999995,0.6,0.012396148999999999,0
143.6999969482422,0.4,0.013556107,0.37777777799999995,0.4,0.017071691622036086,0
36.27000045776367,0.4,0.013556107,0.37777777799999995,0.4,0.01614007,0
28.520000457763672,0.4,0.013556107,0.37777777799999995,0.6,0.018705601999999998,0
16.069999694824222,0.4,0.013556107,0.37777777799999995,0.4,0.025403044,1
42.61000061035156,0.4,0.013556107,0.37777777799999995,0.4,0.021781715,0
112.30999755859376,0.6,0.018991218,0.533333333,0.4,0.028581832999999997,1
517.5399780273439,0.6,0.018991218,0.533333333,0.4,0.023999943,1
614.6599731445312,0.6,0.018991218,0.533333333,0.4,0.021268317999999998,1
12.529519081115724,0.6,0.018991218,0.533333333,0.6,0.016628188000000002,1
147.22999572753906,0.6,0.018991218,0.533333333,0.6,0.021863070136159832,1
37.68000030517578,0.6,0.018991218,0.533333333,0.6,0.021939655,1
29.5,0.6,0.018991218,0.533333333,0.6,0.024733487999999998,1
17.5,0.6,0.018991218,0.533333333,0.6,0.031346628,1
43.88999938964844,0.6,0.018991218,0.533333333,0.6,0.025923083,1
110.1500015258789,0.6,0.018307619,0.533333333,0.4,0.02348898,0
516.8900146484375,0.6,0.018307619,0.533333333,0.4,0.017875479,0
612.719970703125,0.6,0.018307619,0.533333333,0.4,0.015280873,0
12.37965488433838,0.6,0.018307619,0.533333333,0.6,0.017238472,0
145.0500030517578,0.6,0.018307619,0.533333333,0.6,0.01777862688235601,0
37.09000015258789,0.6,0.018307619,0.533333333,0.6,0.019247609,0
29.239999771118164,0.6,0.018307619,0.533333333,0.6,0.021450643,0
17.280000686645508,0.6,0.018307619,0.533333333,0.6,0.02719011,0
43.06999969482422,0.6,0.018307619,0.533333333,0.6,0.021847192999999997,0
112.56999969482422,0.6,0.016760504,0.533333333,0.4,0.0193052,1
522.239990234375,0.6,0.016760504,0.533333333,0.4,0.014302501,1
621.3499755859375,0.6,0.016760504,0.533333333,0.4,0.012560743999999999,1
12.411443710327148,0.6,0.016760504,0.533333333,0.6,0.016385631,1
146.1999969482422,0.6,0.016760504,0.533333333,0.6,0.01604214440742683,1
37.61000061035156,0.6,0.016760504,0.533333333,0.6,0.017941623,1
29.270000457763672,0.6,0.016760504,0.533333333,0.6,0.016048364,1
16.719999313354492,0.6,0.016760504,0.533333333,0.6,0.032904841000000004,0
43.290000915527344,0.6,0.016760504,0.533333333,0.6,0.01550389,1
114.20999908447266,0.6,0.016939688999999997,0.577777778,0.6,0.018711743,1
529.4400024414061,0.6,0.016939688999999997,0.577777778,0.6,0.014776052,1
625.77001953125,0.6,0.016939688999999997,0.577777778,0.6,0.011349738,1
12.329700469970705,0.6,0.016939688999999997,0.577777778,0.4,0.016774284,0
147.3699951171875,0.6,0.016939688999999997,0.577777778,0.6,0.015257310722576968,1
37.91999816894531,0.6,0.016939688999999997,0.577777778,0.6,0.018773773,1
29.46999931335449,0.6,0.016939688999999997,0.577777778,0.6,0.014058303000000001,1
16.950000762939453,0.6,0.016939688999999997,0.577777778,0.6,0.032192302,1
43.47999954223633,0.6,0.016939688999999997,0.577777778,0.6,0.015735931,1
115.30999755859376,0.6,0.015084725,0.577777778,0.8,0.01864471,1
521.3800048828125,0.6,0.015084725,0.577777778,0.6,0.015554173999999999,0
623.239990234375,0.6,0.015084725,0.577777778,0.6,0.010327427,0
12.279746055603027,0.6,0.015084725,0.577777778,0.4,0.009479376,0
145.64999389648438,0.6,0.015084725,0.577777778,0.6,0.013394813579681709,0
37.560001373291016,0.6,0.015084725,0.577777778,0.6,0.01725785,0
29.38999938964844,0.6,0.015084725,0.577777778,0.6,0.010749787,0
16.850000381469727,0.6,0.015084725,0.577777778,0.4,0.030724076,0
43.040000915527344,0.6,0.015084725,0.577777778,0.6,0.013667892,0
116.27999877929688,0.6,0.009885927,0.577777778,0.8,0.014762933,1
522.3699951171875,0.6,0.009885927,0.577777778,0.6,0.008503078,1
635.1400146484375,0.6,0.009885927,0.577777778,0.6,0.009498290999999999,1
12.311534881591795,0.6,0.009885927,0.577777778,0.4,0.005551021999999999,1
147.52999877929688,0.6,0.009885927,0.577777778,0.6,0.011063339832979987,1
37.9900016784668,0.6,0.009885927,0.577777778,0.6,0.011772501999999999,1
29.729999542236328,0.6,0.009885927,0.577777778,0.6,0.006191133000000001,1
17.360000610351562,0.6,0.009885927,0.577777778,0.4,0.018980349,1
43.97999954223633,0.6,0.009885927,0.577777778,0.6,0.012027942,1
116.41000366210938,0.8,0.006423615,0.7777777779999999,1.0,0.01114005,1
527.3900146484375,0.8,0.006423615,0.7777777779999999,0.8,0.010173920999999999,1
635.97998046875,0.8,0.006423615,0.7777777779999999,0.8,0.009131544,1
12.929155349731445,0.8,0.006423615,0.7777777779999999,0.6,0.013192043999999998,1
148.41000366210938,0.8,0.006423615,0.7777777779999999,0.8,0.009294981040014458,1
38.27000045776367,0.8,0.006423615,0.7777777779999999,0.8,0.010114932,1
29.770000457763672,0.8,0.006423615,0.7777777779999999,0.8,0.004697515,1
18.1299991607666,0.8,0.006423615,0.7777777779999999,0.6,0.025337022,1
44.29999923706055,0.8,0.006423615,0.7777777779999999,0.8,0.009746534,1
113.91999816894531,0.6,0.008365592,0.666666667,0.8,0.011024036999999999,0
538.8699951171875,0.6,0.008365592,0.666666667,0.8,0.012457365,1
642.9000244140625,0.6,0.008365592,0.666666667,0.8,0.008490778000000001,1
12.52043628692627,0.6,0.008365592,0.666666667,0.4,0.019000918000000002,0
148.13999938964844,0.6,0.008365592,0.666666667,0.6,0.008073192003541296,0
36.7400016784668,0.6,0.008365592,0.666666667,0.6,0.015306752,0
29.709999084472656,0.6,0.008365592,0.666666667,0.6,0.004895411,0
19.049999237060547,0.6,0.008365592,0.666666667,0.8,0.029004451,1
44.25,0.6,0.008365592,0.666666667,0.6,0.008950666,0
113.4499969482422,0.4,0.008613326999999999,0.5111111110000001,0.6,0.008935438,0
540.260009765625,0.4,0.008613326999999999,0.5111111110000001,0.8,0.010215907,1
629.25,0.4,0.008613326999999999,0.5111111110000001,0.6,0.011314446,0
12.052679061889648,0.4,0.008613326999999999,0.5111111110000001,0.4,0.025155594,0
144.50999450683594,0.4,0.008613326999999999,0.5111111110000001,0.4,0.011373423434048052,0
36.38000106811523,0.4,0.008613326999999999,0.5111111110000001,0.4,0.015617987,0
29.020000457763672,0.4,0.008613326999999999,0.5111111110000001,0.4,0.008173724,0
18.280000686645508,0.4,0.008613326999999999,0.5111111110000001,0.6,0.034337212,0
43.47999954223633,0.4,0.008613326999999999,0.5111111110000001,0.4,0.0115531,0
115.20999908447266,0.6,0.009918637,0.644444444,0.6,0.010111857,1
548.3900146484375,0.6,0.009918637,0.644444444,1.0,0.010180845,1
635.4400024414062,0.6,0.009918637,0.644444444,0.8,0.012473256,1
12.0072660446167,0.6,0.009918637,0.644444444,0.4,0.02509886,0
146.47999572753906,0.6,0.009918637,0.644444444,0.6,0.011765617705397887,1
36.83000183105469,0.6,0.009918637,0.644444444,0.6,0.016193161,1
29.15999984741211,0.6,0.009918637,0.644444444,0.6,0.008595647,1
18.190000534057614,0.6,0.009918637,0.644444444,0.6,0.03414195,0
44.11000061035156,0.6,0.009918637,0.644444444,0.6,0.012427076,1
113.4000015258789,0.4,0.009025138,0.444444444,0.4,0.011571518000000001,0
538.4000244140625,0.4,0.009025138,0.444444444,0.8,0.013444476,0
622.6900024414062,0.4,0.009025138,0.444444444,0.6,0.012667461000000001,0
11.6485013961792,0.4,0.009025138,0.444444444,0.2,0.030556907999999997,0
144.42999267578125,0.4,0.009025138,0.444444444,0.4,0.01198310100380287,0
36.18999862670898,0.4,0.009025138,0.444444444,0.4,0.017378934,0
28.670000076293945,0.4,0.009025138,0.444444444,0.4,0.0096427,0
17.579999923706055,0.4,0.009025138,0.444444444,0.4,0.034795524,0
43.900001525878906,0.4,0.009025138,0.444444444,0.4,0.009011214,0
114.31999969482422,0.4,0.012283231,0.288888889,0.4,0.012970483,1
536.0700073242189,0.4,0.012283231,0.288888889,0.6,0.012387993,0
622.3599853515625,0.4,0.012283231,0.288888889,0.4,0.012508961,0
11.57583999633789,0.4,0.012283231,0.288888889,0.0,0.021771274,0
143.66000366210938,0.4,0.012283231,0.288888889,0.2,0.011856361987975815,0
35.9900016784668,0.4,0.012283231,0.288888889,0.2,0.017010129,0
28.739999771118164,0.4,0.012283231,0.288888889,0.4,0.009861919,1
17.180000305175778,0.4,0.012283231,0.288888889,0.2,0.030475194,0
43.86999893188477,0.4,0.012283231,0.288888889,0.2,0.007692694,0
115.0,0.4,0.0090035,0.333333333,0.6,0.009882134,1
533.75,0.4,0.0090035,0.333333333,0.4,0.008900048,0
625.7999877929688,0.4,0.0090035,0.333333333,0.4,0.011438248,1
11.471389770507812,0.4,0.0090035,0.333333333,0.0,0.017253459,0
144.41000366210938,0.4,0.0090035,0.333333333,0.4,0.012536631308014915,1
36.060001373291016,0.4,0.0090035,0.333333333,0.4,0.009403311999999999,1
28.479999542236328,0.4,0.0090035,0.333333333,0.4,0.011268146000000001,0
16.870000839233402,0.4,0.0090035,0.333333333,0.0,0.02393511,0
43.90999984741211,0.4,0.0090035,0.333333333,0.4,0.007649325,1
114.70999908447266,0.6,0.013049224,0.37777777799999995,0.6,0.009561341,0
524.25,0.6,0.013049224,0.37777777799999995,0.2,0.011943867,0
611.969970703125,0.6,0.013049224,0.37777777799999995,0.4,0.011611805,0
11.35785675048828,0.6,0.013049224,0.37777777799999995,0.0,0.011760971,0
145.4199981689453,0.6,0.013049224,0.37777777799999995,0.6,0.00903464260742576,1
36.04999923706055,0.6,0.013049224,0.37777777799999995,0.4,0.007499067,0
28.809999465942386,0.6,0.013049224,0.37777777799999995,0.6,0.008940669,1
16.799999237060547,0.6,0.013049224,0.37777777799999995,0.0,0.01668103,0
43.93999862670898,0.6,0.013049224,0.37777777799999995,0.6,0.004305735,1
112.44000244140624,0.4,0.015735293,0.222222222,0.4,0.01041645,0
504.05999755859375,0.4,0.015735293,0.222222222,0.0,0.016636636,0
594.8900146484375,0.4,0.015735293,0.222222222,0.2,0.015226342,0
11.158038139343262,0.4,0.015735293,0.222222222,0.0,0.014525992,0
142.52000427246094,0.4,0.015735293,0.222222222,0.4,0.010296624809850505,0
35.439998626708984,0.4,0.015735293,0.222222222,0.2,0.008409368,0
28.76000022888184,0.4,0.015735293,0.222222222,0.4,0.008322918,0
16.559999465942386,0.4,0.015735293,0.222222222,0.0,0.018553486,0
43.290000915527344,0.4,0.015735293,0.222222222,0.4,0.004366415,0
109.05999755859376,0.4,0.016034572,0.333333333,0.4,0.013286468999999999,0
496.0700073242188,0.4,0.016034572,0.333333333,0.0,0.016163501,0
594.969970703125,0.4,0.016034572,0.333333333,0.4,0.011240255,1
11.194368362426758,0.4,0.016034572,0.333333333,0.2,0.009201394,1
142.47000122070312,0.4,0.016034572,0.333333333,0.4,0.0075677735020383595,0
35.5099983215332,0.4,0.016034572,0.333333333,0.4,0.005328955,1
29.239999771118164,0.4,0.016034572,0.333333333,0.6,0.008300118,1
15.960000038146973,0.4,0.016034572,0.333333333,0.0,0.019092867,0
43.43999862670898,0.4,0.016034572,0.333333333,0.6,0.004107244,1
110.3000030517578,0.4,0.018218786,0.488888889,0.4,0.013937886000000002,1
511.8900146484375,0.4,0.018218786,0.488888889,0.2,0.021676102000000003,1
608.4199829101562,0.4,0.018218786,0.488888889,0.6,0.015655499,1
11.630335807800293,0.4,0.018218786,0.488888889,0.4,0.015742877,1
144.97000122070312,0.4,0.018218786,0.488888889,0.6,0.010011038933255084,1
36.11999893188477,0.4,0.018218786,0.488888889,0.6,0.00765935,1
30.13999938964844,0.4,0.018218786,0.488888889,0.6,0.013967753000000001,1
16.819999694824222,0.4,0.018218786,0.488888889,0.2,0.025319183999999998,1
44.2599983215332,0.4,0.018218786,0.488888889,0.8,0.007745879000000001,1
109.58000183105469,0.4,0.020727555,0.488888889,0.2,0.014053774,0
520.719970703125,0.4,0.020727555,0.488888889,0.4,0.024260483,1
611.2899780273438,0.4,0.020727555,0.488888889,0.6,0.015493453999999999,1
11.512261390686035,0.4,0.020727555,0.488888889,0.4,0.015968708,0
143.58999633789062,0.4,0.020727555,0.488888889,0.4,0.010870755876108845,0
36.2400016784668,0.4,0.020727555,0.488888889,0.6,0.007934822,1
30.0,0.4,0.020727555,0.488888889,0.6,0.01308742,0
16.90999984741211,0.4,0.020727555,0.488888889,0.4,0.022780499,1
44.61000061035156,0.4,0.020727555,0.488888889,0.8,0.009145091999999999,1
110.37999725341795,0.4,0.014835648,0.622222222,0.4,0.015009537,1
532.5399780273439,0.4,0.014835648,0.622222222,0.6,0.025240635,1
626.9099731445312,0.4,0.014835648,0.622222222,0.8,0.016184009,1
11.839237213134766,0.4,0.014835648,0.622222222,0.6,0.019669776,1
144.5800018310547,0.4,0.014835648,0.622222222,0.4,0.01085090221742993,1
36.88999938964844,0.4,0.014835648,0.622222222,0.8,0.01146653,1
30.51000022888184,0.4,0.014835648,0.622222222,0.6,0.014170006,1
17.450000762939453,0.4,0.014835648,0.622222222,0.6,0.028337368999999998,1
45.56999969482422,0.4,0.014835648,0.622222222,0.8,0.013312418000000001,1
110.77999877929688,0.6,0.013251785,0.8222222220000001,0.6,0.011776508,1
543.6799926757811,0.6,0.013251785,0.8222222220000001,0.8,0.021721931,1
641.469970703125,0.6,0.013251785,0.8222222220000001,1.0,0.015247054,1
12.343324661254885,0.6,0.013251785,0.8222222220000001,0.8,0.024666717999999997,1
149.0399932861328,0.6,0.013251785,0.8222222220000001,0.6,0.01303204609490285,1
37.59000015258789,0.6,0.013251785,0.8222222220000001,1.0,0.011877408999999998,1
31.209999084472656,0.6,0.013251785,0.8222222220000001,0.8,0.018411562,1
17.770000457763672,0.6,0.013251785,0.8222222220000001,0.8,0.029147847,1
46.63000106811523,0.6,0.013251785,0.8222222220000001,1.0,0.015006038000000001,1
111.30999755859376,0.6,0.013450931999999999,0.8444444440000001,0.8,0.006721253000000001,1
537.47998046875,0.6,0.013450931999999999,0.8444444440000001,0.8,0.020832435,0
645.4400024414062,0.6,0.013450931999999999,0.8444444440000001,1.0,0.016457965,1
12.715712547302244,0.6,0.013450931999999999,0.8444444440000001,0.8,0.030049358999999998,1
148.77999877929688,0.6,0.013450931999999999,0.8444444440000001,0.6,0.013310768492227284,0
37.72999954223633,0.6,0.013450931999999999,0.8444444440000001,1.0,0.012227253,1
31.739999771118164,0.6,0.013450931999999999,0.8444444440000001,0.8,0.018469947,1
17.049999237060547,0.6,0.013450931999999999,0.8444444440000001,0.8,0.030005036000000002,0
46.75,0.6,0.013450931999999999,0.8444444440000001,1.0,0.014827733000000001,1
110.77999877929688,0.4,0.008032954,0.7777777779999999,0.6,0.005399559,0
541.9400024414061,0.4,0.008032954,0.7777777779999999,0.8,0.016113905,1
642.3599853515625,0.4,0.008032954,0.7777777779999999,0.8,0.012891116999999999,0
12.720253944396973,0.4,0.008032954,0.7777777779999999,0.8,0.022331739,1
150.08999633789062,0.4,0.008032954,0.7777777779999999,0.6,0.01156224386093957,1
37.65999984741211,0.4,0.008032954,0.7777777779999999,0.8,0.009162653,0
32.31999969482422,0.4,0.008032954,0.7777777779999999,0.8,0.015968693,1
17.75,0.4,0.008032954,0.7777777779999999,0.8,0.027439251,1
46.79999923706055,0.4,0.008032954,0.7777777779999999,1.0,0.011266313,1
109.5,0.6,0.007322963,0.8,0.6,0.006404911,0
533.1599731445311,0.6,0.007322963,0.8,0.6,0.015904185,0
639.1599731445312,0.6,0.007322963,0.8,0.6,0.012944022,0
13.25158977508545,0.6,0.007322963,0.8,1.0,0.028655452999999997,1
152.27999877929688,0.6,0.007322963,0.8,0.8,0.012576647341449958,1
37.88999938964844,0.6,0.007322963,0.8,0.8,0.009719639,1
32.52000045776367,0.6,0.007322963,0.8,1.0,0.016277328,1
17.81999969482422,0.6,0.007322963,0.8,0.8,0.027157822999999998,1
47.45000076293945,0.6,0.007322963,0.8,1.0,0.012462523,1
112.12000274658205,0.4,0.009850952,0.7555555559999999,0.6,0.009730192,1
539.7999877929689,0.4,0.009850952,0.7555555559999999,0.6,0.013855128999999999,1
643.6099853515625,0.4,0.009850952,0.7555555559999999,0.6,0.009225976,1
13.306085586547852,0.4,0.009850952,0.7555555559999999,1.0,0.023797453,1
152.38999938964844,0.4,0.009850952,0.7555555559999999,0.8,0.011342185060664277,1
38.099998474121094,0.4,0.009850952,0.7555555559999999,0.8,0.0072409219999999995,1
32.139999389648445,0.4,0.009850952,0.7555555559999999,0.8,0.015214356000000002,0
18.11000061035156,0.4,0.009850952,0.7555555559999999,0.8,0.024025839,1
47.11000061035156,0.4,0.009850952,0.7555555559999999,0.8,0.009591648000000001,0
111.5999984741211,0.4,0.009892712,0.644444444,0.4,0.009933005,0
550.1900024414061,0.4,0.009892712,0.644444444,0.6,0.013520978999999999,1
646.6699829101562,0.4,0.009892712,0.644444444,0.6,0.005531856999999999,1
13.306085586547852,0.4,0.009892712,0.644444444,0.8,0.015281913999999999,0
151.13999938964844,0.4,0.009892712,0.644444444,0.6,0.006813129871320006,0
38.040000915527344,0.4,0.009892712,0.644444444,0.6,0.0037607990000000004,0
32.209999084472656,0.4,0.009892712,0.644444444,0.8,0.011061297,1
19.36000061035156,0.4,0.009892712,0.644444444,0.8,0.034162748,1
47.0,0.4,0.009892712,0.644444444,0.6,0.005406453,0
111.79000091552734,0.4,0.010807488999999998,0.577777778,0.4,0.009316662,1
548.9000244140625,0.4,0.010807488999999998,0.577777778,0.6,0.011709141999999999,0
652.2999877929688,0.4,0.010807488999999998,0.577777778,0.6,0.006035295,1
13.274295806884766,0.4,0.010807488999999998,0.577777778,0.6,0.009725903000000001,0
149.6199951171875,0.4,0.010807488999999998,0.577777778,0.6,0.008475623441825578,0
37.81999969482422,0.4,0.010807488999999998,0.577777778,0.4,0.004172607,0
32.040000915527344,0.4,0.010807488999999998,0.577777778,0.6,0.008720506,0
19.63999938964844,0.4,0.010807488999999998,0.577777778,1.0,0.028951739,1
46.88999938964844,0.4,0.010807488999999998,0.577777778,0.4,0.005359855,0
110.20999908447266,0.6,0.010581702,0.5111111110000001,0.4,0.011191101,0
544.8300170898439,0.6,0.010581702,0.5111111110000001,0.4,0.011532506000000001,0
651.1599731445312,0.6,0.010581702,0.5111111110000001,0.6,0.0054304390000000004,0
13.360581398010256,0.6,0.010581702,0.5111111110000001,0.6,0.010954513,1
150.00999450683594,0.6,0.010581702,0.5111111110000001,0.6,0.007235957209183001,1
37.2599983215332,0.6,0.010581702,0.5111111110000001,0.4,0.006762955,0
32.799999237060554,0.6,0.010581702,0.5111111110000001,0.6,0.009809871999999999,1
19.25,0.6,0.010581702,0.5111111110000001,0.8,0.024712067,0
46.68000030517578,0.6,0.010581702,0.5111111110000001,0.2,0.006041664,0
111.86000061035156,0.6,0.013249853,0.533333333,0.6,0.011874503,1
562.4400024414061,0.6,0.013249853,0.533333333,0.6,0.01475668,1
661.739990234375,0.6,0.013249853,0.533333333,0.8,0.007683699,1
13.06539535522461,0.6,0.013249853,0.533333333,0.4,0.0070191030000000005,0
150.08999633789062,0.6,0.013249853,0.533333333,0.6,0.004424366835332206,1
37.54999923706055,0.6,0.013249853,0.533333333,0.4,0.007098136,1
32.75,0.6,0.013249853,0.533333333,0.4,0.008877115999999999,0
19.75,0.6,0.013249853,0.533333333,0.8,0.029118143,1
47.0099983215332,0.6,0.013249853,0.533333333,0.2,0.004677753,1
111.04000091552734,0.8,0.010902393,0.5111111110000001,0.4,0.008555228,0
570.760009765625,0.8,0.010902393,0.5111111110000001,0.6,0.015224405,1
662.2000122070312,0.8,0.010902393,0.5111111110000001,0.8,0.006430277,1
13.106266975402832,0.8,0.010902393,0.5111111110000001,0.4,0.0068222709999999995,1
150.38999938964844,0.8,0.010902393,0.5111111110000001,0.6,0.004679659540948143,1
37.36999893188477,0.8,0.010902393,0.5111111110000001,0.2,0.006948391999999999,0
33.040000915527344,0.8,0.010902393,0.5111111110000001,0.6,0.008311085,1
19.21999931335449,0.8,0.010902393,0.5111111110000001,0.6,0.031230458,0
47.5099983215332,0.8,0.010902393,0.5111111110000001,0.4,0.005371872,1
111.7300033569336,0.8,0.008694528,0.5555555560000001,0.6,0.008870442,1
573.1500244140625,0.8,0.008694528,0.5555555560000001,0.6,0.012212311000000002,1
666.0999755859375,0.8,0.008694528,0.5555555560000001,0.8,0.006657272,1
13.160762786865234,0.8,0.008694528,0.5555555560000001,0.6,0.00765387,1
149.22000122070312,0.8,0.008694528,0.5555555560000001,0.6,0.00459508403019564,0
36.86999893188477,0.8,0.008694528,0.5555555560000001,0.2,0.009309388,0
33.59000015258789,0.8,0.008694528,0.5555555560000001,0.6,0.011204785,1
18.450000762939453,0.8,0.008694528,0.5555555560000001,0.4,0.025438403,0
47.61999893188477,0.8,0.008694528,0.5555555560000001,0.6,0.00536794,1
113.7699966430664,1.0,0.008180164,0.5555555560000001,0.6,0.012181583999999999,1
560.8800048828125,1.0,0.008180164,0.5555555560000001,0.6,0.016024998000000002,0
650.280029296875,1.0,0.008180164,0.5555555560000001,0.6,0.009666064,0
12.970026969909668,1.0,0.008180164,0.5555555560000001,0.6,0.010074599,0
140.63999938964844,1.0,0.008180164,0.5555555560000001,0.6,0.01408349950576396,0
36.86000061035156,1.0,0.008180164,0.5555555560000001,0.2,0.00820694,0
33.439998626708984,1.0,0.008180164,0.5555555560000001,0.6,0.011042356000000001,0
18.71999931335449,1.0,0.008180164,0.5555555560000001,0.4,0.025472667,1
47.77000045776367,1.0,0.008180164,0.5555555560000001,0.8,0.005529846999999999,1
113.76000213623048,0.8,0.009998259,0.5111111110000001,0.6,0.009372422,0
555.77001953125,0.8,0.009998259,0.5111111110000001,0.6,0.016364161000000002,0
642.6099853515625,0.8,0.009998259,0.5111111110000001,0.6,0.011675524,0
12.82016372680664,0.8,0.009998259,0.5111111110000001,0.4,0.011085476,0
140.9199981689453,0.8,0.009998259,0.5111111110000001,0.6,0.01396035764108382,1
36.61999893188477,0.8,0.009998259,0.5111111110000001,0.2,0.00654777,0
33.36999893188477,0.8,0.009998259,0.5111111110000001,0.4,0.006716955,0
18.57999992370605,0.8,0.009998259,0.5111111110000001,0.4,0.022996906,0
47.20000076293945,0.8,0.009998259,0.5111111110000001,0.8,0.007020571,0
115.5,0.8,0.01927536,0.533333333,0.6,0.009437203,1
563.9099731445312,0.8,0.01927536,0.533333333,0.6,0.012829018000000001,1
651.7899780273438,0.8,0.01927536,0.533333333,0.6,0.01128303,1
13.06539535522461,0.8,0.01927536,0.533333333,0.6,0.010492433,1
144.08999633789062,0.8,0.01927536,0.533333333,0.6,0.01835269962817473,1
37.790000915527344,0.8,0.01927536,0.533333333,0.2,0.011381098000000001,1
34.400001525878906,0.8,0.01927536,0.533333333,0.6,0.012585306999999999,1
18.18000030517578,0.8,0.01927536,0.533333333,0.2,0.022107802000000003,0
48.02999877929688,0.8,0.01927536,0.533333333,0.8,0.009123638,1
119.08000183105469,0.6,0.020342762,0.6,0.8,0.014170223000000001,1
599.030029296875,0.6,0.020342762,0.6,0.6,0.022326386,1
702.0,0.6,0.020342762,0.6,0.6,0.026550806,1
13.183469772338867,0.6,0.020342762,0.6,0.6,0.011674223000000001,1
144.67999267578125,0.6,0.020342762,0.6,0.6,0.018771862957226108,1
38.06999969482422,0.6,0.020342762,0.6,0.4,0.011904241000000001,1
34.900001525878906,0.6,0.020342762,0.6,0.6,0.013721285,1
18.5,0.6,0.020342762,0.6,0.4,0.020261055,1
52.86999893188477,0.6,0.020342762,0.6,0.8,0.027150503,1
115.27999877929688,0.4,0.019722665,0.577777778,0.6,0.019309692,0
608.6099853515625,0.4,0.019722665,0.577777778,0.6,0.02468739,1
712.780029296875,0.4,0.019722665,0.577777778,0.6,0.028444157999999997,1
12.747502326965332,0.4,0.019722665,0.577777778,0.4,0.017456474,0
143.66000366210938,0.4,0.019722665,0.577777778,0.6,0.018625904046206856,0
38.36999893188477,0.4,0.019722665,0.577777778,0.6,0.010804338,1
34.59000015258789,0.4,0.019722665,0.577777778,0.4,0.012168503999999998,0
18.51000022888184,0.4,0.019722665,0.577777778,0.6,0.012356694,1
54.25,0.4,0.019722665,0.577777778,0.8,0.031907796,1
114.5500030517578,0.4,0.020199286,0.533333333,0.4,0.016924518,0
611.010009765625,0.4,0.020199286,0.533333333,0.8,0.021194473,1
708.489990234375,0.4,0.020199286,0.533333333,0.6,0.024897885,0
12.465940475463867,0.4,0.020199286,0.533333333,0.4,0.018975443,0
137.86000061035156,0.4,0.020199286,0.533333333,0.6,0.015200727406347475,0
38.34000015258789,0.4,0.020199286,0.533333333,0.6,0.010906468999999998,0
34.470001220703125,0.4,0.020199286,0.533333333,0.4,0.011969208,0
18.209999084472656,0.4,0.020199286,0.533333333,0.4,0.012671383999999999,0
53.68999862670898,0.4,0.020199286,0.533333333,0.6,0.033342323,0
119.2699966430664,0.6,0.019276947,0.688888889,0.6,0.02514788,1
617.0999755859375,0.6,0.019276947,0.688888889,1.0,0.021365751000000002,1
712.9500122070312,0.6,0.019276947,0.688888889,0.8,0.02379791,1
12.70663070678711,0.6,0.019276947,0.688888889,0.6,0.020526092,1
140.8300018310547,0.6,0.019276947,0.688888889,0.6,0.019111270132965253,1
38.88000106811523,0.6,0.019276947,0.688888889,0.8,0.012421141,1
34.709999084472656,0.6,0.019276947,0.688888889,0.6,0.012943053000000001,1
17.899999618530273,0.6,0.019276947,0.688888889,0.4,0.014580381000000002,0
53.97999954223633,0.6,0.019276947,0.688888889,0.8,0.032036168,1
120.52999877929688,0.4,0.00558143,0.6,0.6,0.024201669,1
626.5499877929688,0.4,0.00558143,0.6,1.0,0.021499215,1
716.9199829101562,0.4,0.00558143,0.6,0.8,0.022054487999999997,1
12.429609298706055,0.4,0.00558143,0.6,0.4,0.02106064,0
140.55000305175778,0.4,0.00558143,0.6,0.4,0.01500990695369406,0
38.86000061035156,0.4,0.00558143,0.6,0.6,0.006134061999999999,0
34.029998779296875,0.4,0.00558143,0.6,0.4,0.010688008999999998,0
18.1299991607666,0.4,0.00558143,0.6,0.6,0.012844507,1
53.36000061035156,0.4,0.00558143,0.6,0.6,0.030816371000000002,0
119.5,0.4,0.008787215,0.42222222200000004,0.4,0.019711648000000002,0
625.9000244140625,0.4,0.008787215,0.42222222200000004,0.8,0.00925078,0
710.8099975585938,0.4,0.008787215,0.42222222200000004,0.6,0.008352188,0
12.243414878845215,0.4,0.008787215,0.42222222200000004,0.2,0.022249183999999998,0
140.08000183105472,0.4,0.008787215,0.42222222200000004,0.2,0.014859782265305209,0
38.84000015258789,0.4,0.008787215,0.42222222200000004,0.4,0.004755131,0
33.860000610351555,0.4,0.008787215,0.42222222200000004,0.2,0.00878014,0
18.540000915527344,0.4,0.008787215,0.42222222200000004,0.6,0.013847068,1
52.63999938964844,0.4,0.008787215,0.42222222200000004,0.4,0.013360955,0
121.18000030517578,0.6,0.013846888,0.5111111110000001,0.6,0.016141093999999998,1
628.3499755859375,0.6,0.013846888,0.5111111110000001,0.8,0.006835148,1
721.1099853515625,0.6,0.013846888,0.5111111110000001,0.6,0.008179053,1
13.829999923706055,0.6,0.013846888,0.5111111110000001,0.4,0.041552696,1
140.3699951171875,0.6,0.013846888,0.5111111110000001,0.4,0.013863828610450341,1
39.75,0.6,0.013846888,0.5111111110000001,0.4,0.007864981,1
34.110000610351555,0.6,0.013846888,0.5111111110000001,0.4,0.008480296,1
18.90999984741211,0.6,0.013846888,0.5111111110000001,0.6,0.017730316,1
53.2400016784668,0.6,0.013846888,0.5111111110000001,0.4,0.010420243000000001,1
122.56999969482422,0.4,0.013203478999999999,0.666666667,0.8,0.017168726999999998,1
625.3099975585938,0.4,0.013203478999999999,0.666666667,0.6,0.007014064,0
722.1599731445312,0.4,0.013203478999999999,0.666666667,0.8,0.007266519,1
14.289999961853027,0.4,0.013203478999999999,0.666666667,0.6,0.04378738,1
141.8800048828125,0.4,0.013203478999999999,0.666666667,0.6,0.00794067478861454,1
40.20000076293945,0.4,0.013203478999999999,0.666666667,0.6,0.00997277,1
34.310001373291016,0.4,0.013203478999999999,0.666666667,0.6,0.008959141,1
19.290000915527344,0.4,0.013203478999999999,0.666666667,0.8,0.018507861,1
54.1500015258789,0.4,0.013203478999999999,0.666666667,0.6,0.011774203,1
122.0,0.2,0.015928748,0.6,0.6,0.009857876,0
640.9500122070312,0.2,0.015928748,0.6,0.6,0.010022978,1
728.1099853515625,0.2,0.015928748,0.6,0.8,0.007655335,1
14.140000343322756,0.2,0.015928748,0.6,0.4,0.042025179,0
141.6300048828125,0.2,0.015928748,0.6,0.4,0.003984364522086985,0
40.47999954223633,0.2,0.015928748,0.6,0.6,0.008548893,1
34.150001525878906,0.2,0.015928748,0.6,0.4,0.00849931,0
19.57999992370605,0.2,0.015928748,0.6,1.0,0.018109873000000002,1
54.4000015258789,0.2,0.015928748,0.6,0.6,0.011617285,1
120.91999816894531,0.4,0.017308167,0.577777778,0.4,0.009515514000000001,0
655.6500244140625,0.4,0.017308167,0.577777778,0.6,0.011547206,1
731.25,0.4,0.017308167,0.577777778,0.8,0.007404172,1
14.050000190734865,0.4,0.017308167,0.577777778,0.4,0.038937901000000004,0
139.88999938964844,0.4,0.017308167,0.577777778,0.4,0.006043837930663607,0
40.349998474121094,0.4,0.017308167,0.577777778,0.6,0.009088307,0
34.0,0.4,0.017308167,0.577777778,0.4,0.005459615,0
19.739999771118164,0.4,0.017308167,0.577777778,1.0,0.017174365,1
54.38000106811523,0.4,0.017308167,0.577777778,0.6,0.009393673,0
121.05999755859376,0.4,0.014112912,0.666666667,0.6,0.008037955,1
659.3699951171875,0.4,0.014112912,0.666666667,0.8,0.012474475,1
733.760009765625,0.4,0.014112912,0.666666667,1.0,0.00638616,1
14.010000228881836,0.4,0.014112912,0.666666667,0.4,0.036511313,0
138.25,0.4,0.014112912,0.666666667,0.4,0.007719733614053292,0
40.61999893188477,0.4,0.014112912,0.666666667,0.8,0.010323664,1
33.84000015258789,0.4,0.014112912,0.666666667,0.4,0.005401683000000001,0
19.440000534057614,0.4,0.014112912,0.666666667,0.8,0.015690961,0
54.91999816894531,0.4,0.014112912,0.666666667,0.8,0.008681031,1
120.56999969482422,0.2,0.009886403,0.46666666700000003,0.4,0.006035751,0
655.489990234375,0.2,0.009886403,0.46666666700000003,0.6,0.0128685,0
724.8900146484375,0.2,0.009886403,0.46666666700000003,0.8,0.005905744,0
13.869999885559082,0.2,0.009886403,0.46666666700000003,0.2,0.012592529,0
135.30999755859378,0.2,0.009886403,0.46666666700000003,0.2,0.011558862179268754,0
40.099998474121094,0.2,0.009886403,0.46666666700000003,0.6,0.008198091,0
33.34999847412109,0.2,0.009886403,0.46666666700000003,0.2,0.006821006,0
19.280000686645508,0.2,0.009886403,0.46666666700000003,0.6,0.013345692,0
54.15999984741211,0.2,0.009886403,0.46666666700000003,0.6,0.009169043,0
116.7699966430664,0.4,0.011732242,0.37777777799999995,0.2,0.010045041999999999,0
659.6799926757812,0.4,0.011732242,0.37777777799999995,0.8,0.013179327,1
728.3200073242188,0.4,0.011732242,0.37777777799999995,0.8,0.006560879,1
14.119999885559082,0.4,0.011732242,0.37777777799999995,0.2,0.009545226,1
135.47000122070312,0.4,0.011732242,0.37777777799999995,0.2,0.009643890720285807,1
39.91999816894531,0.4,0.011732242,0.37777777799999995,0.4,0.006831693000000001,0
33.209999084472656,0.4,0.011732242,0.37777777799999995,0.0,0.006487901,0
18.559999465942386,0.4,0.011732242,0.37777777799999995,0.4,0.016795535,0
53.5099983215332,0.4,0.011732242,0.37777777799999995,0.4,0.008150863000000001,0
116.11000061035156,0.4,0.008160558,0.355555556,0.2,0.010245381999999999,0
673.25,0.4,0.008160558,0.355555556,0.8,0.012291122,1
735.4000244140625,0.4,0.008160558,0.355555556,0.8,0.006857246,1
13.920000076293945,0.4,0.008160558,0.355555556,0.2,0.01027872,0
135.02000427246094,0.4,0.008160558,0.355555556,0.2,0.009955829464707931,0
39.040000915527344,0.4,0.008160558,0.355555556,0.2,0.009847469000000001,0
32.860000610351555,0.4,0.008160558,0.355555556,0.0,0.007663019,0
18.700000762939453,0.4,0.008160558,0.355555556,0.4,0.015297441,1
53.6500015258789,0.4,0.008160558,0.355555556,0.4,0.00775078,1
115.72000122070312,0.2,0.00924585,0.311111111,0.2,0.009146663000000001,0
665.5999755859375,0.2,0.00924585,0.311111111,0.6,0.009976743,0
731.22998046875,0.2,0.00924585,0.311111111,0.6,0.007128823,0
13.3100004196167,0.2,0.00924585,0.311111111,0.2,0.017770096000000003,0
133.03999328613278,0.2,0.00924585,0.311111111,0.2,0.010431630257759731,0
38.63000106811523,0.2,0.00924585,0.311111111,0.2,0.01130558,0
32.400001525878906,0.2,0.00924585,0.311111111,0.0,0.009584284,0
19.57999992370605,0.2,0.00924585,0.311111111,0.4,0.023074877,1
53.31999969482422,0.2,0.00924585,0.311111111,0.4,0.008907452,0
112.33999633789062,0.2,0.011830846,0.222222222,0.0,0.014756801000000002,0
642.3499755859375,0.2,0.011830846,0.222222222,0.4,0.015828178000000002,0
717.0,0.2,0.011830846,0.222222222,0.4,0.010334392,0
13.109999656677244,0.2,0.011830846,0.222222222,0.2,0.020205972,0
131.75,0.2,0.011830846,0.222222222,0.2,0.010026188104377876,0
37.29999923706055,0.2,0.011830846,0.222222222,0.0,0.016853137,0
32.110000610351555,0.2,0.011830846,0.222222222,0.0,0.010433237,0
20.799999237060547,0.2,0.011830846,0.222222222,0.6,0.03249706,1
52.84000015258789,0.2,0.011830846,0.222222222,0.2,0.008721887,0
114.18000030517578,0.4,0.012204995,0.4,0.2,0.017223066000000002,1
647.8099975585938,0.4,0.012204995,0.4,0.6,0.01635131,1
728.9600219726562,0.4,0.012204995,0.4,0.6,0.011252838000000001,1
13.350000381469727,0.4,0.012204995,0.4,0.4,0.021868732999999998,1
133.71000671386722,0.4,0.012204995,0.4,0.4,0.008748362275684266,1
38.11999893188477,0.4,0.012204995,0.4,0.2,0.018689601,1
32.09999847412109,0.4,0.012204995,0.4,0.0,0.007599545,0
21.71999931335449,0.4,0.012204995,0.4,0.8,0.039697126,1
53.77000045776367,0.4,0.012204995,0.4,0.4,0.009474291999999999,1
113.69000244140624,0.4,0.010237104,0.4,0.2,0.011777959,0
643.2999877929688,0.4,0.010237104,0.4,0.4,0.016465263,0
725.2999877929688,0.4,0.010237104,0.4,0.4,0.011310668999999999,0
13.279999732971193,0.4,0.010237104,0.4,0.2,0.019312529,0
133.82000732421878,0.4,0.010237104,0.4,0.4,0.008676398974485737,1
38.13000106811523,0.4,0.010237104,0.4,0.4,0.017844321,1
32.639999389648445,0.4,0.010237104,0.4,0.2,0.010124461,1
21.84000015258789,0.4,0.010237104,0.4,1.0,0.033333214,1
52.97000122070313,0.4,0.010237104,0.4,0.4,0.010049625,0
117.29000091552734,0.6,0.013890261000000001,0.488888889,0.4,0.016980546000000003,1
663.5399780273438,0.6,0.013890261000000001,0.488888889,0.4,0.018643696,1
740.0,0.6,0.013890261000000001,0.488888889,0.4,0.013419963,1
13.640000343322756,0.6,0.013890261000000001,0.488888889,0.4,0.021901367,1
135.82000732421878,0.6,0.013890261000000001,0.488888889,0.6,0.011001139413006426,1
38.70000076293945,0.6,0.013890261000000001,0.488888889,0.6,0.016425287,1
33.15999984741211,0.6,0.013890261000000001,0.488888889,0.4,0.011202948,1
21.700000762939453,0.6,0.013890261000000001,0.488888889,0.8,0.033106625,0
53.849998474121094,0.6,0.013890261000000001,0.488888889,0.4,0.012848972,1
118.77999877929688,0.8,0.01350632,0.622222222,0.6,0.018849478,1
661.27001953125,0.8,0.01350632,0.622222222,0.4,0.017055327,0
738.4099731445312,0.8,0.01350632,0.622222222,0.4,0.012715611000000002,0
13.789999961853027,0.8,0.01350632,0.622222222,0.6,0.015336411999999999,1
136.74000549316406,0.8,0.01350632,0.622222222,0.8,0.0094229558400668,1
39.02000045776367,0.8,0.01350632,0.622222222,0.8,0.015978623,1
34.299999237060554,0.8,0.01350632,0.622222222,0.6,0.015278948,1
21.76000022888184,0.8,0.01350632,0.622222222,0.8,0.02424786,1
53.93999862670898,0.8,0.01350632,0.622222222,0.6,0.011953031999999999,1
119.3000030517578,1.0,0.011680105,0.8,0.8,0.013883358,1
668.4500122070312,1.0,0.011680105,0.8,0.6,0.012240725,1
756.5999755859375,1.0,0.011680105,0.8,0.6,0.013750347,1
14.0600004196167,1.0,0.011680105,0.8,0.8,0.016247029,1
138.5,1.0,0.011680105,0.8,1.0,0.010057919774056451,1
39.34000015258789,1.0,0.011680105,0.8,1.0,0.010732957,1
34.65999984741211,1.0,0.011680105,0.8,0.8,0.015587948,1
21.950000762939453,1.0,0.011680105,0.8,0.8,0.0135325,1
54.18999862670898,1.0,0.011680105,0.8,0.8,0.011079539,1
117.75,0.8,0.01185078,0.666666667,0.6,0.013206077,0
678.989990234375,0.8,0.01185078,0.666666667,0.6,0.013694268,1
755.97998046875,0.8,0.01185078,0.666666667,0.4,0.010578108000000001,0
14.229999542236328,0.8,0.01185078,0.666666667,0.8,0.015003886000000001,1
138.46000671386722,0.8,0.01185078,0.666666667,0.8,0.0071403295516533375,0
39.13999938964844,0.8,0.01185078,0.666666667,0.8,0.007352956,0
34.47999954223633,0.8,0.01185078,0.666666667,0.8,0.016564312,0
21.520000457763672,0.8,0.01185078,0.666666667,0.6,0.008604343,0
54.18999862670898,0.8,0.01185078,0.666666667,0.6,0.007559476999999999,0
118.87999725341795,0.6,0.013231409,0.7111111109999999,0.8,0.014267103,1
671.1500244140625,0.6,0.013231409,0.7111111109999999,0.6,0.014611184,0
748.280029296875,0.6,0.013231409,0.7111111109999999,0.4,0.011611006,0
14.640000343322756,0.6,0.013231409,0.7111111109999999,1.0,0.019717672,1
138.60000610351562,0.6,0.013231409,0.7111111109999999,0.8,0.007178017036599419,1
39.459999084472656,0.6,0.013231409,0.7111111109999999,0.8,0.008935633,1
34.360000610351555,0.6,0.013231409,0.7111111109999999,0.6,0.013895869,0
22.440000534057614,0.6,0.013231409,0.7111111109999999,0.6,0.016049549,1
54.25,0.6,0.013231409,0.7111111109999999,0.8,0.004805291,1
118.02999877929688,0.4,0.009441859,0.577777778,0.6,0.009364106,0
675.3400268554688,0.4,0.009441859,0.577777778,0.6,0.009567237,1
748.1500244140625,0.4,0.009441859,0.577777778,0.2,0.0075922559999999995,0
12.640000343322756,0.4,0.009441859,0.577777778,0.8,0.04161838,0
138.0,0.4,0.009441859,0.577777778,0.6,0.005054737013103868,0
39.2599983215332,0.4,0.009441859,0.577777778,0.6,0.006959552,0
34.450000762939446,0.4,0.009441859,0.577777778,0.6,0.011233458,1
22.200000762939453,0.4,0.009441859,0.577777778,0.6,0.016906538999999998,0
53.68999862670898,0.4,0.009441859,0.577777778,0.6,0.0035471879999999997,0
117.80999755859376,0.4,0.008595789,0.5111111110000001,0.4,0.007196187,0
673.260009765625,0.4,0.008595789,0.5111111110000001,0.6,0.009499031,0
750.260009765625,0.4,0.008595789,0.5111111110000001,0.4,0.0077265730000000005,1
12.609999656677244,0.4,0.008595789,0.5111111110000001,0.6,0.039893666,0
138.46000671386722,0.4,0.008595789,0.5111111110000001,0.6,0.004366681972325442,1
39.18000030517578,0.4,0.008595789,0.5111111110000001,0.4,0.005713335999999999,0
34.459999084472656,0.4,0.008595789,0.5111111110000001,0.6,0.004415753,1
20.920000076293945,0.4,0.008595789,0.5111111110000001,0.4,0.027885086,0
53.93000030517578,0.4,0.008595789,0.5111111110000001,0.6,0.004106953,1
118.3000030517578,0.2,0.00738986,0.42222222200000004,0.4,0.007152469,1
664.7999877929688,0.2,0.00738986,0.42222222200000004,0.4,0.009840606,0
742.5999755859375,0.2,0.00738986,0.42222222200000004,0.2,0.0048417370000000005,0
12.539999961853027,0.2,0.00738986,0.42222222200000004,0.4,0.037088004,0
139.41999816894528,0.2,0.00738986,0.42222222200000004,0.6,0.0031791313116313782,1
38.97000122070313,0.2,0.00738986,0.42222222200000004,0.2,0.005145124,0
34.77000045776367,0.2,0.00738986,0.42222222200000004,0.6,0.004115819000000001,1
21.5,0.2,0.00738986,0.42222222200000004,0.4,0.031683689,1
54.349998474121094,0.2,0.00738986,0.42222222200000004,0.6,0.004737565,1
117.33999633789062,0.4,0.005263141999999999,0.5555555560000001,0.4,0.006176976,0
679.0599975585938,0.4,0.005263141999999999,0.5555555560000001,0.4,0.010977064,1
767.0399780273438,0.4,0.005263141999999999,0.5555555560000001,0.4,0.011260127,1
12.739999771118164,0.4,0.005263141999999999,0.5555555560000001,0.4,0.037859598,1
141.27999877929688,0.4,0.005263141999999999,0.5555555560000001,0.8,0.005789576999873089,1
39.22999954223633,0.4,0.005263141999999999,0.5555555560000001,0.4,0.005462694000000001,1
35.09000015258789,0.4,0.005263141999999999,0.5555555560000001,0.8,0.0049178220000000005,1
21.71999931335449,0.4,0.005263141999999999,0.5555555560000001,0.6,0.029812197000000002,1
55.22000122070313,0.4,0.005263141999999999,0.5555555560000001,0.8,0.007939047,1
116.27999877929688,0.4,0.0034796840000000002,0.42222222200000004,0.2,0.006064371999999999,0
676.010009765625,0.4,0.0034796840000000002,0.42222222200000004,0.4,0.009566058,0
762.3800048828125,0.4,0.0034796840000000002,0.42222222200000004,0.4,0.010438102,0
11.949999809265135,0.4,0.0034796840000000002,0.42222222200000004,0.2,0.044498996,0
139.69999694824222,0.4,0.0034796840000000002,0.42222222200000004,0.6,0.007824049125298525,0
38.70000076293945,0.4,0.0034796840000000002,0.42222222200000004,0.2,0.0065295480000000005,0
34.830001831054695,0.4,0.0034796840000000002,0.42222222200000004,0.8,0.005703666,0
21.420000076293945,0.4,0.0034796840000000002,0.42222222200000004,0.4,0.024024434,0
55.209999084472656,0.4,0.0034796840000000002,0.42222222200000004,0.6,0.007753825,0
115.1999969482422,0.4,0.008572777,0.4,0.2,0.006491949,0
666.25,0.4,0.008572777,0.4,0.2,0.011204988999999999,0
752.5399780273438,0.4,0.008572777,0.4,0.4,0.012984751999999999,0
12.149999618530273,0.4,0.008572777,0.4,0.4,0.02052387,1
138.91999816894528,0.4,0.008572777,0.4,0.6,0.008074916364024442,0
37.810001373291016,0.4,0.008572777,0.4,0.2,0.010115339000000001,0
34.040000915527344,0.4,0.008572777,0.4,0.6,0.009716125,0
21.25,0.4,0.008572777,0.4,0.4,0.023472701000000002,0
54.20000076293945,0.4,0.008572777,0.4,0.6,0.009348055,0
119.02999877929688,0.4,0.014015261000000001,0.5111111110000001,0.4,0.01276847,1
672.6400146484375,0.4,0.014015261000000001,0.5111111110000001,0.4,0.012507201,1
766.8099975585938,0.4,0.014015261000000001,0.5111111110000001,0.4,0.016213191999999998,1
12.31999969482422,0.4,0.014015261000000001,0.5111111110000001,0.6,0.022847531,1
140.42999267578122,0.4,0.014015261000000001,0.5111111110000001,0.6,0.009582145130862387,1
39.15999984741211,0.4,0.014015261000000001,0.5111111110000001,0.4,0.016848769,1
34.939998626708984,0.4,0.014015261000000001,0.5111111110000001,0.6,0.014945962,1
21.600000381469727,0.4,0.014015261000000001,0.5111111110000001,0.6,0.015235285,1
55.90999984741211,0.4,0.014015261000000001,0.5111111110000001,0.6,0.014763988,1
118.27999877929688,0.4,0.015405496999999999,0.444444444,0.2,0.013196798999999999,0
669.8300170898438,0.4,0.015405496999999999,0.444444444,0.4,0.010829562,0
763.25,0.4,0.015405496999999999,0.444444444,0.4,0.015099746,0
12.149999618530273,0.4,0.015405496999999999,0.444444444,0.6,0.024497047,0
139.55000305175778,0.4,0.015405496999999999,0.444444444,0.4,0.009448754210402342,0
38.81999969482422,0.4,0.015405496999999999,0.444444444,0.4,0.017513265,0
34.990001678466804,0.4,0.015405496999999999,0.444444444,0.6,0.013432989,1
21.850000381469727,0.4,0.015405496999999999,0.444444444,0.6,0.012005168,1
55.81000137329102,0.4,0.015405496999999999,0.444444444,0.4,0.013564132,0
118.2300033569336,0.2,0.016299726,0.311111111,0.2,0.011658333,0
677.3300170898438,0.2,0.016299726,0.311111111,0.4,0.008778922,1
762.3699951171875,0.2,0.016299726,0.311111111,0.2,0.008748061,0
12.1899995803833,0.2,0.016299726,0.311111111,0.6,0.021965692999999998,1
138.05000305175778,0.2,0.016299726,0.311111111,0.2,0.008930323545974683,0
38.72999954223633,0.2,0.016299726,0.311111111,0.2,0.016642593,0
34.75,0.2,0.016299726,0.311111111,0.4,0.012964153999999999,0
21.459999084472656,0.2,0.016299726,0.311111111,0.4,0.013528468,0
55.790000915527344,0.2,0.016299726,0.311111111,0.2,0.010434323,0
115.62000274658205,0.2,0.020625891,0.333333333,0.2,0.014266745,0
664.7899780273438,0.2,0.020625891,0.333333333,0.4,0.01158341,0
751.6099853515625,0.2,0.020625891,0.333333333,0.2,0.010355786,0
12.109999656677244,0.2,0.020625891,0.333333333,0.6,0.01087636,0
136.61000061035156,0.2,0.020625891,0.333333333,0.2,0.008779831985631049,0
38.58000183105469,0.2,0.020625891,0.333333333,0.2,0.014715167,0
34.810001373291016,0.2,0.020625891,0.333333333,0.6,0.011827591,1
21.200000762939453,0.2,0.020625891,0.333333333,0.4,0.013189141000000001,0
54.97999954223633,0.2,0.020625891,0.333333333,0.2,0.013301848,0
116.16999816894531,0.2,0.017167185,0.4,0.4,0.013360541,1
662.3200073242188,0.2,0.017167185,0.4,0.4,0.009438959,0
749.4600219726562,0.2,0.017167185,0.4,0.2,0.008346485,0
12.359999656677244,0.2,0.017167185,0.4,0.6,0.011657902,1
136.77999877929688,0.2,0.017167185,0.4,0.4,0.007912036113512811,1
38.18999862670898,0.2,0.017167185,0.4,0.2,0.012137476999999999,0
34.77000045776367,0.2,0.017167185,0.4,0.6,0.007521091,0
20.520000457763672,0.2,0.017167185,0.4,0.4,0.018016936,0
55.27000045776367,0.2,0.017167185,0.4,0.4,0.010698029,1
113.18000030517578,0.0,0.014218956000000001,0.2,0.2,0.011858856999999999,0
640.1500244140625,0.0,0.014218956000000001,0.2,0.2,0.0142154,0
738.8699951171875,0.0,0.014218956000000001,0.2,0.0,0.007380032,0
12.210000038146973,0.0,0.014218956000000001,0.2,0.4,0.011286725,0
134.57000732421878,0.0,0.014218956000000001,0.2,0.2,0.008969585072885209,0
37.209999084472656,0.0,0.014218956000000001,0.2,0.0,0.010128748,0
34.27000045776367,0.0,0.014218956000000001,0.2,0.4,0.0051092509999999995,0
20.34000015258789,0.0,0.014218956000000001,0.2,0.2,0.016477204,0
54.06000137329102,0.0,0.014218956000000001,0.2,0.2,0.008766570999999999,0
112.4800033569336,0.2,0.01642708,0.311111111,0.2,0.011835633,0
657.9099731445312,0.2,0.01642708,0.311111111,0.4,0.01892857,1
747.77001953125,0.2,0.01642708,0.311111111,0.2,0.008860601,1
12.15999984741211,0.2,0.01642708,0.311111111,0.4,0.009345987,0
135.92999267578122,0.2,0.01642708,0.311111111,0.4,0.009737537327941432,1
37.650001525878906,0.2,0.01642708,0.311111111,0.2,0.01075725,1
34.470001220703125,0.2,0.01642708,0.311111111,0.4,0.005990235,1
20.36000061035156,0.2,0.01642708,0.311111111,0.2,0.01435905,1
55.13999938964844,0.2,0.01642708,0.311111111,0.4,0.012404412,1
110.48999786376952,0.4,0.017652428,0.42222222200000004,0.2,0.015289512,0
658.6400146484375,0.4,0.017652428,0.42222222200000004,0.4,0.016911123,1
743.4000244140625,0.4,0.017652428,0.42222222200000004,0.2,0.009798814,0
12.210000038146973,0.4,0.017652428,0.42222222200000004,0.4,0.009509923,1
137.78999328613278,0.4,0.017652428,0.42222222200000004,0.6,0.010324474026520937,1
38.209999084472656,0.4,0.017652428,0.42222222200000004,0.4,0.013268326,1
35.18000030517578,0.4,0.017652428,0.42222222200000004,0.6,0.008737923,1
20.530000686645508,0.4,0.017652428,0.42222222200000004,0.4,0.012459186,1
55.20000076293945,0.4,0.017652428,0.42222222200000004,0.6,0.012550371999999999,1
111.33999633789062,0.6,0.013033748999999999,0.6,0.4,0.012412986,1
675.77001953125,0.6,0.013033748999999999,0.6,0.6,0.018409967,1
758.0900268554688,0.6,0.013033748999999999,0.6,0.4,0.010928148,1
12.260000228881836,0.6,0.013033748999999999,0.6,0.6,0.009016376999999999,1
139.28999328613278,0.6,0.013033748999999999,0.6,0.8,0.010415496203602612,1
38.90999984741211,0.6,0.013033748999999999,0.6,0.6,0.016157711,1
35.29999923706055,0.6,0.013033748999999999,0.6,0.6,0.009074791,1
20.989999771118164,0.6,0.013033748999999999,0.6,0.6,0.014517327,1
56.13000106811523,0.6,0.013033748999999999,0.6,0.8,0.013016187,1
108.9800033569336,0.6,0.014110176,0.5111111110000001,0.2,0.015700856000000003,0
670.6500244140625,0.6,0.014110176,0.5111111110000001,0.6,0.019182191,0
749.4299926757812,0.6,0.014110176,0.5111111110000001,0.4,0.01264075,0
11.899999618530273,0.6,0.014110176,0.5111111110000001,0.4,0.010760325,0
136.75,0.6,0.014110176,0.5111111110000001,0.6,0.013813673007327248,0
36.93000030517578,0.6,0.014110176,0.5111111110000001,0.6,0.024313251,0
34.90999984741211,0.6,0.014110176,0.5111111110000001,0.6,0.011054595,0
20.43000030517578,0.6,0.014110176,0.5111111110000001,0.6,0.013438098999999998,0
55.70000076293945,0.6,0.014110176,0.5111111110000001,0.6,0.013493413000000001,0
106.02999877929688,0.6,0.010713756999999999,0.5111111110000001,0.2,0.015967077,0
664.1400146484375,0.6,0.010713756999999999,0.5111111110000001,0.6,0.01442895,0
739.3099975585938,0.6,0.010713756999999999,0.5111111110000001,0.4,0.012515426000000001,0
11.510000228881836,0.6,0.010713756999999999,0.5111111110000001,0.4,0.014887758000000001,0
134.89999389648438,0.6,0.010713756999999999,0.5111111110000001,0.6,0.01328789508679016,0
36.349998474121094,0.6,0.010713756999999999,0.5111111110000001,0.6,0.022322107,0
33.86999893188477,0.6,0.010713756999999999,0.5111111110000001,0.6,0.014136736,0
20.38999938964844,0.6,0.010713756999999999,0.5111111110000001,0.6,0.012075299999999999,0
54.13000106811523,0.6,0.010713756999999999,0.5111111110000001,0.6,0.014752251999999999,0
107.33000183105469,0.6,0.008197056,0.533333333,0.4,0.017182257,1
664.510009765625,0.6,0.008197056,0.533333333,0.6,0.008991687,1
747.77001953125,0.6,0.008197056,0.533333333,0.4,0.012394961999999999,1
11.43000030517578,0.6,0.008197056,0.533333333,0.4,0.015458848,0
135.5,0.6,0.008197056,0.533333333,0.6,0.012156220990380929,1
36.41999816894531,0.6,0.008197056,0.533333333,0.6,0.020342281,1
34.240001678466804,0.6,0.008197056,0.533333333,0.6,0.015154371000000002,1
20.6200008392334,0.6,0.008197056,0.533333333,0.6,0.014134661000000001,1
54.83000183105469,0.6,0.008197056,0.533333333,0.6,0.013343068000000001,1
107.2300033569336,0.6,0.011190503999999999,0.533333333,0.4,0.013830179,0
663.1500244140625,0.6,0.011190503999999999,0.533333333,0.4,0.009179079,0
750.0,0.6,0.011190503999999999,0.533333333,0.6,0.01182259,1
11.65999984741211,0.6,0.011190503999999999,0.533333333,0.4,0.018660966,1
137.92999267578122,0.6,0.011190503999999999,0.533333333,0.6,0.013006222286754146,1
36.59000015258789,0.6,0.011190503999999999,0.533333333,0.6,0.018301091000000002,1
34.72999954223633,0.6,0.011190503999999999,0.533333333,0.6,0.013896988999999998,1
20.6299991607666,0.6,0.011190503999999999,0.533333333,0.6,0.012561696,1
55.349998474121094,0.6,0.011190503999999999,0.533333333,0.6,0.015022195,1
108.61000061035156,0.4,0.010871175,0.533333333,0.4,0.014865482,1
663.7000122070312,0.4,0.010871175,0.533333333,0.4,0.0041433220000000005,1
750.3099975585938,0.4,0.010871175,0.533333333,0.6,0.007953143000000001,1
11.75,0.4,0.010871175,0.533333333,0.4,0.019385704,1
138.53999328613278,0.4,0.010871175,0.533333333,0.6,0.011713503532648776,1
36.93000030517578,0.4,0.010871175,0.533333333,0.6,0.016495556,1
35.0,0.4,0.010871175,0.533333333,0.6,0.014769643999999998,1
21.1200008392334,0.4,0.010871175,0.533333333,0.6,0.012830838,1
55.81999969482422,0.4,0.010871175,0.533333333,0.6,0.013350917,1
108.02999877929688,0.6,0.008058085,0.5555555560000001,0.4,0.011694272,0
662.7899780273438,0.6,0.008058085,0.5555555560000001,0.4,0.002902245,0
748.4000244140625,0.6,0.008058085,0.5555555560000001,0.6,0.006177561,0
11.729999542236328,0.6,0.008058085,0.5555555560000001,0.4,0.01385337,0
138.25,0.6,0.008058085,0.5555555560000001,0.6,0.0084850877081857,0
37.0099983215332,0.6,0.008058085,0.5555555560000001,0.8,0.006751468,1
34.97999954223633,0.6,0.008058085,0.5555555560000001,0.6,0.012674303999999999,0
20.90999984741211,0.6,0.008058085,0.5555555560000001,0.6,0.009483615,0
55.66999816894531,0.6,0.008058085,0.5555555560000001,0.6,0.012356206000000002,0
106.81999969482422,0.8,0.011385861,0.622222222,0.4,0.008520543,0
675.2000122070312,0.8,0.011385861,0.622222222,0.6,0.004705629,1
762.510009765625,0.8,0.011385861,0.622222222,0.8,0.00724755,1
11.630000114440918,0.8,0.011385861,0.622222222,0.4,0.009003778,0
137.61000061035156,0.8,0.011385861,0.622222222,0.6,0.006705269573810939,0
36.790000915527344,0.8,0.011385861,0.622222222,0.8,0.004799234,0
34.93000030517578,0.8,0.011385861,0.622222222,0.6,0.007001994,0
20.600000381469727,0.8,0.011385861,0.622222222,0.6,0.012057108,0
55.95000076293945,0.8,0.011385861,0.622222222,0.8,0.007724801,1
108.73999786376952,0.8,0.010368425,0.622222222,0.4,0.009663231,1
693.969970703125,0.8,0.010368425,0.622222222,0.6,0.01015403,1
776.5999755859375,0.8,0.010368425,0.622222222,0.8,0.008654604,1
11.859999656677244,0.8,0.010368425,0.622222222,0.6,0.011568964,1
139.77999877929688,0.8,0.010368425,0.622222222,0.6,0.00896955056012068,1
37.040000915527344,0.8,0.010368425,0.622222222,0.8,0.005773156,1
35.439998626708984,0.8,0.010368425,0.622222222,0.6,0.007737269000000001,1
20.489999771118164,0.8,0.010368425,0.622222222,0.4,0.010869053,0
56.54999923706055,0.8,0.010368425,0.622222222,0.8,0.007283199000000001,1
107.31999969482422,0.6,0.0061267430000000005,0.46666666700000003,0.4,0.012088623,0
689.0700073242188,0.6,0.0061267430000000005,0.46666666700000003,0.6,0.011156863999999999,0
771.0,0.6,0.0061267430000000005,0.46666666700000003,0.6,0.009500346,0
11.84000015258789,0.6,0.0061267430000000005,0.46666666700000003,0.4,0.007881735,0
139.33999633789062,0.6,0.0061267430000000005,0.46666666700000003,0.4,0.006012409740630631,0
36.91999816894531,0.6,0.0061267430000000005,0.46666666700000003,0.6,0.005487555,0
34.990001678466804,0.6,0.0061267430000000005,0.46666666700000003,0.4,0.007414619,0
20.239999771118164,0.6,0.0061267430000000005,0.46666666700000003,0.2,0.013212291000000001,0
56.31000137329102,0.6,0.0061267430000000005,0.46666666700000003,0.6,0.006235238000000001,0
105.26000213623048,0.6,0.008903704,0.26666666699999997,0.2,0.013353704,0
675.8900146484375,0.6,0.008903704,0.26666666699999997,0.4,0.014816437,0
758.8800048828125,0.6,0.008903704,0.26666666699999997,0.4,0.012561648,0
11.84000015258789,0.6,0.008903704,0.26666666699999997,0.2,0.006337993,0
137.6199951171875,0.6,0.008903704,0.26666666699999997,0.2,0.007596685389871218,0
36.52999877929688,0.6,0.008903704,0.26666666699999997,0.4,0.0057417959999999995,0
34.450000762939446,0.6,0.008903704,0.26666666699999997,0.2,0.008946365,0
20.07999992370605,0.6,0.008903704,0.26666666699999997,0.0,0.010042937,0
55.47999954223633,0.6,0.008903704,0.26666666699999997,0.4,0.007484923,0
105.3499984741211,0.4,0.014473457,0.26666666699999997,0.4,0.012456657,1
636.989990234375,0.4,0.014473457,0.26666666699999997,0.4,0.026052962000000002,0
741.8400268554688,0.4,0.014473457,0.26666666699999997,0.4,0.016543355,0
11.600000381469727,0.4,0.014473457,0.26666666699999997,0.2,0.01005161,0
135.94999694824222,0.4,0.014473457,0.26666666699999997,0.2,0.009605013657744237,0
35.75,0.4,0.014473457,0.26666666699999997,0.2,0.009579011,0
33.990001678466804,0.4,0.014473457,0.26666666699999997,0.2,0.011502608999999999,0
18.93000030517578,0.4,0.014473457,0.26666666699999997,0.0,0.019508471,0
54.79999923706055,0.4,0.014473457,0.26666666699999997,0.4,0.009398811,0
102.70999908447266,0.4,0.013652822,0.26666666699999997,0.4,0.015228404,0
633.7899780273438,0.4,0.013652822,0.26666666699999997,0.2,0.023312905,0
742.5800170898438,0.4,0.013652822,0.26666666699999997,0.4,0.01297215,1
11.710000038146973,0.4,0.013652822,0.26666666699999997,0.4,0.010243136,1
135.85000610351562,0.4,0.013652822,0.26666666699999997,0.2,0.008826255033407494,0
35.63999938964844,0.4,0.013652822,0.26666666699999997,0.2,0.009005545,0
33.830001831054695,0.4,0.013652822,0.26666666699999997,0.2,0.012158188,0
18.86000061035156,0.4,0.013652822,0.26666666699999997,0.0,0.017282951,0
55.04999923706055,0.4,0.013652822,0.26666666699999997,0.4,0.009305282,1
100.6999969482422,0.2,0.01333161,0.133333333,0.2,0.015547512,0
632.6500244140625,0.2,0.01333161,0.133333333,0.0,0.018112809,0
743.6199951171875,0.2,0.01333161,0.133333333,0.4,0.009556568,1
11.289999961853027,0.2,0.01333161,0.133333333,0.2,0.013461213,0
135.16999816894528,0.2,0.01333161,0.133333333,0.0,0.0066735329400968045,0
35.81999969482422,0.2,0.01333161,0.133333333,0.2,0.008656583,1
33.080001831054695,0.2,0.01333161,0.133333333,0.0,0.013672006,0
18.030000686645508,0.2,0.01333161,0.133333333,0.0,0.02501668,0
54.04999923706055,0.2,0.01333161,0.133333333,0.2,0.010793576000000001,0
96.4499969482422,0.2,0.01257339,0.133333333,0.2,0.021376693999999998,0
607.9400024414062,0.2,0.01257339,0.133333333,0.0,0.024512247,0
726.3900146484375,0.2,0.01257339,0.133333333,0.4,0.012748472,0
10.770000457763672,0.2,0.01257339,0.133333333,0.2,0.022335636000000002,0
132.86000061035156,0.2,0.01257339,0.133333333,0.0,0.009461883314144336,0
35.040000915527344,0.2,0.01257339,0.133333333,0.2,0.012363721999999999,0
31.84000015258789,0.2,0.01257339,0.133333333,0.0,0.018629506,0
17.68000030517578,0.2,0.01257339,0.133333333,0.0,0.026458887,0
52.16999816894531,0.2,0.01257339,0.133333333,0.2,0.016901303,0
96.95999908447266,0.2,0.014211381,0.2,0.4,0.01859526,1
607.0499877929688,0.2,0.014211381,0.2,0.0,0.020979601,0
714.469970703125,0.2,0.014211381,0.2,0.4,0.0128865,0
10.579999923706056,0.2,0.014211381,0.2,0.2,0.025863965,0
131.6300048828125,0.2,0.014211381,0.2,0.0,0.008844666743539854,0
34.650001525878906,0.2,0.014211381,0.2,0.2,0.012477073,0
31.51000022888184,0.2,0.014211381,0.2,0.0,0.017615769,0
17.93000030517578,0.2,0.014211381,0.2,0.2,0.027705915,1
52.33000183105469,0.2,0.014211381,0.2,0.4,0.014566724,1
98.52999877929688,0.4,0.013874991000000001,0.333333333,0.4,0.02166271,1
617.739990234375,0.4,0.013874991000000001,0.333333333,0.2,0.012990796,1
716.030029296875,0.4,0.013874991000000001,0.333333333,0.6,0.008832381,1
10.649999618530273,0.4,0.013874991000000001,0.333333333,0.4,0.023133161,1
133.22999572753906,0.4,0.013874991000000001,0.333333333,0.2,0.008848739243925673,1
34.939998626708984,0.4,0.013874991000000001,0.333333333,0.4,0.009880482,1
32.060001373291016,0.4,0.013874991000000001,0.333333333,0.2,0.0184362,1
17.6299991607666,0.4,0.013874991000000001,0.333333333,0.2,0.019598095,0
52.29999923706055,0.4,0.013874991000000001,0.333333333,0.4,0.012230056000000001,0
99.95999908447266,0.4,0.011880391,0.42222222200000004,0.6,0.019553516,1
617.8900146484375,0.4,0.011880391,0.42222222200000004,0.4,0.012034639,1
726.0700073242188,0.4,0.011880391,0.42222222200000004,0.6,0.011437225,1
10.81999969482422,0.4,0.011880391,0.42222222200000004,0.4,0.024429105,1
132.89999389648438,0.4,0.011880391,0.42222222200000004,0.2,0.009197026487193378,0
35.36999893188477,0.4,0.011880391,0.42222222200000004,0.6,0.011726458,1
32.68000030517578,0.4,0.011880391,0.42222222200000004,0.4,0.021362488,1
17.549999237060547,0.4,0.011880391,0.42222222200000004,0.2,0.019766075,0
52.77999877929688,0.4,0.011880391,0.42222222200000004,0.4,0.013153208999999999,1
97.38999938964844,0.4,0.0177139,0.37777777799999995,0.6,0.020781635,0
581.8099975585938,0.4,0.0177139,0.37777777799999995,0.4,0.023353372,0
700.5599975585938,0.4,0.0177139,0.37777777799999995,0.4,0.018184,0
10.579999923706056,0.4,0.0177139,0.37777777799999995,0.4,0.021691973,0
131.16999816894528,0.4,0.0177139,0.37777777799999995,0.2,0.010799365630840515,0
34.080001831054695,0.4,0.0177139,0.37777777799999995,0.4,0.018010656,0
31.90999984741211,0.4,0.0177139,0.37777777799999995,0.4,0.021640918999999998,0
16.870000839233402,0.4,0.0177139,0.37777777799999995,0.2,0.018713649,0
51.63999938964844,0.4,0.0177139,0.37777777799999995,0.4,0.013839964,0
99.5199966430664,0.6,0.023575764,0.577777778,0.8,0.016714882,1
593.0,0.6,0.023575764,0.577777778,0.6,0.019388396999999998,1
714.719970703125,0.6,0.023575764,0.577777778,0.6,0.017592391000000002,1
10.619999885559082,0.6,0.023575764,0.577777778,0.6,0.013236433,1
132.91000366210938,0.6,0.023575764,0.577777778,0.4,0.010034505098385051,1
34.790000915527344,0.6,0.023575764,0.577777778,0.6,0.017822215,1
32.740001678466804,0.6,0.023575764,0.577777778,0.6,0.019346075,1
17.280000686645508,0.6,0.023575764,0.577777778,0.4,0.019691924,1
53.11000061035156,0.6,0.023575764,0.577777778,0.6,0.012576704,1
97.12999725341795,0.6,0.022536251,0.5111111110000001,0.6,0.020460388,0
570.1799926757812,0.6,0.022536251,0.5111111110000001,0.6,0.026792061000000002,0
694.4500122070312,0.6,0.022536251,0.5111111110000001,0.6,0.019982535,0
10.109999656677246,0.6,0.022536251,0.5111111110000001,0.6,0.019312628000000002,0
130.02999877929688,0.6,0.022536251,0.5111111110000001,0.4,0.01251670536910843,0
34.11999893188477,0.6,0.022536251,0.5111111110000001,0.6,0.019447884,0
29.76000022888184,0.6,0.022536251,0.5111111110000001,0.6,0.035477251,0
16.09000015258789,0.6,0.022536251,0.5111111110000001,0.2,0.030637024,0
50.9900016784668,0.6,0.022536251,0.5111111110000001,0.4,0.019946737,0
96.66000366210938,0.6,0.020738026,0.46666666700000003,0.4,0.018189702,0
574.47998046875,0.6,0.020738026,0.46666666700000003,0.6,0.024778401000000002,1
701.7899780273438,0.6,0.020738026,0.46666666700000003,0.6,0.021659725,1
9.760000228881836,0.6,0.020738026,0.46666666700000003,0.4,0.024913209,0
128.11000061035156,0.6,0.020738026,0.46666666700000003,0.2,0.01303882448560234,0
34.549999237060554,0.6,0.020738026,0.46666666700000003,0.6,0.020294536999999998,1
29.79999923706055,0.6,0.020738026,0.46666666700000003,0.6,0.032255099,1
17.100000381469727,0.6,0.020738026,0.46666666700000003,0.4,0.039845048,1
50.56000137329102,0.6,0.020738026,0.46666666700000003,0.4,0.021518677000000003,0
96.79000091552734,0.4,0.023762226,0.355555556,0.4,0.01555601,1
571.77001953125,0.4,0.023762226,0.355555556,0.4,0.025673277999999997,0
698.4500122070312,0.4,0.023762226,0.355555556,0.4,0.019807221,0
9.550000190734863,0.4,0.023762226,0.355555556,0.2,0.026023998,0
121.86000061035156,0.4,0.023762226,0.355555556,0.2,0.022300677623962692,0
33.939998626708984,0.4,0.023762226,0.355555556,0.4,0.021364291,0
29.59000015258789,0.4,0.023762226,0.355555556,0.4,0.029796747999999998,0
16.579999923706055,0.4,0.023762226,0.355555556,0.4,0.045019382000000004,0
50.790000915527344,0.4,0.023762226,0.355555556,0.4,0.020592923,1
96.3000030517578,0.4,0.019183625,0.488888889,0.4,0.011426451,0
575.02001953125,0.4,0.019183625,0.488888889,0.6,0.015131638999999999,1
706.5900268554688,0.4,0.019183625,0.488888889,0.6,0.015111227,1
9.9399995803833,0.4,0.019183625,0.488888889,0.4,0.0297553,1
122.91000366210938,0.4,0.019183625,0.488888889,0.4,0.021420516705110502,1
34.11999893188477,0.4,0.019183625,0.488888889,0.6,0.015130687,1
29.65999984741211,0.4,0.019183625,0.488888889,0.6,0.025557512999999997,1
16.530000686645508,0.4,0.019183625,0.488888889,0.4,0.037873238999999996,0
50.47999954223633,0.4,0.019183625,0.488888889,0.4,0.017493825,0
101.41999816894531,0.4,0.019859206,0.444444444,0.4,0.017685718,1
596.3800048828125,0.4,0.019859206,0.444444444,0.6,0.018714323,1
725.25,0.4,0.019859206,0.444444444,0.6,0.016350451999999998,1
9.800000190734863,0.4,0.019859206,0.444444444,0.2,0.031816046,0
122.5,0.4,0.019859206,0.444444444,0.2,0.019434623394372862,0
34.799999237060554,0.4,0.019859206,0.444444444,0.6,0.01494996,1
29.93000030517578,0.4,0.019859206,0.444444444,0.6,0.022176007999999997,1
17.020000457763672,0.4,0.019859206,0.444444444,0.4,0.038941153,1
52.290000915527344,0.4,0.019859206,0.444444444,0.4,0.018971722,1
99.44000244140624,0.4,0.020295119,0.488888889,0.4,0.016787211,0
596.530029296875,0.4,0.020295119,0.488888889,0.8,0.011068173999999998,1
711.6699829101562,0.4,0.020295119,0.488888889,0.6,0.014423232,0
9.489999771118164,0.4,0.020295119,0.488888889,0.2,0.028538061,0
122.08000183105469,0.4,0.020295119,0.488888889,0.2,0.01578656777546624,0
34.34000015258789,0.4,0.020295119,0.488888889,0.6,0.01374194,0
29.60000038146973,0.4,0.020295119,0.488888889,0.6,0.006177113000000001,0
17.489999771118164,0.4,0.020295119,0.488888889,0.6,0.030690906,1
51.790000915527344,0.4,0.020295119,0.488888889,0.4,0.012900706999999999,0
99.98999786376952,0.4,0.02364527,0.577777778,0.6,0.016925634,1
601.25,0.4,0.02364527,0.577777778,0.8,0.011142358,1
713.0399780273438,0.4,0.02364527,0.577777778,0.6,0.012694348000000001,1
9.640000343322754,0.4,0.02364527,0.577777778,0.4,0.024775468,1
122.58999633789062,0.4,0.02364527,0.577777778,0.4,0.013668914591287523,1
35.22999954223633,0.4,0.02364527,0.577777778,0.6,0.016404878,1
29.940000534057607,0.4,0.02364527,0.577777778,0.6,0.008205601,1
17.6299991607666,0.4,0.02364527,0.577777778,0.6,0.019737429,1
52.16999816894531,0.4,0.02364527,0.577777778,0.6,0.012681554,1
93.41999816894531,0.4,0.020359494,0.533333333,0.4,0.02979797,0
583.3499755859375,0.4,0.020359494,0.533333333,0.8,0.016153179,0
699.989990234375,0.4,0.020359494,0.533333333,0.6,0.015402886000000001,0
9.619999885559082,0.4,0.020359494,0.533333333,0.4,0.020887136,0
120.95999908447266,0.4,0.020359494,0.533333333,0.4,0.006570941104169632,0
34.90999984741211,0.4,0.020359494,0.533333333,0.6,0.014690392,0
29.809999465942386,0.4,0.020359494,0.533333333,0.6,0.007664621,0
17.489999771118164,0.4,0.020359494,0.533333333,0.6,0.015243748,0
51.22000122070313,0.4,0.020359494,0.533333333,0.4,0.015413673999999999,0
94.08999633789062,0.6,0.020536258999999998,0.5555555560000001,0.6,0.030219851000000002,1
635.3499755859375,0.6,0.020536258999999998,0.5555555560000001,0.8,0.032844421,1
730.9600219726562,0.6,0.020536258999999998,0.5555555560000001,0.6,0.021920713999999997,1
9.479999542236328,0.6,0.020536258999999998,0.5555555560000001,0.2,0.01563022,0
122.22000122070312,0.6,0.020536258999999998,0.5555555560000001,0.4,0.006930983965213489,1
35.33000183105469,0.6,0.020536258999999998,0.5555555560000001,0.6,0.016035893,1
29.96999931335449,0.6,0.020536258999999998,0.5555555560000001,0.6,0.008264955,1
17.34000015258789,0.6,0.020536258999999998,0.5555555560000001,0.6,0.016355882,0
52.06000137329102,0.6,0.020536258999999998,0.5555555560000001,0.6,0.017472926,1
97.33999633789062,0.6,0.02410657,0.577777778,0.6,0.026494703999999997,1
587.0,0.6,0.02410657,0.577777778,0.6,0.04063507,0
742.9500122070312,0.6,0.02410657,0.577777778,0.6,0.019919631,1
9.710000038146973,0.6,0.02410657,0.577777778,0.4,0.017665662,1
124.79000091552734,0.6,0.02410657,0.577777778,0.6,0.010469353665608751,1
36.310001373291016,0.6,0.02410657,0.577777778,0.6,0.01759765,1
31.020000457763672,0.6,0.02410657,0.577777778,0.6,0.013451333000000001,1
17.639999389648438,0.6,0.02410657,0.577777778,0.6,0.013887469,1
55.09000015258789,0.6,0.02410657,0.577777778,0.6,0.021942173,1
96.43000030517578,0.6,0.021030495,0.644444444,0.6,0.024459883999999998,0
574.8099975585938,0.6,0.021030495,0.644444444,0.4,0.044738082,0
752.0,0.6,0.021030495,0.644444444,0.8,0.018610941000000002,1
9.970000267028807,0.6,0.021030495,0.644444444,0.6,0.016694432,1
124.83000183105469,0.6,0.021030495,0.644444444,0.8,0.009847751537147571,1
36.31999969482422,0.6,0.021030495,0.644444444,0.8,0.015009048999999998,1
30.81999969482422,0.6,0.021030495,0.644444444,0.6,0.012535683999999998,0
18.06999969482422,0.6,0.021030495,0.644444444,0.6,0.01323985,1
54.709999084472656,0.6,0.021030495,0.644444444,0.6,0.021409326,0
94.4800033569336,0.6,0.016089546,0.488888889,0.4,0.027398077000000003,0
552.0999755859375,0.6,0.016089546,0.488888889,0.2,0.051057355,0
764.6500244140625,0.6,0.016089546,0.488888889,0.8,0.021590301,1
9.880000114440918,0.6,0.016089546,0.488888889,0.4,0.015338616000000001,0
122.94000244140624,0.6,0.016089546,0.488888889,0.6,0.01204036007414666,0
35.349998474121094,0.6,0.016089546,0.488888889,0.6,0.015167008999999999,0
29.79999923706055,0.6,0.016089546,0.488888889,0.4,0.016857467,0
18.479999542236328,0.6,0.016089546,0.488888889,0.6,0.016176849,1
53.0,0.6,0.016089546,0.488888889,0.4,0.026193011000000002,0
96.3499984741211,0.6,0.017614283999999997,0.5555555560000001,0.6,0.018215262,1
531.0700073242189,0.6,0.017614283999999997,0.5555555560000001,0.2,0.052721259000000006,0
726.9500122070312,0.6,0.017614283999999997,0.5555555560000001,0.8,0.027790644,0
9.649999618530273,0.6,0.017614283999999997,0.5555555560000001,0.4,0.01957955,0
124.72000122070312,0.6,0.017614283999999997,0.5555555560000001,0.8,0.012276813182567022,1
35.689998626708984,0.6,0.017614283999999997,0.5555555560000001,0.8,0.015273999,1
29.34000015258789,0.6,0.017614283999999997,0.5555555560000001,0.4,0.019076298000000002,0
17.180000305175778,0.6,0.017614283999999997,0.5555555560000001,0.6,0.02865791,0
52.15999984741211,0.6,0.017614283999999997,0.5555555560000001,0.4,0.025720895,0
96.5999984741211,0.4,0.021272088999999997,0.5555555560000001,0.6,0.017299825,1
536.260009765625,0.4,0.021272088999999997,0.5555555560000001,0.2,0.036847742,1
708.010009765625,0.4,0.021272088999999997,0.5555555560000001,0.6,0.02415275,0
9.859999656677246,0.4,0.021272088999999997,0.5555555560000001,0.6,0.021021272,1
127.6500015258789,0.4,0.021272088999999997,0.5555555560000001,0.8,0.014892001440046059,1
36.45000076293945,0.4,0.021272088999999997,0.5555555560000001,0.8,0.017126709,1
29.770000457763672,0.4,0.021272088999999997,0.5555555560000001,0.4,0.020933988,1
17.299999237060547,0.4,0.021272088999999997,0.5555555560000001,0.8,0.028339608999999998,1
52.0,0.4,0.021272088999999997,0.5555555560000001,0.2,0.023054422,0
94.0199966430664,0.2,0.012213771000000002,0.42222222200000004,0.4,0.015733163999999997,0
502.1300048828125,0.2,0.012213771000000002,0.42222222200000004,0.2,0.034356693,0
683.5700073242188,0.2,0.012213771000000002,0.42222222200000004,0.4,0.027775993,0
9.90999984741211,0.2,0.012213771000000002,0.42222222200000004,0.6,0.017183143,1
128.57000732421878,0.2,0.012213771000000002,0.42222222200000004,0.8,0.01212792148074082,1
35.70000076293945,0.2,0.012213771000000002,0.42222222200000004,0.6,0.015694245,0
29.040000915527344,0.2,0.012213771000000002,0.42222222200000004,0.2,0.018831236,0
17.0,0.2,0.012213771000000002,0.42222222200000004,0.6,0.02834761,0
50.15999984741211,0.2,0.012213771000000002,0.42222222200000004,0.0,0.018490936,0
95.01000213623048,0.4,0.014102331000000001,0.333333333,0.6,0.015969384,1
488.1000061035156,0.4,0.014102331000000001,0.333333333,0.2,0.035791564,0
682.739990234375,0.4,0.014102331000000001,0.333333333,0.2,0.02558261,0
9.369999885559082,0.4,0.014102331000000001,0.333333333,0.4,0.022725917,0
126.9800033569336,0.4,0.014102331000000001,0.333333333,0.6,0.014537179158586263,0
35.61000061035156,0.4,0.014102331000000001,0.333333333,0.4,0.016143375,0
28.81999969482422,0.4,0.014102331000000001,0.333333333,0.2,0.019056901,0
16.680000305175778,0.4,0.014102331000000001,0.333333333,0.4,0.027237025,0
49.40999984741211,0.4,0.014102331000000001,0.333333333,0.0,0.020101802,0
94.98999786376952,0.4,0.016475285,0.288888889,0.6,0.011967116000000002,0
482.0700073242188,0.4,0.016475285,0.288888889,0.2,0.03036062,0
678.1099853515625,0.4,0.016475285,0.288888889,0.0,0.023574542999999996,0
9.1899995803833,0.4,0.016475285,0.288888889,0.4,0.024762553,0
124.06999969482422,0.4,0.016475285,0.288888889,0.6,0.01609246654739457,0
35.080001831054695,0.4,0.016475285,0.288888889,0.4,0.013778644,0
28.809999465942386,0.4,0.016475285,0.288888889,0.2,0.012507217,0
16.5,0.4,0.016475285,0.288888889,0.2,0.024857396,0
49.27999877929688,0.4,0.016475285,0.288888889,0.0,0.014376876,0
94.2699966430664,0.4,0.01614869,0.355555556,0.4,0.009524568,0
490.4800109863281,0.4,0.01614869,0.355555556,0.4,0.026231567,1
684.1199951171875,0.4,0.01614869,0.355555556,0.2,0.015486396000000001,1
9.279999732971193,0.4,0.01614869,0.355555556,0.6,0.022065327000000003,1
120.19000244140624,0.4,0.01614869,0.355555556,0.4,0.019451276419464297,0
35.20000076293945,0.4,0.01614869,0.355555556,0.4,0.012539166000000001,1
28.229999542236328,0.4,0.01614869,0.355555556,0.2,0.013446353999999999,0
16.639999389648438,0.4,0.01614869,0.355555556,0.4,0.012485102,1
49.709999084472656,0.4,0.01614869,0.355555556,0.2,0.012952195,1
93.6999969482422,0.4,0.013456359,0.222222222,0.2,0.010214919,0
503.8200073242188,0.4,0.013456359,0.222222222,0.4,0.029716588999999998,1
683.1099853515625,0.4,0.013456359,0.222222222,0.2,0.010570856000000002,0
9.020000457763672,0.4,0.013456359,0.222222222,0.4,0.023316427,0
117.8499984741211,0.4,0.013456359,0.222222222,0.2,0.01864659256497786,0
34.84000015258789,0.4,0.013456359,0.222222222,0.2,0.010325716,0
28.21999931335449,0.4,0.013456359,0.222222222,0.0,0.010586048,0
15.90999984741211,0.4,0.013456359,0.222222222,0.2,0.019862174,0
49.68999862670898,0.4,0.013456359,0.222222222,0.2,0.012419168000000001,0
93.98999786376952,0.6,0.016421511,0.355555556,0.4,0.005492299,1
507.0799865722656,0.6,0.016421511,0.355555556,0.6,0.018281791999999998,1
682.4000244140625,0.6,0.016421511,0.355555556,0.2,0.00387486,0
9.420000076293944,0.6,0.016421511,0.355555556,0.4,0.031171395,1
121.04000091552734,0.6,0.016421511,0.355555556,0.2,0.022618807703383814,1
35.540000915527344,0.6,0.016421511,0.355555556,0.4,0.010228864,1
28.63999938964844,0.6,0.016421511,0.355555556,0.2,0.008658398000000001,1
16.5,0.6,0.016421511,0.355555556,0.4,0.023810696,1
50.5,0.6,0.016421511,0.355555556,0.4,0.008602463000000001,1
96.63999938964844,0.6,0.014835981000000002,0.533333333,0.4,0.009025253,1
521.0999755859375,0.6,0.014835981000000002,0.533333333,0.8,0.018223293999999998,1
691.0,0.6,0.014835981000000002,0.533333333,0.4,0.00615252,1
9.8100004196167,0.6,0.014835981000000002,0.533333333,0.6,0.028553575,1
122.73999786376952,0.6,0.014835981000000002,0.533333333,0.4,0.02295442455799969,1
35.70000076293945,0.6,0.014835981000000002,0.533333333,0.6,0.010625053999999998,1
28.78000068664551,0.6,0.014835981000000002,0.533333333,0.4,0.008120901,1
16.690000534057614,0.6,0.014835981000000002,0.533333333,0.6,0.02234903,1
51.09000015258789,0.6,0.014835981000000002,0.533333333,0.6,0.007948667,1
98.12000274658205,0.6,0.014800856000000001,0.7333333329999999,0.6,0.012046063999999999,1
534.0999755859375,0.6,0.014800856000000001,0.7333333329999999,1.0,0.020741935,1
708.4000244140625,0.6,0.014800856000000001,0.7333333329999999,0.6,0.009832406,1
10.079999923706056,0.6,0.014800856000000001,0.7333333329999999,0.8,0.030216096,1
126.0999984741211,0.6,0.014800856000000001,0.7333333329999999,0.6,0.02384600881957245,1
36.63000106811523,0.6,0.014800856000000001,0.7333333329999999,0.8,0.012858455,1
29.46999931335449,0.6,0.014800856000000001,0.7333333329999999,0.6,0.01284649,1
17.0,0.6,0.014800856000000001,0.7333333329999999,0.8,0.023905546,1
52.41999816894531,0.6,0.014800856000000001,0.7333333329999999,0.8,0.012628943,1
96.26000213623048,0.6,0.013070915,0.644444444,0.6,0.01432139,0
525.0,0.6,0.013070915,0.644444444,0.8,0.020660406,0
697.3499755859375,0.6,0.013070915,0.644444444,0.4,0.011179548999999999,0
10.520000457763672,0.6,0.013070915,0.644444444,0.8,0.036987612,1
132.44999694824222,0.6,0.013070915,0.644444444,0.8,0.02766284912950329,1
36.63000106811523,0.6,0.013070915,0.644444444,0.6,0.012174311,0
29.420000076293945,0.6,0.013070915,0.644444444,0.6,0.009159434000000001,0
16.899999618530273,0.6,0.013070915,0.644444444,0.6,0.023385059,0
52.18999862670898,0.6,0.013070915,0.644444444,0.6,0.011761338,0
96.04000091552734,0.8,0.010240459,0.7333333329999999,0.6,0.013569196,0
534.9000244140625,0.8,0.010240459,0.7333333329999999,0.8,0.018992276000000002,1
700.9099731445312,0.8,0.010240459,0.7333333329999999,0.6,0.011905283999999999,1
10.31999969482422,0.8,0.010240459,0.7333333329999999,0.8,0.035186475,0
133.08000183105472,0.8,0.010240459,0.7333333329999999,1.0,0.024720317618522027,1
36.77999877929688,0.8,0.010240459,0.7333333329999999,0.8,0.010947841000000002,1
28.709999084472656,0.8,0.010240459,0.7333333329999999,0.6,0.013915241,0
17.100000381469727,0.8,0.010240459,0.7333333329999999,0.8,0.016977898999999998,1
51.81999969482422,0.8,0.010240459,0.7333333329999999,0.6,0.013098762,0
96.87999725341795,0.8,0.007741997,0.7555555559999999,0.6,0.014699461,1
559.5,0.8,0.007741997,0.7555555559999999,0.8,0.026896142999999997,1
706.4600219726562,0.8,0.007741997,0.7555555559999999,0.8,0.013281092,1
10.68000030517578,0.8,0.007741997,0.7555555559999999,0.8,0.03329406,1
133.77000427246094,0.8,0.007741997,0.7555555559999999,1.0,0.020343625869433404,1
37.11000061035156,0.8,0.007741997,0.7555555559999999,0.8,0.00872393,1
29.35000038146973,0.8,0.007741997,0.7555555559999999,0.6,0.015397013999999999,1
17.569999694824222,0.8,0.007741997,0.7555555559999999,0.8,0.015058245,1
52.6500015258789,0.8,0.007741997,0.7555555559999999,0.6,0.013041946,1
94.69000244140624,0.6,0.007890586,0.5555555560000001,0.4,0.013581606000000001,0
552.9400024414061,0.6,0.007890586,0.5555555560000001,0.6,0.023711397000000002,0
695.8499755859375,0.6,0.007890586,0.5555555560000001,0.6,0.013764305,0
10.3100004196167,0.6,0.007890586,0.5555555560000001,0.6,0.031942635,0
132.39999389648438,0.6,0.007890586,0.5555555560000001,0.8,0.019582949461144885,0
36.54999923706055,0.6,0.007890586,0.5555555560000001,0.6,0.010841598999999999,0
28.79999923706055,0.6,0.007890586,0.5555555560000001,0.4,0.018167229,0
17.020000457763672,0.6,0.007890586,0.5555555560000001,0.6,0.019015872,0
51.18000030517578,0.6,0.007890586,0.5555555560000001,0.4,0.016289361999999998,0
96.0999984741211,0.6,0.005321050999999999,0.533333333,0.4,0.013496816000000002,1
554.0399780273439,0.6,0.005321050999999999,0.533333333,0.6,0.019119816,1
699.5599975585938,0.6,0.005321050999999999,0.533333333,0.6,0.009794447,1
10.81999969482422,0.6,0.005321050999999999,0.533333333,0.6,0.036331351,1
132.80000305175778,0.6,0.005321050999999999,0.533333333,0.8,0.014712204057090285,1
36.63000106811523,0.6,0.005321050999999999,0.533333333,0.6,0.00606928,1
29.190000534057607,0.6,0.005321050999999999,0.533333333,0.4,0.016080585,1
16.75,0.6,0.005321050999999999,0.533333333,0.4,0.018473822,0
51.36000061035156,0.6,0.005321050999999999,0.533333333,0.4,0.011786273,1
96.76000213623048,0.8,0.007737371,0.644444444,0.6,0.011079115,1
555.1500244140625,0.8,0.007737371,0.644444444,0.8,0.016112933,1
705.75,0.8,0.007737371,0.644444444,0.8,0.008444411,1
10.34000015258789,0.8,0.007737371,0.644444444,0.4,0.036473632,0
134.5,0.8,0.007737371,0.644444444,0.8,0.007201070737288586,1
37.290000915527344,0.8,0.007737371,0.644444444,0.8,0.009672883,1
29.6200008392334,0.8,0.007737371,0.644444444,0.6,0.018687479,1
16.739999771118164,0.8,0.007737371,0.644444444,0.4,0.017416753,0
52.099998474121094,0.8,0.007737371,0.644444444,0.6,0.013790358,1
96.91000366210938,0.6,0.009624546,0.644444444,0.8,0.010932066,1
555.22998046875,0.6,0.009624546,0.644444444,0.8,0.012370301,1
705.0700073242188,0.6,0.009624546,0.644444444,0.6,0.007616105,0
10.640000343322754,0.6,0.009624546,0.644444444,0.6,0.038474048,1
132.02999877929688,0.6,0.009624546,0.644444444,0.6,0.0099226252327519,0
36.959999084472656,0.6,0.009624546,0.644444444,0.6,0.010623816000000001,0
29.79999923706055,0.6,0.009624546,0.644444444,0.8,0.015076207,1
16.879999160766598,0.6,0.009624546,0.644444444,0.4,0.016722513,1
51.29999923706055,0.6,0.009624546,0.644444444,0.6,0.01544348,0
96.69000244140624,0.4,0.00940821,0.46666666700000003,0.6,0.009636835,0
552.52001953125,0.4,0.00940821,0.46666666700000003,0.6,0.004148487,0
697.77001953125,0.4,0.00940821,0.46666666700000003,0.4,0.008103148000000001,0
10.6899995803833,0.4,0.00940821,0.46666666700000003,0.6,0.032437127,1
131.02999877929688,0.4,0.00940821,0.46666666700000003,0.4,0.0104004585892605,0
36.77999877929688,0.4,0.00940821,0.46666666700000003,0.4,0.00980338,0
29.59000015258789,0.4,0.00940821,0.46666666700000003,0.6,0.012027211000000001,0
16.770000457763672,0.4,0.00940821,0.46666666700000003,0.2,0.012528747,0
50.88000106811523,0.4,0.00940821,0.46666666700000003,0.4,0.013877496999999999,0
100.52999877929688,0.6,0.01121473,0.666666667,0.8,0.013058691,1
579.0399780273438,0.6,0.01121473,0.666666667,0.8,0.011403175,1
718.8099975585938,0.6,0.01121473,0.666666667,0.6,0.01113006,1
10.93000030517578,0.6,0.01121473,0.666666667,0.8,0.029998481,1
134.3699951171875,0.6,0.01121473,0.666666667,0.6,0.013450214899550415,1
37.9900016784668,0.6,0.01121473,0.666666667,0.6,0.013364997,1
30.3700008392334,0.6,0.01121473,0.666666667,0.8,0.013551388999999999,1
17.120000839233402,0.6,0.01121473,0.666666667,0.4,0.010442209000000001,1
52.58000183105469,0.6,0.01121473,0.666666667,0.6,0.01497584,1
100.75,0.6,0.010252210999999999,0.622222222,0.8,0.010518243,1
580.2100219726562,0.6,0.010252210999999999,0.622222222,0.8,0.011409443,1
718.8499755859375,0.6,0.010252210999999999,0.622222222,0.6,0.010074856,1
10.899999618530273,0.6,0.010252210999999999,0.622222222,0.6,0.020654149,0
136.30000305175778,0.6,0.010252210999999999,0.622222222,0.6,0.015718648378544278,1
37.7599983215332,0.6,0.010252210999999999,0.622222222,0.4,0.014138093000000001,0
30.540000915527344,0.6,0.010252210999999999,0.622222222,0.8,0.011962573,1
16.420000076293945,0.6,0.010252210999999999,0.622222222,0.4,0.015447045,0
52.95000076293945,0.6,0.010252210999999999,0.622222222,0.6,0.015679814,1
101.5,0.6,0.009783656,0.6,0.8,0.010633499999999999,1
577.489990234375,0.6,0.009783656,0.6,0.6,0.011946335,0
712.4199829101562,0.6,0.009783656,0.6,0.4,0.010094138,0
11.109999656677246,0.6,0.009783656,0.6,0.8,0.015634911,1
137.80000305175778,0.6,0.009783656,0.6,0.6,0.015359439166264569,1
37.88999938964844,0.6,0.009783656,0.6,0.4,0.011223055,1
30.57999992370605,0.6,0.009783656,0.6,0.8,0.009278301,1
16.569999694824222,0.6,0.009783656,0.6,0.6,0.017154673999999998,1
52.349998474121094,0.6,0.009783656,0.6,0.4,0.015064500000000002,0
103.01000213623048,0.6,0.00853498,0.577777778,0.8,0.013298825,1
575.1400146484375,0.6,0.00853498,0.577777778,0.4,0.012731388,0
710.8900146484375,0.6,0.00853498,0.577777778,0.4,0.01033095,0
11.18000030517578,0.6,0.00853498,0.577777778,0.8,0.011092336999999999,1
137.80000305175778,0.6,0.00853498,0.577777778,0.6,0.011686574897561041,0
37.88999938964844,0.6,0.00853498,0.577777778,0.4,0.009453134,0
30.6299991607666,0.6,0.00853498,0.577777778,0.8,0.008389923,1
17.049999237060547,0.6,0.00853498,0.577777778,0.6,0.021275639,1
52.02999877929688,0.6,0.00853498,0.577777778,0.4,0.013216025,0
101.87000274658205,0.6,0.008936725999999999,0.644444444,0.8,0.015058169,0
562.7999877929689,0.6,0.008936725999999999,0.644444444,0.4,0.016046368999999998,0
695.1599731445312,0.6,0.008936725999999999,0.644444444,0.4,0.012685687,0
11.3100004196167,0.6,0.008936725999999999,0.644444444,0.8,0.012478085,1
140.14999389648438,0.6,0.008936725999999999,0.644444444,0.8,0.01358249448266534,1
38.36000061035156,0.6,0.008936725999999999,0.644444444,0.6,0.010959979,1
30.940000534057607,0.6,0.008936725999999999,0.644444444,1.0,0.009004702,1
16.829999923706055,0.6,0.008936725999999999,0.644444444,0.6,0.022552974,0
51.02999877929688,0.6,0.008936725999999999,0.644444444,0.4,0.015422541000000001,0
101.02999877929688,0.6,0.007801294,0.46666666700000003,0.6,0.008764435,0
560.260009765625,0.6,0.007801294,0.46666666700000003,0.2,0.007349354000000001,0
693.969970703125,0.6,0.007801294,0.46666666700000003,0.2,0.006997421,0
11.050000190734863,0.6,0.007801294,0.46666666700000003,0.6,0.012585598,0
139.07000732421878,0.6,0.007801294,0.46666666700000003,0.6,0.01002561763647206,0
38.150001525878906,0.6,0.007801294,0.46666666700000003,0.4,0.005475185,0
30.559999465942386,0.6,0.007801294,0.46666666700000003,0.8,0.00618902,0
16.450000762939453,0.6,0.007801294,0.46666666700000003,0.4,0.022894585,0
51.6500015258789,0.6,0.007801294,0.46666666700000003,0.4,0.011170102,1
101.12000274658205,0.6,0.008658223,0.488888889,0.6,0.008504925,1
559.469970703125,0.6,0.008658223,0.488888889,0.0,0.007227246999999999,0
705.239990234375,0.6,0.008658223,0.488888889,0.2,0.010234281999999999,1
11.359999656677244,0.6,0.008658223,0.488888889,0.8,0.017647488,1
140.41000366210938,0.6,0.008658223,0.488888889,0.6,0.009080022403042908,1
38.47999954223633,0.6,0.008658223,0.488888889,0.6,0.0059943259999999995,1
30.8700008392334,0.6,0.008658223,0.488888889,0.8,0.007098298,1
16.430000305175778,0.6,0.008658223,0.488888889,0.4,0.014960173,0
52.84000015258789,0.6,0.008658223,0.488888889,0.4,0.01437066,1
101.16999816894531,0.4,0.007680141999999999,0.444444444,0.6,0.0071149740000000005,1
558.9299926757811,0.4,0.007680141999999999,0.444444444,0.0,0.006482676999999999,0
712.8200073242188,0.4,0.007680141999999999,0.444444444,0.4,0.010594943999999999,1
11.420000076293945,0.4,0.007680141999999999,0.444444444,0.8,0.014850621999999999,1
140.19000244140622,0.4,0.007680141999999999,0.444444444,0.4,0.00719236503065146,0
38.04999923706055,0.4,0.007680141999999999,0.444444444,0.4,0.007540689000000001,0
31.25,0.4,0.007680141999999999,0.444444444,0.8,0.009298285,1
16.100000381469727,0.4,0.007680141999999999,0.444444444,0.2,0.017150178000000002,0
52.04999923706055,0.4,0.007680141999999999,0.444444444,0.4,0.015094525,0
102.26000213623048,0.6,0.009991746,0.5555555560000001,0.6,0.0062943980000000005,1
569.6099853515625,0.6,0.009991746,0.5555555560000001,0.2,0.009490403,1
726.8200073242188,0.6,0.009991746,0.5555555560000001,0.6,0.014093491000000001,1
11.699999809265135,0.6,0.009991746,0.5555555560000001,0.8,0.018494157,1
142.36000061035156,0.6,0.009991746,0.5555555560000001,0.6,0.010288160923589423,1
38.95000076293945,0.6,0.009991746,0.5555555560000001,0.6,0.012271315,1
31.76000022888184,0.6,0.009991746,0.5555555560000001,0.8,0.01223528,1
16.719999313354492,0.6,0.009991746,0.5555555560000001,0.2,0.019058431,1
53.06999969482422,0.6,0.009991746,0.5555555560000001,0.6,0.017791295,1
102.5199966430664,0.8,0.01041243,0.6,0.8,0.004589518,1
573.3699951171875,0.8,0.01041243,0.6,0.4,0.00651947,1
730.489990234375,0.8,0.01041243,0.6,0.8,0.010677915,1
11.470000267028807,0.8,0.01041243,0.6,0.6,0.02010019,0
142.77999877929688,0.8,0.01041243,0.6,0.6,0.0074674848945252715,1
38.70000076293945,0.8,0.01041243,0.6,0.4,0.01107414,0
31.43000030517578,0.8,0.01041243,0.6,0.6,0.012289197,0
16.850000381469727,0.8,0.01041243,0.6,0.4,0.01803283,1
53.16999816894531,0.8,0.01041243,0.6,0.8,0.014324213999999998,1
104.58000183105469,0.8,0.009079476999999999,0.7333333329999999,1.0,0.006959088,1
577.02001953125,0.8,0.009079476999999999,0.7333333329999999,0.6,0.006890031,1
728.3300170898438,0.8,0.009079476999999999,0.7333333329999999,0.8,0.010926923,0
11.399999618530273,0.8,0.009079476999999999,0.7333333329999999,0.6,0.016723071000000003,0
142.9600067138672,0.8,0.009079476999999999,0.7333333329999999,0.8,0.006178445408558632,1
38.7400016784668,0.8,0.009079476999999999,0.7333333329999999,0.6,0.010185976999999999,1
31.649999618530273,0.8,0.009079476999999999,0.7333333329999999,0.8,0.011232755,1
16.860000610351562,0.8,0.009079476999999999,0.7333333329999999,0.6,0.013635791000000001,1
53.59000015258789,0.8,0.009079476999999999,0.7333333329999999,0.8,0.013474106000000001,1
105.97000122070312,0.6,0.00882075,0.7555555559999999,1.0,0.009439166,1
574.27001953125,0.6,0.00882075,0.7555555559999999,0.6,0.007561178000000001,0
736.0900268554688,0.6,0.00882075,0.7555555559999999,0.8,0.009809843,1
11.619999885559082,0.6,0.00882075,0.7555555559999999,0.6,0.014971875,1
144.7899932861328,0.6,0.00882075,0.7555555559999999,0.8,0.00681150147982008,1
40.22000122070313,0.6,0.00882075,0.7555555559999999,0.6,0.016096653,1
31.690000534057607,0.6,0.00882075,0.7555555559999999,0.8,0.009456721,1
16.930000305175778,0.6,0.00882075,0.7555555559999999,0.8,0.014222988999999998,1
54.349998474121094,0.6,0.00882075,0.7555555559999999,0.8,0.011702516999999999,1
105.8000030517578,0.6,0.009878888,0.8,0.8,0.009661125,0
559.4400024414061,0.6,0.009878888,0.8,0.6,0.01253297,0
737.780029296875,0.6,0.009878888,0.8,0.8,0.008119399,1
11.720000267028807,0.6,0.009878888,0.8,0.6,0.015636707,1
147.0399932861328,0.6,0.009878888,0.8,1.0,0.0096060813436281,1
40.61000061035156,0.6,0.009878888,0.8,0.8,0.015801055,1
31.979999542236328,0.6,0.009878888,0.8,0.8,0.008825013,1
16.790000915527347,0.6,0.009878888,0.8,0.8,0.011859808999999999,0
54.65999984741211,0.6,0.009878888,0.8,1.0,0.009853114,1
105.91999816894531,0.4,0.010839598999999998,0.7111111109999999,0.8,0.007733161999999999,1
552.0800170898439,0.4,0.010839598999999998,0.7111111109999999,0.4,0.011342582,0
737.5999755859375,0.4,0.010839598999999998,0.7111111109999999,0.6,0.004240149,0
12.18000030517578,0.4,0.010839598999999998,0.7111111109999999,0.6,0.018582863999999998,1
147.08999633789062,0.4,0.010839598999999998,0.7111111109999999,1.0,0.006578298309831812,1
41.47999954223633,0.4,0.010839598999999998,0.7111111109999999,0.8,0.015355083,1
32.68000030517578,0.4,0.010839598999999998,0.7111111109999999,0.8,0.009938753,1
16.319999694824222,0.4,0.010839598999999998,0.7111111109999999,0.6,0.009756544,0
53.4900016784668,0.4,0.010839598999999998,0.7111111109999999,0.8,0.010214807,0
105.91000366210938,0.2,0.009007153,0.7111111109999999,0.6,0.0072435369999999995,0
553.97998046875,0.2,0.009007153,0.7111111109999999,0.4,0.01071067,1
742.0900268554688,0.2,0.009007153,0.7111111109999999,0.6,0.004447751,1
12.210000038146973,0.2,0.009007153,0.7111111109999999,0.8,0.015143853999999998,1
148.6300048828125,0.2,0.009007153,0.7111111109999999,1.0,0.008082215251082691,1
41.61000061035156,0.2,0.009007153,0.7111111109999999,1.0,0.014698198999999999,1
32.34000015258789,0.2,0.009007153,0.7111111109999999,0.8,0.009941452,0
16.15999984741211,0.2,0.009007153,0.7111111109999999,0.4,0.01016229,0
53.86000061035156,0.2,0.009007153,0.7111111109999999,0.8,0.011221384,1
106.72000122070312,0.2,0.011957353,0.666666667,0.6,0.004754395,1
560.47998046875,0.2,0.011957353,0.666666667,0.4,0.011784142,1
740.75,0.2,0.011957353,0.666666667,0.6,0.004217523,0
12.260000228881836,0.2,0.011957353,0.666666667,1.0,0.014742271000000001,1
148.10000610351562,0.2,0.011957353,0.666666667,0.8,0.008543246695779159,0
41.38000106811523,0.2,0.011957353,0.666666667,0.8,0.015596977,0
32.31999969482422,0.2,0.011957353,0.666666667,0.6,0.008665208,0
16.379999160766598,0.2,0.011957353,0.666666667,0.4,0.012766356999999999,1
54.06999969482422,0.2,0.011957353,0.666666667,0.8,0.010421335,1
106.12999725341795,0.4,0.011347117,0.5111111110000001,0.4,0.0032018479999999998,0
569.6300048828125,0.4,0.011347117,0.5111111110000001,0.6,0.014096036000000001,1
738.0599975585938,0.4,0.011347117,0.5111111110000001,0.4,0.00281291,0
12.020000457763672,0.4,0.011347117,0.5111111110000001,0.8,0.014797785,0
145.39999389648438,0.4,0.011347117,0.5111111110000001,0.6,0.0096293102588394,0
40.75,0.4,0.011347117,0.5111111110000001,0.6,0.011001253,0
32.0,0.4,0.011347117,0.5111111110000001,0.4,0.010392634,0
16.030000686645508,0.4,0.011347117,0.5111111110000001,0.2,0.016209479,0
53.97000122070313,0.4,0.011347117,0.5111111110000001,0.6,0.007954876,0
105.66999816894531,0.4,0.014001194,0.488888889,0.4,0.003747866,0
582.9500122070312,0.4,0.014001194,0.488888889,0.8,0.013607935,1
735.2999877929688,0.4,0.014001194,0.488888889,0.2,0.0031016359999999996,0
12.06999969482422,0.4,0.014001194,0.488888889,0.8,0.013908542,1
147.9499969482422,0.4,0.014001194,0.488888889,0.6,0.010028930352683587,1
40.97000122070313,0.4,0.014001194,0.488888889,0.6,0.010141683,1
31.8799991607666,0.4,0.014001194,0.488888889,0.2,0.009312415,0
15.68000030517578,0.4,0.014001194,0.488888889,0.2,0.018922434,0
54.209999084472656,0.4,0.014001194,0.488888889,0.6,0.007703491999999999,1
105.19000244140624,0.6,0.011993216000000001,0.444444444,0.2,0.0044295129999999995,0
579.8699951171875,0.6,0.011993216000000001,0.444444444,0.8,0.012033438,0
733.530029296875,0.6,0.011993216000000001,0.444444444,0.2,0.003534251,0
12.06999969482422,0.6,0.011993216000000001,0.444444444,0.6,0.006058712,0
148.39999389648438,0.6,0.011993216000000001,0.444444444,0.6,0.010569227000164765,1
40.61999893188477,0.6,0.011993216000000001,0.444444444,0.4,0.007565608000000001,0
31.899999618530273,0.6,0.011993216000000001,0.444444444,0.2,0.0050601479999999996,1
15.75,0.6,0.011993216000000001,0.444444444,0.4,0.014216702,1
53.540000915527344,0.6,0.011993216000000001,0.444444444,0.6,0.00589435,0
107.68000030517578,0.8,0.014001137,0.488888889,0.4,0.009144926999999999,1
593.8599853515625,0.8,0.014001137,0.488888889,0.8,0.016170361,1
744.77001953125,0.8,0.014001137,0.488888889,0.2,0.005381405,1
12.279999732971193,0.8,0.014001137,0.488888889,0.6,0.009045808,1
149.3300018310547,0.8,0.014001137,0.488888889,0.6,0.00972863926536796,1
40.70000076293945,0.8,0.014001137,0.488888889,0.4,0.007332698,1
32.380001068115234,0.8,0.014001137,0.488888889,0.4,0.005988777,1
15.640000343322756,0.8,0.014001137,0.488888889,0.4,0.013652741000000001,0
54.709999084472656,0.8,0.014001137,0.488888889,0.6,0.008881475,1
109.55999755859376,0.6,0.011642554,0.5555555560000001,0.4,0.011107154,1
598.6900024414062,0.6,0.011642554,0.5555555560000001,0.8,0.015450358,1
750.530029296875,0.6,0.011642554,0.5555555560000001,0.4,0.006567044,1
12.300000190734865,0.6,0.011642554,0.5555555560000001,0.6,0.008552544,1
148.41000366210938,0.6,0.011642554,0.5555555560000001,0.6,0.010247628444069469,0
40.97000122070313,0.6,0.011642554,0.5555555560000001,0.6,0.0075539809999999995,1
32.709999084472656,0.6,0.011642554,0.5555555560000001,0.6,0.007903371,1
15.84000015258789,0.6,0.011642554,0.5555555560000001,0.4,0.013487519,1
55.04999923706055,0.6,0.011642554,0.5555555560000001,0.6,0.009344597,1
108.98999786376952,0.6,0.014683335,0.6,0.4,0.011041974,0
593.6400146484375,0.6,0.014683335,0.6,0.6,0.013872303,0
744.9500122070312,0.6,0.014683335,0.6,0.4,0.007327706999999999,0
12.31999969482422,0.6,0.014683335,0.6,0.8,0.004962572,1
151.4499969482422,0.6,0.014683335,0.6,0.8,0.010698176929045906,1
40.90999984741211,0.6,0.014683335,0.6,0.6,0.00480193,0
32.34999847412109,0.6,0.014683335,0.6,0.6,0.008124341,0
15.539999961853027,0.6,0.014683335,0.6,0.4,0.013001914,0
55.22999954223633,0.6,0.014683335,0.6,0.8,0.009628664,1
109.98999786376952,0.6,0.010621071999999999,0.644444444,0.6,0.012010145,1
598.5,0.6,0.010621071999999999,0.644444444,0.6,0.010832932,1
749.9099731445312,0.6,0.010621071999999999,0.644444444,0.6,0.00791142,1
12.260000228881836,0.6,0.010621071999999999,0.644444444,0.6,0.005104655,0
152.52000427246094,0.6,0.010621071999999999,0.644444444,0.8,0.008603624540930234,1
41.15999984741211,0.6,0.010621071999999999,0.644444444,0.6,0.004944365,1
32.450000762939446,0.6,0.010621071999999999,0.644444444,0.8,0.007992588,1
15.25,0.6,0.010621071999999999,0.644444444,0.4,0.012367401,0
55.56999969482422,0.6,0.010621071999999999,0.644444444,0.8,0.009970504,1
111.12000274658205,0.4,0.01019332,0.6,0.8,0.013156406,1
593.1900024414062,0.4,0.01019332,0.6,0.6,0.011550666999999999,0
745.2899780273438,0.4,0.01019332,0.6,0.6,0.008662142,0
12.100000381469727,0.4,0.01019332,0.6,0.6,0.007714766999999999,0
152.07000732421875,0.4,0.01019332,0.6,0.6,0.008585397562023964,0
41.06999969482422,0.4,0.01019332,0.6,0.6,0.003673105,0
32.0,0.4,0.01019332,0.6,0.6,0.010640616,0
15.18000030517578,0.4,0.01019332,0.6,0.2,0.012392576,0
55.43000030517578,0.4,0.01019332,0.6,0.8,0.008002509,0
109.80999755859376,0.2,0.009180441999999999,0.42222222200000004,0.6,0.01077994,0
586.1400146484375,0.2,0.009180441999999999,0.42222222200000004,0.4,0.009102425,0
737.7999877929688,0.2,0.009180441999999999,0.42222222200000004,0.4,0.007607465,0
11.949999809265135,0.2,0.009180441999999999,0.42222222200000004,0.4,0.006714413000000001,0
150.0,0.2,0.009180441999999999,0.42222222200000004,0.4,0.01005445750597416,0
40.52999877929688,0.2,0.009180441999999999,0.42222222200000004,0.4,0.005908861999999999,0
31.899999618530273,0.2,0.009180441999999999,0.42222222200000004,0.4,0.008256205,0
14.56999969482422,0.2,0.009180441999999999,0.42222222200000004,0.2,0.019032654,0
54.56000137329102,0.2,0.009180441999999999,0.42222222200000004,0.6,0.006771043000000001,0
110.95999908447266,0.2,0.008052723000000001,0.444444444,0.6,0.009382648,1
602.0800170898438,0.2,0.008052723000000001,0.444444444,0.4,0.012914748,1
745.6900024414062,0.2,0.008052723000000001,0.444444444,0.4,0.008199471,1
12.279999732971193,0.2,0.008052723000000001,0.444444444,0.4,0.011911683999999999,1
150.02000427246094,0.2,0.008052723000000001,0.444444444,0.6,0.008848961975778575,1
40.75,0.2,0.008052723000000001,0.444444444,0.4,0.0056677,1
32.080001831054695,0.2,0.008052723000000001,0.444444444,0.4,0.007346463,1
14.630000114440918,0.2,0.008052723000000001,0.444444444,0.2,0.017298728,1
55.11999893188477,0.2,0.008052723000000001,0.444444444,0.6,0.007580902,1
108.54000091552734,0.0,0.006464056,0.37777777799999995,0.6,0.012704051000000001,0
591.4299926757812,0.0,0.006464056,0.37777777799999995,0.4,0.014765479,0
740.280029296875,0.0,0.006464056,0.37777777799999995,0.4,0.008163515,0
11.989999771118164,0.0,0.006464056,0.37777777799999995,0.2,0.016309615,0
148.25,0.0,0.006464056,0.37777777799999995,0.4,0.007111903150027925,0
39.97000122070313,0.0,0.006464056,0.37777777799999995,0.4,0.009203011,0
31.54999923706055,0.0,0.006464056,0.37777777799999995,0.4,0.008449553,0
14.529999732971193,0.0,0.006464056,0.37777777799999995,0.2,0.014877906000000002,0
54.459999084472656,0.0,0.006464056,0.37777777799999995,0.4,0.009321724,0
108.66000366210938,0.0,0.007488835,0.37777777799999995,0.6,0.011090141999999999,1
594.5999755859375,0.0,0.007488835,0.37777777799999995,0.4,0.0142001,1
739.1500244140625,0.0,0.007488835,0.37777777799999995,0.2,0.007137184,0
12.0600004196167,0.0,0.007488835,0.37777777799999995,0.4,0.016503248,1
149.35000610351562,0.0,0.007488835,0.37777777799999995,0.4,0.0071828738541598516,1
40.36000061035156,0.0,0.007488835,0.37777777799999995,0.4,0.009932277,1
31.6299991607666,0.0,0.007488835,0.37777777799999995,0.4,0.008338432,1
15.100000381469727,0.0,0.007488835,0.37777777799999995,0.4,0.018991448,1
54.41999816894531,0.0,0.007488835,0.37777777799999995,0.2,0.008237409000000001,0
109.0199966430664,0.2,0.007834286999999999,0.46666666700000003,0.6,0.009698005,1
595.9299926757812,0.2,0.007834286999999999,0.46666666700000003,0.6,0.01287303,1
736.0999755859375,0.2,0.007834286999999999,0.46666666700000003,0.2,0.006730323000000001,0
12.130000114440918,0.2,0.007834286999999999,0.46666666700000003,0.6,0.015053994,1
149.25,0.2,0.007834286999999999,0.46666666700000003,0.4,0.006726713120120747,0
40.38999938964844,0.2,0.007834286999999999,0.46666666700000003,0.6,0.009643614,1
31.670000076293945,0.2,0.007834286999999999,0.46666666700000003,0.6,0.00581786,1
15.050000190734865,0.2,0.007834286999999999,0.46666666700000003,0.4,0.018735673,0
54.31000137329102,0.2,0.007834286999999999,0.46666666700000003,0.2,0.008137793,0
110.44000244140624,0.2,0.009611017,0.666666667,0.8,0.009945222,1
603.1699829101562,0.2,0.009611017,0.666666667,0.8,0.012925868,1
743.0900268554688,0.2,0.009611017,0.666666667,0.4,0.006619582,1
12.220000267028807,0.2,0.009611017,0.666666667,0.8,0.014058572,1
149.6300048828125,0.2,0.009611017,0.666666667,0.6,0.004513492432342925,1
40.41999816894531,0.2,0.009611017,0.666666667,0.8,0.007162499,1
31.86000061035156,0.2,0.009611017,0.666666667,0.8,0.006392734000000001,1
15.640000343322756,0.2,0.009611017,0.666666667,0.6,0.018539308,1
54.6500015258789,0.2,0.009611017,0.666666667,0.4,0.006250775,1
112.04000091552734,0.4,0.012052308999999999,0.666666667,0.8,0.01074819,1
614.8200073242188,0.4,0.012052308999999999,0.666666667,0.8,0.011349826,1
751.719970703125,0.4,0.012052308999999999,0.666666667,0.4,0.006803505,1
12.640000343322756,0.4,0.012052308999999999,0.666666667,0.8,0.015409539,1
151.22999572753906,0.4,0.012052308999999999,0.666666667,0.6,0.006625416329857958,1
41.310001373291016,0.4,0.012052308999999999,0.666666667,0.8,0.010480653000000001,1
32.130001068115234,0.4,0.012052308999999999,0.666666667,0.8,0.006959112,1
15.979999542236328,0.4,0.012052308999999999,0.666666667,0.6,0.022063508,1
55.349998474121094,0.4,0.012052308999999999,0.666666667,0.4,0.006759743,1
112.0999984741211,0.4,0.010803306,0.7777777779999999,1.0,0.006493362,1
620.75,0.4,0.010803306,0.7777777779999999,1.0,0.0097411,1
753.2000122070312,0.4,0.010803306,0.7777777779999999,0.6,0.005746281999999999,1
12.550000190734865,0.4,0.010803306,0.7777777779999999,0.8,0.012110466,0
151.16000366210938,0.4,0.010803306,0.7777777779999999,0.6,0.004358289059846386,0
41.2400016784668,0.4,0.010803306,0.7777777779999999,0.8,0.006991338000000001,0
31.79999923706055,0.4,0.010803306,0.7777777779999999,0.8,0.005709023000000001,0
16.5,0.4,0.010803306,0.7777777779999999,0.8,0.02720459,1
55.36000061035156,0.4,0.010803306,0.7777777779999999,0.6,0.00440111,1
109.8499984741211,0.6,0.011323502,0.7111111109999999,0.8,0.010286513,0
625.8900146484375,0.6,0.011323502,0.7111111109999999,1.0,0.010325193,1
759.0,0.6,0.011323502,0.7111111109999999,0.8,0.006981083000000001,1
12.520000457763672,0.6,0.011323502,0.7111111109999999,0.6,0.011420898,0
151.72000122070312,0.6,0.011323502,0.7111111109999999,0.6,0.003615234569426122,1
41.02000045776367,0.6,0.011323502,0.7111111109999999,0.6,0.006106809,0
31.459999084472656,0.6,0.011323502,0.7111111109999999,0.6,0.0073402580000000005,0
16.440000534057614,0.6,0.011323502,0.7111111109999999,0.6,0.020086011,0
55.6500015258789,0.6,0.011323502,0.7111111109999999,0.8,0.0053019009999999995,1
107.4800033569336,0.4,0.010275043000000001,0.7777777779999999,0.6,0.013938875,0
635.3499755859375,0.4,0.010275043000000001,0.7777777779999999,1.0,0.012900711,1
766.6099853515625,0.4,0.010275043000000001,0.7777777779999999,1.0,0.008161064,1
12.670000076293945,0.4,0.010275043000000001,0.7777777779999999,0.6,0.012656201,1
152.52999877929688,0.4,0.010275043000000001,0.7777777779999999,0.8,0.004549065942208836,1
41.2400016784668,0.4,0.010275043000000001,0.7777777779999999,0.6,0.007030806,1
31.649999618530273,0.4,0.010275043000000001,0.7777777779999999,0.6,0.008295214,1
16.579999923706055,0.4,0.010275043000000001,0.7777777779999999,0.8,0.021126912,1
56.459999084472656,0.4,0.010275043000000001,0.7777777779999999,1.0,0.007808692,1
106.91000366210938,0.6,0.006852725,0.622222222,0.4,0.012394499,0
627.9000244140625,0.6,0.006852725,0.622222222,0.8,0.012816046999999999,0
753.9299926757812,0.6,0.006852725,0.622222222,0.8,0.00956992,0
12.779999732971193,0.6,0.006852725,0.622222222,0.6,0.012908653999999999,1
144.0,0.6,0.006852725,0.622222222,0.6,0.015224530137666352,0
41.060001373291016,0.6,0.006852725,0.622222222,0.4,0.007755201,0
31.60000038146973,0.6,0.006852725,0.622222222,0.4,0.007411288,0
16.809999465942386,0.6,0.006852725,0.622222222,0.8,0.0160608,1
56.38999938964844,0.6,0.006852725,0.622222222,0.8,0.006804581999999999,0
107.12999725341795,0.4,0.004443749,0.5555555560000001,0.4,0.00990855,1
632.989990234375,0.4,0.004443749,0.5555555560000001,0.8,0.010574381,1
752.6699829101562,0.4,0.004443749,0.5555555560000001,0.6,0.007581453,0
12.800000190734865,0.4,0.004443749,0.5555555560000001,0.6,0.0063476719999999995,1
146.11000061035156,0.4,0.004443749,0.5555555560000001,0.6,0.01601649028013613,1
41.099998474121094,0.4,0.004443749,0.5555555560000001,0.4,0.003546247,1
32.0,0.4,0.004443749,0.5555555560000001,0.4,0.008248013,1
16.459999084472653,0.4,0.004443749,0.5555555560000001,0.6,0.015877177,0
55.59000015258789,0.4,0.004443749,0.5555555560000001,0.6,0.007080217,0
105.97000122070312,0.4,0.004566016,0.5111111110000001,0.2,0.011967036,0
631.0,0.4,0.004566016,0.5111111110000001,0.6,0.009274123,0
759.1400146484375,0.4,0.004566016,0.5111111110000001,0.6,0.0089069,1
12.59000015258789,0.4,0.004566016,0.5111111110000001,0.6,0.00820487,0
149.3000030517578,0.4,0.004566016,0.5111111110000001,0.8,0.020290502999678838,1
40.9900016784668,0.4,0.004566016,0.5111111110000001,0.4,0.003742612,0
31.96999931335449,0.4,0.004566016,0.5111111110000001,0.4,0.0063813509999999995,0
16.280000686645508,0.4,0.004566016,0.5111111110000001,0.4,0.011556137,0
55.77999877929688,0.4,0.004566016,0.5111111110000001,0.6,0.007727647,1
105.68000030517578,0.4,0.002711457,0.444444444,0.2,0.008500089,0
620.5,0.4,0.002711457,0.444444444,0.4,0.010946108000000001,0
718.77001953125,0.4,0.002711457,0.444444444,0.4,0.018002525,0
12.609999656677244,0.4,0.002711457,0.444444444,0.8,0.008044490999999999,1
148.5,0.4,0.002711457,0.444444444,0.6,0.020621241341271614,0
40.70000076293945,0.4,0.002711457,0.444444444,0.4,0.004090664,0
31.63999938964844,0.4,0.002711457,0.444444444,0.4,0.00630742,0
16.110000610351562,0.4,0.002711457,0.444444444,0.4,0.012917323999999999,0
51.77999877929688,0.4,0.002711457,0.444444444,0.4,0.021022014,0
105.08000183105469,0.6,0.002342926,0.4,0.2,0.005320624,0
626.2000122070312,0.6,0.002342926,0.4,0.4,0.009760457,1
723.1500244140625,0.6,0.002342926,0.4,0.4,0.017216008999999997,1
12.56999969482422,0.6,0.002342926,0.4,0.6,0.006282748,0
148.80999755859375,0.6,0.002342926,0.4,0.6,0.019970993304230616,1
40.77999877929688,0.6,0.002342926,0.4,0.4,0.003411122,1
31.38999938964844,0.6,0.002342926,0.4,0.2,0.006679811,0
16.299999237060547,0.6,0.002342926,0.4,0.4,0.013572933999999998,1
52.11000061035156,0.6,0.002342926,0.4,0.4,0.019385602,1
104.3499984741211,0.6,0.002997415,0.444444444,0.2,0.005649386,0
616.8800048828125,0.6,0.002997415,0.444444444,0.4,0.010391995,0
708.1400146484375,0.6,0.002997415,0.444444444,0.4,0.018059226,0
12.729999542236328,0.6,0.002997415,0.444444444,0.6,0.007092109,1
149.0800018310547,0.6,0.002997415,0.444444444,0.8,0.009149194422232913,1
40.650001525878906,0.6,0.002997415,0.444444444,0.4,0.003175735,0
31.399999618530273,0.6,0.002997415,0.444444444,0.4,0.006427576999999999,1
16.620000839233402,0.6,0.002997415,0.444444444,0.4,0.014724913000000001,1
51.43999862670898,0.6,0.002997415,0.444444444,0.4,0.021709131,0
97.81999969482422,0.6,0.003742193,0.4,0.0,0.017753407,0
606.5700073242188,0.6,0.003742193,0.4,0.2,0.012113355,0
705.8400268554688,0.6,0.003742193,0.4,0.4,0.01837456,0
12.760000228881836,0.6,0.003742193,0.4,0.6,0.007250451999999999,1
150.47000122070312,0.6,0.003742193,0.4,0.8,0.008083407770209088,1
40.849998474121094,0.6,0.003742193,0.4,0.4,0.003964907,1
31.75,0.6,0.003742193,0.4,0.4,0.006125235,1
16.489999771118164,0.6,0.003742193,0.4,0.4,0.012125113,0
50.93999862670898,0.6,0.003742193,0.4,0.4,0.020815764,0
94.83000183105469,0.6,0.006704928000000001,0.333333333,0.0,0.021701086,0
602.0,0.6,0.006704928000000001,0.333333333,0.2,0.012991431999999999,0
691.02001953125,0.6,0.006704928000000001,0.333333333,0.2,0.020854593,0
12.56999969482422,0.6,0.006704928000000001,0.333333333,0.6,0.006947266,0
147.07000732421875,0.6,0.006704928000000001,0.333333333,0.6,0.008235996424605947,0
40.33000183105469,0.6,0.006704928000000001,0.333333333,0.4,0.005975526,0
31.11000061035156,0.6,0.006704928000000001,0.333333333,0.4,0.009969223000000001,0
16.440000534057614,0.6,0.006704928000000001,0.333333333,0.4,0.010544431000000002,0
49.9000015258789,0.6,0.006704928000000001,0.333333333,0.2,0.024215416,0
93.73999786376952,0.4,0.009799681,0.355555556,0.0,0.023452618999999997,0
659.5900268554688,0.4,0.009799681,0.355555556,0.4,0.028796281,1
693.010009765625,0.4,0.009799681,0.355555556,0.4,0.010794831999999999,1
12.270000457763672,0.4,0.009799681,0.355555556,0.4,0.011402819,0
145.94000244140625,0.4,0.009799681,0.355555556,0.6,0.00870101435110365,0
39.86000061035156,0.4,0.009799681,0.355555556,0.4,0.00689132,0
30.28000068664551,0.4,0.009799681,0.355555556,0.4,0.013240692,0
15.720000267028807,0.4,0.009799681,0.355555556,0.4,0.017215105,0
49.86999893188477,0.4,0.009799681,0.355555556,0.2,0.009993609,0
93.63999938964844,0.4,0.013450357,0.355555556,0.0,0.022530471,0
683.8499755859375,0.4,0.013450357,0.355555556,0.4,0.034315118,1
698.2100219726562,0.4,0.013450357,0.355555556,0.4,0.011076785,1
12.119999885559082,0.4,0.013450357,0.355555556,0.4,0.013213398999999999,0
145.27000427246094,0.4,0.013450357,0.355555556,0.4,0.009201692252706829,0
40.29999923706055,0.4,0.013450357,0.355555556,0.4,0.008705929,1
30.61000061035156,0.4,0.013450357,0.355555556,0.6,0.01384007,1
15.729999542236328,0.4,0.013450357,0.355555556,0.4,0.014983556,1
50.61000061035156,0.4,0.013450357,0.355555556,0.2,0.011686701,1
95.18000030517578,0.2,0.015051153999999999,0.288888889,0.2,0.024430242,1
671.3200073242188,0.2,0.015051153999999999,0.288888889,0.4,0.035002967999999995,0
692.3599853515625,0.2,0.015051153999999999,0.288888889,0.4,0.008601224000000001,0
11.710000038146973,0.2,0.015051153999999999,0.288888889,0.2,0.017433332,0
144.1300048828125,0.2,0.015051153999999999,0.288888889,0.2,0.010408298071414251,0
39.68000030517578,0.2,0.015051153999999999,0.288888889,0.4,0.011145293,0
30.36000061035156,0.2,0.015051153999999999,0.288888889,0.4,0.015409807,0
14.979999542236328,0.2,0.015051153999999999,0.288888889,0.2,0.020593075,0
49.77999877929688,0.2,0.015051153999999999,0.288888889,0.2,0.012395202,0
94.19000244140624,0.4,0.015177372,0.26666666699999997,0.2,0.013994936000000001,0
670.9000244140625,0.4,0.015177372,0.26666666699999997,0.4,0.031785463,0
695.7000122070312,0.4,0.015177372,0.26666666699999997,0.6,0.008916462,1
11.59000015258789,0.4,0.015177372,0.26666666699999997,0.0,0.019011522,0
144.25,0.4,0.015177372,0.26666666699999997,0.2,0.008710037878379645,1
39.290000915527344,0.4,0.015177372,0.26666666699999997,0.2,0.012127021000000002,0
29.85000038146973,0.4,0.015177372,0.26666666699999997,0.2,0.016540191,0
14.850000381469727,0.4,0.015177372,0.26666666699999997,0.2,0.020764318,0
49.86999893188477,0.4,0.015177372,0.26666666699999997,0.4,0.010812781,1
93.23999786376952,0.6,0.013198138,0.37777777799999995,0.2,0.00989888,0
659.0900268554688,0.6,0.013198138,0.37777777799999995,0.4,0.03379927,0
701.4299926757812,0.6,0.013198138,0.37777777799999995,0.8,0.006364465,1
11.449999809265135,0.6,0.013198138,0.37777777799999995,0.0,0.018449339,0
146.47000122070312,0.6,0.013198138,0.37777777799999995,0.4,0.007268864064384664,1
39.22999954223633,0.6,0.013198138,0.37777777799999995,0.2,0.009886566,0
29.899999618530273,0.6,0.013198138,0.37777777799999995,0.4,0.012843702,1
14.859999656677244,0.6,0.013198138,0.37777777799999995,0.4,0.02029257,1
49.93999862670898,0.6,0.013198138,0.37777777799999995,0.6,0.007010285,1
92.72000122070312,0.8,0.012165785,0.488888889,0.2,0.008715415,0
673.9500122070312,0.8,0.012165785,0.488888889,0.4,0.019175614,1
711.1199951171875,0.8,0.012165785,0.488888889,0.8,0.008551435,1
11.59000015258789,0.8,0.012165785,0.488888889,0.2,0.016121502,1
147.2899932861328,0.8,0.012165785,0.488888889,0.6,0.006851846656568064,1
39.40999984741211,0.8,0.012165785,0.488888889,0.4,0.008473455,1
30.040000915527344,0.8,0.012165785,0.488888889,0.6,0.008444261,1
14.539999961853027,0.8,0.012165785,0.488888889,0.4,0.015840303,0
50.38999938964844,0.8,0.012165785,0.488888889,0.8,0.0086922,1
92.79000091552734,0.8,0.009420597,0.444444444,0.4,0.008653054,1
679.75,0.8,0.009420597,0.444444444,0.4,0.013540736999999999,1
712.9000244140625,0.8,0.009420597,0.444444444,0.8,0.0075513590000000005,1
11.43000030517578,0.8,0.009420597,0.444444444,0.2,0.016437503,0
147.33999633789062,0.8,0.009420597,0.444444444,0.8,0.006001561044293857,1
39.36000061035156,0.8,0.009420597,0.444444444,0.2,0.006519474,0
29.79999923706055,0.8,0.009420597,0.444444444,0.4,0.007862486,0
14.3100004196167,0.8,0.009420597,0.444444444,0.2,0.018876766,0
50.06999969482422,0.8,0.009420597,0.444444444,0.6,0.006994569,0
93.41999816894531,1.0,0.0073508290000000006,0.6,0.4,0.006721758,1
703.0700073242188,1.0,0.0073508290000000006,0.6,0.6,0.016737548,1
723.1799926757812,1.0,0.0073508290000000006,0.6,1.0,0.008759621,1
11.609999656677244,1.0,0.0073508290000000006,0.6,0.4,0.012821424,1
149.97000122070312,1.0,0.0073508290000000006,0.6,1.0,0.008002051564671422,1
40.02000045776367,1.0,0.0073508290000000006,0.6,0.4,0.006796214,1
30.13999938964844,1.0,0.0073508290000000006,0.6,0.6,0.008510913,1
13.449999809265135,1.0,0.0073508290000000006,0.6,0.2,0.021360422,0
51.02000045776367,1.0,0.0073508290000000006,0.6,0.8,0.007509269,1
92.51000213623048,0.8,0.009358713000000001,0.6,0.4,0.006589676,0
713.22998046875,0.8,0.009358713000000001,0.6,0.8,0.019502601,1
715.2899780273438,0.8,0.009358713000000001,0.6,0.8,0.00997683,0
11.6899995803833,0.8,0.009358713000000001,0.6,0.6,0.012150016999999999,1
148.9499969482422,0.8,0.009358713000000001,0.6,0.8,0.009195819747556632,0
39.650001525878906,0.8,0.009358713000000001,0.6,0.4,0.006679561,0
30.059999465942386,0.8,0.009358713000000001,0.6,0.6,0.005682083,0
13.3100004196167,0.8,0.009358713000000001,0.6,0.2,0.021706561,0
51.04999923706055,0.8,0.009358713000000001,0.6,0.8,0.007265273,1
90.33999633789062,0.8,0.00913771,0.5555555560000001,0.4,0.009263864,0
717.9299926757812,0.8,0.00913771,0.5555555560000001,1.0,0.017299909,1
713.3099975585938,0.8,0.00913771,0.5555555560000001,0.6,0.00888319,0
11.5600004196167,0.8,0.00913771,0.5555555560000001,0.6,0.011958244,0
148.83999633789062,0.8,0.00913771,0.5555555560000001,0.6,0.006265529846913806,0
39.81999969482422,0.8,0.00913771,0.5555555560000001,0.6,0.007231626999999999,1
29.76000022888184,0.8,0.00913771,0.5555555560000001,0.4,0.007343083,0
13.149999618530273,0.8,0.00913771,0.5555555560000001,0.0,0.02397611,0
51.5099983215332,0.8,0.00913771,0.5555555560000001,0.8,0.008786696,1
90.5199966430664,0.6,0.008069251999999999,0.444444444,0.6,0.008546966,1
709.9199829101562,0.6,0.008069251999999999,0.444444444,0.8,0.015022084,0
710.8300170898438,0.6,0.008069251999999999,0.444444444,0.4,0.006815607,0
11.5,0.6,0.008069251999999999,0.444444444,0.4,0.010550893,0
147.72000122070312,0.6,0.008069251999999999,0.444444444,0.4,0.006650822736714199,0
39.61000061035156,0.6,0.008069251999999999,0.444444444,0.4,0.0073687019999999995,0
29.90999984741211,0.6,0.008069251999999999,0.444444444,0.4,0.007414680999999999,1
12.6899995803833,0.6,0.008069251999999999,0.444444444,0.0,0.026665447999999998,0
51.08000183105469,0.6,0.008069251999999999,0.444444444,0.6,0.008654095,0
93.87999725341795,0.6,0.006758219,0.5555555560000001,0.6,0.015819748999999998,1
710.6599731445312,0.6,0.006758219,0.5555555560000001,0.8,0.013509363,1
716.489990234375,0.6,0.006758219,0.5555555560000001,0.4,0.007907477,1
11.640000343322756,0.6,0.006758219,0.5555555560000001,0.6,0.010224683,1
149.4600067138672,0.6,0.006758219,0.5555555560000001,0.4,0.00893874102171002,1
39.97000122070313,0.6,0.006758219,0.5555555560000001,0.6,0.008932689,1
30.38999938964844,0.6,0.006758219,0.5555555560000001,0.6,0.009026427,1
13.3100004196167,0.6,0.006758219,0.5555555560000001,0.2,0.033273255,1
51.83000183105469,0.6,0.006758219,0.5555555560000001,0.8,0.010320573000000001,1
93.48999786376952,0.4,0.01024505,0.37777777799999995,0.4,0.015292697,0
695.27001953125,0.4,0.01024505,0.37777777799999995,0.6,0.010979187,0
706.22998046875,0.4,0.01024505,0.37777777799999995,0.2,0.007887456,0
11.529999732971193,0.4,0.01024505,0.37777777799999995,0.4,0.008965133,0
148.0,0.4,0.01024505,0.37777777799999995,0.2,0.007322468978736811,0
39.599998474121094,0.4,0.01024505,0.37777777799999995,0.4,0.0074304340000000005,0
29.979999542236328,0.4,0.01024505,0.37777777799999995,0.4,0.009442800999999999,0
13.130000114440918,0.4,0.01024505,0.37777777799999995,0.2,0.023958418,0
50.5099983215332,0.4,0.01024505,0.37777777799999995,0.6,0.011619471000000001,0
94.55999755859376,0.6,0.008904701,0.444444444,0.6,0.015633529,1
697.4500122070312,0.6,0.008904701,0.444444444,0.6,0.008716105,1
706.6300048828125,0.6,0.008904701,0.444444444,0.4,0.005818706999999999,1
11.56999969482422,0.6,0.008904701,0.444444444,0.4,0.008280853000000001,1
147.33999633789062,0.6,0.008904701,0.444444444,0.2,0.006854088078332323,0
39.47000122070313,0.6,0.008904701,0.444444444,0.4,0.006237916,0
29.989999771118164,0.6,0.008904701,0.444444444,0.6,0.008978658,1
12.800000190734865,0.6,0.008904701,0.444444444,0.2,0.026903298,0
50.81000137329102,0.6,0.008904701,0.444444444,0.6,0.012689771,1
94.1999969482422,0.4,0.007175959,0.4,0.6,0.011703554,0
698.52001953125,0.4,0.007175959,0.4,0.6,0.007704988,1
700.3200073242188,0.4,0.007175959,0.4,0.4,0.007051031,0
11.4399995803833,0.4,0.007175959,0.4,0.4,0.008303936999999999,0
144.92999267578125,0.4,0.007175959,0.4,0.2,0.009977736925379631,0
38.84000015258789,0.4,0.007175959,0.4,0.2,0.008572725,0
29.6299991607666,0.4,0.007175959,0.4,0.6,0.00938346,0
12.789999961853027,0.4,0.007175959,0.4,0.2,0.024655332000000002,0
50.31999969482422,0.4,0.007175959,0.4,0.4,0.01281638,0
95.22000122070312,0.6,0.007457936,0.533333333,0.6,0.013470673,1
702.7999877929688,0.6,0.007457936,0.533333333,0.8,0.0066990090000000006,1
709.739990234375,0.6,0.007457936,0.533333333,0.6,0.009045881,1
11.65999984741211,0.6,0.007457936,0.533333333,0.6,0.011112027,1
147.25,0.6,0.007457936,0.533333333,0.4,0.011674327510498069,1
39.40999984741211,0.6,0.007457936,0.533333333,0.4,0.0104531,1
30.149999618530273,0.6,0.007457936,0.533333333,0.6,0.011885357,1
12.699999809265135,0.6,0.007457936,0.533333333,0.2,0.019066486,0
50.61999893188477,0.6,0.007457936,0.533333333,0.6,0.012339181000000001,1
96.43000030517578,0.4,0.007458085,0.4,0.6,0.008588379,1
696.75,0.4,0.007458085,0.4,0.6,0.008212219,0
704.239990234375,0.4,0.007458085,0.4,0.4,0.009003246999999999,0
11.670000076293945,0.4,0.007458085,0.4,0.6,0.008848769,1
146.77000427246094,0.4,0.007458085,0.4,0.2,0.009970458465550778,0
39.18000030517578,0.4,0.007458085,0.4,0.2,0.009802588000000001,0
30.229999542236328,0.4,0.007458085,0.4,0.6,0.009206411,1
12.479999542236328,0.4,0.007458085,0.4,0.0,0.01275957,0
50.02999877929688,0.4,0.007458085,0.4,0.4,0.011733706000000002,0
97.9000015258789,0.6,0.010141788,0.6,0.8,0.010806378,1
704.2000122070312,0.6,0.010141788,0.6,0.8,0.00601955,1
720.0900268554688,0.6,0.010141788,0.6,0.6,0.0106406,1
11.90999984741211,0.6,0.010141788,0.6,0.8,0.01107183,1
148.30999755859375,0.6,0.010141788,0.6,0.4,0.010115261868831998,1
39.900001525878906,0.6,0.010141788,0.6,0.4,0.011626537,1
31.059999465942386,0.6,0.010141788,0.6,0.8,0.011999389,1
12.649999618530273,0.6,0.010141788,0.6,0.2,0.012779192,1
51.59000015258789,0.6,0.010141788,0.6,0.6,0.012876381000000001,1
99.62000274658205,0.4,0.008844335,0.666666667,0.8,0.012031156000000001,1
708.3499755859375,0.4,0.008844335,0.666666667,0.8,0.00657109,1
725.27001953125,0.4,0.008844335,0.666666667,0.6,0.011966022,1
12.199999809265135,0.4,0.008844335,0.666666667,0.8,0.015247845,1
151.69000244140625,0.4,0.008844335,0.666666667,0.6,0.013781392050532543,1
40.13000106811523,0.4,0.008844335,0.666666667,0.6,0.012122865,1
31.38999938964844,0.4,0.008844335,0.666666667,0.8,0.014057596,1
12.9399995803833,0.4,0.008844335,0.666666667,0.4,0.012337517,1
52.11999893188477,0.4,0.008844335,0.666666667,0.6,0.013743143000000001,1
100.41000366210938,0.4,0.010278278,0.7555555559999999,1.0,0.012855762,1
714.9099731445312,0.4,0.010278278,0.7555555559999999,0.8,0.008116446999999999,1
724.1199951171875,0.4,0.010278278,0.7555555559999999,0.6,0.010497211000000001,0
13.039999961853027,0.4,0.010278278,0.7555555559999999,1.0,0.026771147000000002,1
152.44000244140625,0.4,0.010278278,0.7555555559999999,0.8,0.011498900651222674,1
39.95000076293945,0.4,0.010278278,0.7555555559999999,0.6,0.009827648000000001,0
31.489999771118164,0.4,0.010278278,0.7555555559999999,1.0,0.012293938999999999,1
12.300000190734865,0.4,0.010278278,0.7555555559999999,0.4,0.022073062,0
51.88999938964844,0.4,0.010278278,0.7555555559999999,0.6,0.012696958999999999,0
100.3499984741211,0.4,0.010437573,0.7333333329999999,0.8,0.010809668,0
712.239990234375,0.4,0.010437573,0.7333333329999999,0.6,0.00763795,0
732.6599731445312,0.4,0.010437573,0.7333333329999999,0.6,0.010165736,1
13.170000076293945,0.4,0.010437573,0.7333333329999999,1.0,0.024918855,1
152.83999633789062,0.4,0.010437573,0.7333333329999999,0.8,0.008822133433588229,1
40.06999969482422,0.4,0.010437573,0.7333333329999999,0.6,0.007493276,1
31.56999969482422,0.4,0.010437573,0.7333333329999999,1.0,0.009292077,1
12.31999969482422,0.4,0.010437573,0.7333333329999999,0.6,0.020990906,1
52.31999969482422,0.4,0.010437573,0.7333333329999999,0.6,0.013161946,1
99.86000061035156,0.6,0.011315885,0.8444444440000001,0.6,0.009244765,0
722.7899780273438,0.6,0.011315885,0.8444444440000001,0.8,0.00887875,1
735.719970703125,0.6,0.011315885,0.8444444440000001,0.8,0.009451185,1
13.380000114440918,0.6,0.011315885,0.8444444440000001,1.0,0.027936391,1
153.74000549316406,0.6,0.011315885,0.8444444440000001,1.0,0.0093479009554223,1
40.20000076293945,0.6,0.011315885,0.8444444440000001,0.8,0.006974932,1
31.59000015258789,0.6,0.011315885,0.8444444440000001,1.0,0.008888103,1
12.34000015258789,0.6,0.011315885,0.8444444440000001,0.8,0.017851017,1
53.0,0.6,0.011315885,0.8444444440000001,0.8,0.013430241,1
98.45999908447266,0.4,0.0061085390000000005,0.7111111109999999,0.4,0.008999847,0
719.4400024414062,0.4,0.0061085390000000005,0.7111111109999999,0.6,0.007667204,0
734.1500244140625,0.4,0.0061085390000000005,0.7111111109999999,0.6,0.005376646,0
13.4399995803833,0.4,0.0061085390000000005,0.7111111109999999,1.0,0.024720138,1
152.50999450683594,0.4,0.0061085390000000005,0.7111111109999999,0.8,0.008849506975843968,0
40.2599983215332,0.4,0.0061085390000000005,0.7111111109999999,0.8,0.0035980770000000003,1
31.65999984741211,0.4,0.0061085390000000005,0.7111111109999999,1.0,0.0038400459999999997,1
11.979999542236328,0.4,0.0061085390000000005,0.7111111109999999,0.6,0.020961351,0
52.849998474121094,0.4,0.0061085390000000005,0.7111111109999999,0.6,0.00776002,0
97.72000122070312,0.4,0.00711473,0.6,0.2,0.006989199000000001,0
728.239990234375,0.4,0.00711473,0.6,0.6,0.008934915,1
730.4000244140625,0.4,0.00711473,0.6,0.4,0.004959529,0
13.539999961853027,0.4,0.00711473,0.6,1.0,0.021338382000000003,1
153.5,0.4,0.00711473,0.6,0.8,0.0055897627268108796,1
38.65999984741211,0.4,0.00711473,0.6,0.6,0.010393525,0
31.76000022888184,0.4,0.00711473,0.6,1.0,0.002346841,1
11.6899995803833,0.4,0.00711473,0.6,0.4,0.021217773,0
52.47999954223633,0.4,0.00711473,0.6,0.4,0.007105548000000001,0
97.91999816894531,0.4,0.005894664,0.5555555560000001,0.2,0.005812497,1
725.5399780273438,0.4,0.005894664,0.5555555560000001,0.4,0.007824241,0
722.3400268554688,0.4,0.005894664,0.5555555560000001,0.4,0.006849408,0
13.4399995803833,0.4,0.005894664,0.5555555560000001,0.8,0.009044998,0
152.88999938964844,0.4,0.005894664,0.5555555560000001,0.6,0.005395692954709085,0
39.099998474121094,0.4,0.005894664,0.5555555560000001,0.8,0.011772686999999999,1
31.6200008392334,0.4,0.005894664,0.5555555560000001,0.8,0.002591302,0
12.020000457763672,0.4,0.005894664,0.5555555560000001,0.6,0.01697184,1
51.790000915527344,0.4,0.005894664,0.5555555560000001,0.4,0.00885254,0
98.62999725341795,0.4,0.004079684,0.533333333,0.4,0.007143139000000001,1
726.72998046875,0.4,0.004079684,0.533333333,0.6,0.007405330999999999,1
716.5499877929688,0.4,0.004079684,0.533333333,0.2,0.006093823000000001,0
13.670000076293945,0.4,0.004079684,0.533333333,0.8,0.010473758,1
152.72999572753906,0.4,0.004079684,0.533333333,0.4,0.005080209925424378,0
39.43999862670898,0.4,0.004079684,0.533333333,0.8,0.012911071999999999,1
31.68000030517578,0.4,0.004079684,0.533333333,0.8,0.002462708,1
12.020000457763672,0.4,0.004079684,0.533333333,0.4,0.016646645,0
52.13000106811523,0.4,0.004079684,0.533333333,0.4,0.008508182,1
99.02999877929688,0.2,0.003781172,0.488888889,0.6,0.0069776759999999995,1
723.739990234375,0.2,0.003781172,0.488888889,0.4,0.005265711,0
716.6500244140625,0.2,0.003781172,0.488888889,0.2,0.005286433,1
13.6899995803833,0.2,0.003781172,0.488888889,0.8,0.007577295,1
153.3300018310547,0.2,0.003781172,0.488888889,0.4,0.00468820401468187,1
39.13000106811523,0.2,0.003781172,0.488888889,0.6,0.013834198,0
31.8799991607666,0.2,0.003781172,0.488888889,0.8,0.0035986209999999998,1
12.119999885559082,0.2,0.003781172,0.488888889,0.4,0.017985846,1
52.099998474121094,0.2,0.003781172,0.488888889,0.2,0.006023899,0
98.94000244140624,0.4,0.003556037,0.577777778,0.6,0.004355503,0
726.6400146484375,0.4,0.003556037,0.577777778,0.6,0.005140154,1
728.280029296875,0.4,0.003556037,0.577777778,0.4,0.008105312,1
13.869999885559082,0.4,0.003556037,0.577777778,0.8,0.009310104,1
154.0,0.4,0.003556037,0.577777778,0.6,0.00396201535113719,1
39.27999877929688,0.4,0.003556037,0.577777778,0.6,0.014302367,1
31.88999938964844,0.4,0.003556037,0.577777778,0.8,0.003218182,1
12.359999656677244,0.4,0.003556037,0.577777778,0.6,0.016111544,1
52.040000915527344,0.4,0.003556037,0.577777778,0.2,0.005688171999999999,0
99.6500015258789,0.6,0.003533381,0.577777778,0.8,0.004287571,1
727.6500244140625,0.6,0.003533381,0.577777778,0.6,0.002971805,1
728.5800170898438,0.6,0.003533381,0.577777778,0.6,0.007166105,1
13.84000015258789,0.6,0.003533381,0.577777778,0.6,0.008254586999999999,0
153.4199981689453,0.6,0.003533381,0.577777778,0.4,0.003416981709021245,0
39.04999923706055,0.6,0.003533381,0.577777778,0.6,0.007525115,0
31.940000534057607,0.6,0.003533381,0.577777778,0.8,0.002900052,1
12.34000015258789,0.6,0.003533381,0.577777778,0.6,0.011593758999999999,0
51.61999893188477,0.6,0.003533381,0.577777778,0.2,0.005902138,0
98.83000183105469,0.6,0.003531474,0.5555555560000001,0.6,0.005524004,0
717.9099731445312,0.6,0.003531474,0.5555555560000001,0.6,0.004907413,0
719.4099731445312,0.6,0.003531474,0.5555555560000001,0.6,0.007476334,0
13.5,0.6,0.003531474,0.5555555560000001,0.6,0.011690773,0
152.3699951171875,0.6,0.003531474,0.5555555560000001,0.4,0.003990988187401498,0
38.7400016784668,0.6,0.003531474,0.5555555560000001,0.4,0.006836563,0
32.040000915527344,0.6,0.003531474,0.5555555560000001,1.0,0.0026446209999999998,1
12.390000343322756,0.6,0.003531474,0.5555555560000001,0.6,0.006758269,1
51.47999954223633,0.6,0.003531474,0.5555555560000001,0.2,0.003814993,0
97.33999633789062,0.4,0.004780432,0.46666666700000003,0.4,0.007089132,0
715.239990234375,0.4,0.004780432,0.46666666700000003,0.4,0.005323201999999999,0
718.3599853515625,0.4,0.004780432,0.46666666700000003,0.6,0.0061651019999999996,0
13.029999732971193,0.4,0.004780432,0.46666666700000003,0.4,0.015231113999999999,0
151.27999877929688,0.4,0.004780432,0.46666666700000003,0.4,0.005212405664098321,0
38.61999893188477,0.4,0.004780432,0.46666666700000003,0.2,0.005716961,0
32.169998168945305,0.4,0.004780432,0.46666666700000003,1.0,0.0030765859999999996,1
12.56999969482422,0.4,0.004780432,0.46666666700000003,0.8,0.009663827,1
50.13999938964844,0.4,0.004780432,0.46666666700000003,0.0,0.007707903,0
97.45999908447266,0.4,0.004719234,0.42222222200000004,0.4,0.006524581,1
719.2999877929688,0.4,0.004719234,0.42222222200000004,0.6,0.005635623,1
718.27001953125,0.4,0.004719234,0.42222222200000004,0.4,0.0061622280000000005,0
13.050000190734865,0.4,0.004719234,0.42222222200000004,0.4,0.015245500000000002,1
151.05999755859375,0.4,0.004719234,0.42222222200000004,0.2,0.004717550411764736,0
38.83000183105469,0.4,0.004719234,0.42222222200000004,0.4,0.0052325,1
32.139999389648445,0.4,0.004719234,0.42222222200000004,0.8,0.002000468,0
12.170000076293945,0.4,0.004719234,0.42222222200000004,0.6,0.014364297,0
49.83000183105469,0.4,0.004719234,0.42222222200000004,0.0,0.008829324,0
97.13999938964844,0.2,0.003979504,0.288888889,0.4,0.006999504,0
714.260009765625,0.2,0.003979504,0.288888889,0.4,0.00623558,0
718.9199829101562,0.2,0.003979504,0.288888889,0.4,0.00309755,1
13.0,0.2,0.003979504,0.288888889,0.2,0.013382126000000001,0
150.67999267578125,0.2,0.003979504,0.288888889,0.0,0.004346738587933047,0
38.43999862670898,0.2,0.003979504,0.288888889,0.2,0.006474609,0
31.61000061035156,0.2,0.003979504,0.288888889,0.6,0.005235795,0
12.15999984741211,0.2,0.003979504,0.288888889,0.4,0.010568247,0
49.68999862670898,0.2,0.003979504,0.288888889,0.0,0.009160931,0
97.5500030517578,0.2,0.002907984,0.333333333,0.4,0.006408443000000001,1
717.510009765625,0.2,0.002907984,0.333333333,0.4,0.006867618000000001,1
710.3599853515625,0.2,0.002907984,0.333333333,0.2,0.005396516999999999,0
12.979999542236328,0.2,0.002907984,0.333333333,0.2,0.013257241000000001,0
151.05999755859375,0.2,0.002907984,0.333333333,0.2,0.004097876105596419,1
38.63999938964844,0.2,0.002907984,0.333333333,0.4,0.006344118,1
31.690000534057607,0.2,0.002907984,0.333333333,0.6,0.005428378,1
12.119999885559082,0.2,0.002907984,0.333333333,0.4,0.010902523999999999,0
50.38999938964844,0.2,0.002907984,0.333333333,0.2,0.010364252,1
95.33000183105469,0.2,0.005777254,0.4,0.4,0.009314197,0
706.3900146484375,0.2,0.005777254,0.4,0.4,0.007290100000000001,0
691.719970703125,0.2,0.005777254,0.4,0.2,0.008127327,0
13.119999885559082,0.2,0.005777254,0.4,0.4,0.010501113999999999,1
151.99000549316406,0.2,0.005777254,0.4,0.4,0.003960389905105081,1
39.68000030517578,0.2,0.005777254,0.4,0.6,0.01013945,1
31.76000022888184,0.2,0.005777254,0.4,0.6,0.00524398,1
12.229999542236328,0.2,0.005777254,0.4,0.4,0.011907323999999999,1
50.13000106811523,0.2,0.005777254,0.4,0.2,0.010853773,0
95.0999984741211,0.2,0.006817276999999999,0.488888889,0.4,0.006781449,0
714.010009765625,0.2,0.006817276999999999,0.488888889,0.6,0.008703726,1
693.7100219726562,0.2,0.006817276999999999,0.488888889,0.4,0.008410817,1
13.06999969482422,0.2,0.006817276999999999,0.488888889,0.4,0.004300345,0
153.61000061035156,0.2,0.006817276999999999,0.488888889,0.6,0.004661379522390054,1
39.72999954223633,0.2,0.006817276999999999,0.488888889,0.8,0.009771934,1
32.169998168945305,0.2,0.006817276999999999,0.488888889,0.6,0.007014362,1
12.260000228881836,0.2,0.006817276999999999,0.488888889,0.4,0.009492374,1
50.06999969482422,0.2,0.006817276999999999,0.488888889,0.2,0.00588725,0
95.91000366210938,0.2,0.006521899,0.577777778,0.4,0.008238366,1
715.8200073242188,0.2,0.006521899,0.577777778,0.6,0.008075438,1
695.9400024414062,0.2,0.006521899,0.577777778,0.6,0.009028683000000001,1
13.329999923706055,0.2,0.006521899,0.577777778,0.4,0.007971935,1
154.0500030517578,0.2,0.006521899,0.577777778,0.8,0.004943409051099238,1
39.9900016784668,0.2,0.006521899,0.577777778,0.8,0.009993245,1
32.31999969482422,0.2,0.006521899,0.577777778,0.8,0.007760416,1
12.109999656677244,0.2,0.006521899,0.577777778,0.4,0.005575012,0
51.18999862670898,0.2,0.006521899,0.577777778,0.4,0.009124455,1
95.5500030517578,0.4,0.0066256480000000005,0.622222222,0.4,0.008332392,0
710.5999755859375,0.4,0.0066256480000000005,0.622222222,0.6,0.008132558,0
697.4600219726562,0.4,0.0066256480000000005,0.622222222,0.6,0.009284528,1
12.609999656677244,0.4,0.0066256480000000005,0.622222222,0.4,0.018008353,0
152.9199981689453,0.4,0.0066256480000000005,0.622222222,0.8,0.005907353692544958,0
40.0099983215332,0.4,0.0066256480000000005,0.622222222,1.0,0.00808448,1
32.290000915527344,0.4,0.0066256480000000005,0.622222222,0.8,0.004647989,0
12.279999732971193,0.4,0.0066256480000000005,0.622222222,0.6,0.008218268,1
50.9900016784668,0.4,0.0066256480000000005,0.622222222,0.4,0.009343922,0
96.0999984741211,0.4,0.010532391,0.688888889,0.4,0.008639461999999999,1
722.0800170898438,0.4,0.010532391,0.688888889,0.6,0.010453609,1
701.8699951171875,0.4,0.010532391,0.688888889,0.8,0.00816776,1
12.949999809265135,0.4,0.010532391,0.688888889,0.6,0.023093202,1
155.35000610351562,0.4,0.010532391,0.688888889,0.8,0.008581109815897915,1
40.83000183105469,0.4,0.010532391,0.688888889,1.0,0.011142886000000001,1
32.990001678466804,0.4,0.010532391,0.688888889,0.8,0.008477532,1
12.479999542236328,0.4,0.010532391,0.688888889,0.8,0.010817700000000001,1
51.90999984741211,0.4,0.010532391,0.688888889,0.4,0.010134994,1
93.4000015258789,0.4,0.011797648999999999,0.577777778,0.4,0.009707088000000001,0
698.9600219726562,0.4,0.011797648999999999,0.577777778,0.6,0.013757723000000001,0
675.219970703125,0.4,0.011797648999999999,0.577777778,0.8,0.010513718,0
12.260000228881836,0.4,0.011797648999999999,0.577777778,0.4,0.031592396,0
146.58999633789062,0.4,0.011797648999999999,0.577777778,0.6,0.01862757249548074,0
39.22999954223633,0.4,0.011797648999999999,0.577777778,0.8,0.013597244,0
31.54999923706055,0.4,0.011797648999999999,0.577777778,0.6,0.016765686999999998,0
11.949999809265135,0.4,0.011797648999999999,0.577777778,0.6,0.01749611,0
49.83000183105469,0.4,0.011797648999999999,0.577777778,0.4,0.017116911999999998,0
92.04000091552734,0.4,0.014308385,0.444444444,0.4,0.012136753,0
691.3599853515625,0.4,0.014308385,0.444444444,0.4,0.013774946000000001,0
668.260009765625,0.4,0.014308385,0.444444444,0.6,0.011999865,0
11.550000190734865,0.4,0.014308385,0.444444444,0.4,0.04241258,0
143.5,0.4,0.014308385,0.444444444,0.4,0.02071169501280401,0
38.47999954223633,0.4,0.014308385,0.444444444,0.6,0.017168836,0
30.71999931335449,0.4,0.014308385,0.444444444,0.4,0.019445326000000002,0
11.710000038146973,0.4,0.014308385,0.444444444,0.4,0.021022234,0
48.43000030517578,0.4,0.014308385,0.444444444,0.4,0.02249664,0
93.58999633789062,0.6,0.017737186999999998,0.46666666700000003,0.4,0.013801363,1
707.9500122070312,0.6,0.017737186999999998,0.46666666700000003,0.4,0.018067195,1
680.0399780273438,0.6,0.017737186999999998,0.46666666700000003,0.6,0.014882515,1
11.789999961853027,0.6,0.017737186999999998,0.46666666700000003,0.4,0.04258984,1
145.6999969482422,0.6,0.017737186999999998,0.46666666700000003,0.4,0.0232050103038115,1
39.13000106811523,0.6,0.017737186999999998,0.46666666700000003,0.6,0.019238377,1
31.190000534057607,0.6,0.017737186999999998,0.46666666700000003,0.4,0.021572674,1
11.8100004196167,0.6,0.017737186999999998,0.46666666700000003,0.6,0.020283191000000002,1
49.43999862670898,0.6,0.017737186999999998,0.46666666700000003,0.4,0.022193868999999998,1
94.4000015258789,0.6,0.022116432999999998,0.6,0.6,0.014781623999999998,1
715.5999755859375,0.6,0.022116432999999998,0.6,0.6,0.018769878,1
684.1099853515625,0.6,0.022116432999999998,0.6,0.6,0.015642681000000002,1
12.18000030517578,0.6,0.022116432999999998,0.6,0.6,0.038402917,1
148.4600067138672,0.6,0.022116432999999998,0.6,0.6,0.02552656805363445,1
40.54999923706055,0.6,0.022116432999999998,0.6,0.6,0.026396218,1
31.93000030517578,0.6,0.022116432999999998,0.6,0.6,0.026132147,1
12.050000190734865,0.6,0.022116432999999998,0.6,0.6,0.021539941,1
50.540000915527344,0.6,0.022116432999999998,0.6,0.6,0.025862326,1
95.5999984741211,0.6,0.019741883999999998,0.6,0.6,0.01617277,1
715.6199951171875,0.6,0.019741883999999998,0.6,0.6,0.01554439,1
692.0999755859375,0.6,0.019741883999999998,0.6,0.6,0.016713979,1
12.550000190734865,0.6,0.019741883999999998,0.6,0.6,0.03908590000000001,1
151.77999877929688,0.6,0.019741883999999998,0.6,0.6,0.026820999598080864,1
40.93000030517578,0.6,0.019741883999999998,0.6,0.6,0.02417146,1
32.799999237060554,0.6,0.019741883999999998,0.6,0.6,0.027245849,1
12.079999923706055,0.6,0.019741883999999998,0.6,0.6,0.018780536,1
51.16999816894531,0.6,0.019741883999999998,0.6,0.6,0.024746846,1
95.88999938964844,0.8,0.015672929,0.7333333329999999,0.8,0.011160326000000002,1
725.6799926757812,0.8,0.015672929,0.7333333329999999,0.8,0.011952216000000002,1
699.2100219726562,0.8,0.015672929,0.7333333329999999,0.8,0.011174601999999999,1
12.729999542236328,0.8,0.015672929,0.7333333329999999,0.8,0.031298051,1
152.35000610351562,0.8,0.015672929,0.7333333329999999,0.8,0.01629432432863618,1
40.86000061035156,0.8,0.015672929,0.7333333329999999,0.6,0.01667612,0
32.75,0.8,0.015672929,0.7333333329999999,0.6,0.01882079,0
12.239999771118164,0.8,0.015672929,0.7333333329999999,0.8,0.012935954,1
51.15999984741211,0.8,0.015672929,0.7333333329999999,0.6,0.016772063,0
94.98999786376952,0.8,0.011244617,0.7777777779999999,0.8,0.010125273,0
728.0999755859375,0.8,0.011244617,0.7777777779999999,1.0,0.010444502,1
694.9500122070312,0.8,0.011244617,0.7777777779999999,0.8,0.010331584,0
12.359999656677244,0.8,0.011244617,0.7777777779999999,0.8,0.025528707999999997,0
151.67999267578125,0.8,0.011244617,0.7777777779999999,0.8,0.01295806037306155,0
40.400001525878906,0.8,0.011244617,0.7777777779999999,0.6,0.015104102,0
32.68000030517578,0.8,0.011244617,0.7777777779999999,0.6,0.013986779,0
11.970000267028807,0.8,0.011244617,0.7777777779999999,0.8,0.013330978,0
51.16999816894531,0.8,0.011244617,0.7777777779999999,0.8,0.011192038,1
95.52999877929688,0.8,0.007899881999999999,0.7555555559999999,0.8,0.007894146,1
737.6099853515625,0.8,0.007899881999999999,0.7555555559999999,1.0,0.008257539,1
697.77001953125,0.8,0.007899881999999999,0.7555555559999999,0.8,0.007617591,1
12.600000381469727,0.8,0.007899881999999999,0.7555555559999999,0.8,0.025256375,1
152.3699951171875,0.8,0.007899881999999999,0.7555555559999999,0.8,0.010801675925458738,1
40.52999877929688,0.8,0.007899881999999999,0.7555555559999999,0.6,0.012369266,1
32.970001220703125,0.8,0.007899881999999999,0.7555555559999999,0.6,0.012701667,1
11.9399995803833,0.8,0.007899881999999999,0.7555555559999999,0.6,0.012124293999999999,0
51.38000106811523,0.8,0.007899881999999999,0.7555555559999999,0.8,0.007841882,1
95.94000244140624,0.8,0.003695576,0.644444444,0.8,0.0070215569999999995,1
736.5700073242188,0.8,0.003695576,0.644444444,0.8,0.006378366,0
695.3599853515625,0.8,0.003695576,0.644444444,0.6,0.007111383000000001,0
12.850000381469727,0.8,0.003695576,0.644444444,0.8,0.022608846000000002,1
152.60000610351562,0.8,0.003695576,0.644444444,0.8,0.007314966843933709,1
40.52999877929688,0.8,0.003695576,0.644444444,0.4,0.0051114179999999995,0
33.200000762939446,0.8,0.003695576,0.644444444,0.6,0.009351763,1
11.380000114440918,0.8,0.003695576,0.644444444,0.4,0.017440172,0
51.38000106811523,0.8,0.003695576,0.644444444,0.6,0.0033920340000000004,0
96.68000030517578,0.8,0.004843099,0.644444444,0.8,0.006021817,1
745.8099975585938,0.8,0.004843099,0.644444444,0.8,0.008881694,1
705.6300048828125,0.8,0.004843099,0.644444444,0.6,0.007729375,1
13.079999923706055,0.8,0.004843099,0.644444444,0.8,0.020113073999999998,1
154.4600067138672,0.8,0.004843099,0.644444444,0.8,0.0052801389701635434,1
40.86999893188477,0.8,0.004843099,0.644444444,0.4,0.004914953,1
34.0,0.8,0.004843099,0.644444444,0.6,0.008721621,1
11.649999618530273,0.8,0.004843099,0.644444444,0.4,0.021687408999999998,1
52.29999923706055,0.8,0.004843099,0.644444444,0.6,0.004480123,1
96.9800033569336,0.8,0.0062035530000000005,0.688888889,0.8,0.006035731,1
753.780029296875,0.8,0.0062035530000000005,0.688888889,0.8,0.008207429,1
715.0900268554688,0.8,0.0062035530000000005,0.688888889,0.6,0.008356043,1
13.15999984741211,0.8,0.0062035530000000005,0.688888889,0.8,0.018467799,1
155.3300018310547,0.8,0.0062035530000000005,0.688888889,0.8,0.005655541085955704,1
40.77999877929688,0.8,0.0062035530000000005,0.688888889,0.4,0.005013329,0
34.380001068115234,0.8,0.0062035530000000005,0.688888889,0.8,0.010652048,1
11.65999984741211,0.8,0.0062035530000000005,0.688888889,0.4,0.019210083,1
52.59000015258789,0.8,0.0062035530000000005,0.688888889,0.8,0.0055500340000000006,1
97.41999816894531,1.0,0.008297137,0.8222222220000001,1.0,0.00506597,1
748.2100219726562,1.0,0.008297137,0.8222222220000001,0.6,0.00901836,0
720.6400146484375,1.0,0.008297137,0.8222222220000001,0.8,0.008689770999999999,1
13.720000267028807,1.0,0.008297137,0.8222222220000001,1.0,0.021165405,1
157.0399932861328,1.0,0.008297137,0.8222222220000001,1.0,0.006977722792490082,1
41.41999816894531,1.0,0.008297137,0.8222222220000001,0.6,0.005900533,1
34.939998626708984,1.0,0.008297137,0.8222222220000001,1.0,0.013482263000000001,1
11.880000114440918,1.0,0.008297137,0.8222222220000001,0.6,0.018571916,1
53.209999084472656,1.0,0.008297137,0.8222222220000001,0.8,0.007868805999999999,1
96.87000274658205,0.8,0.008248648,0.7555555559999999,0.8,0.005058129000000001,0
742.6300048828125,0.8,0.008248648,0.7555555559999999,0.4,0.007897643000000001,0
716.97998046875,0.8,0.008248648,0.7555555559999999,0.6,0.008893973000000001,0
13.8100004196167,0.8,0.008248648,0.7555555559999999,1.0,0.018593854,1
158.02000427246094,0.8,0.008248648,0.7555555559999999,1.0,0.007316013106624583,1
41.459999084472656,0.8,0.008248648,0.7555555559999999,0.6,0.00545013,1
35.009998321533196,0.8,0.008248648,0.7555555559999999,1.0,0.012108157,1
11.8100004196167,0.8,0.008248648,0.7555555559999999,0.6,0.019249097,0
53.5099983215332,0.8,0.008248648,0.7555555559999999,0.8,0.008175606,1
98.79000091552734,0.8,0.008288094000000001,0.8222222220000001,0.8,0.008163823,1
741.2000122070312,0.8,0.008288094000000001,0.8222222220000001,0.4,0.008000773000000001,0
720.9500122070312,0.8,0.008288094000000001,0.8222222220000001,0.8,0.009310623,1
13.800000190734865,0.8,0.008288094000000001,0.8222222220000001,0.8,0.014770426000000001,0
160.27999877929688,0.8,0.008288094000000001,0.8222222220000001,1.0,0.0098744923657507,1
41.66999816894531,0.8,0.008288094000000001,0.8222222220000001,0.8,0.0064631509999999994,1
35.20000076293945,0.8,0.008288094000000001,0.8222222220000001,1.0,0.01179837,1
12.210000038146973,0.8,0.008288094000000001,0.8222222220000001,0.8,0.016642785,1
53.7400016784668,0.8,0.008288094000000001,0.8222222220000001,1.0,0.009035271,1
98.77999877929688,0.8,0.005746224,0.666666667,0.6,0.006641446,0
735.4400024414062,0.8,0.005746224,0.666666667,0.2,0.007046088000000001,0
719.8499755859375,0.8,0.005746224,0.666666667,0.6,0.006661915,0
13.850000381469727,0.8,0.005746224,0.666666667,0.8,0.011915307,1
159.77999877929688,0.8,0.005746224,0.666666667,0.8,0.008060654088288738,0
41.77000045776367,0.8,0.005746224,0.666666667,0.8,0.005265353,1
35.06999969482422,0.8,0.005746224,0.666666667,0.8,0.00771774,0
12.210000038146973,0.8,0.005746224,0.666666667,0.6,0.011897627,0
53.70000076293945,0.8,0.005746224,0.666666667,0.8,0.005602986999999999,0
99.83000183105469,0.8,0.004343128,0.644444444,0.6,0.008146779,1
736.0700073242188,0.8,0.004343128,0.644444444,0.2,0.005080133,1
733.780029296875,0.8,0.004343128,0.644444444,0.6,0.007850882,1
13.9399995803833,0.8,0.004343128,0.644444444,0.8,0.011991693999999999,1
159.86000061035156,0.8,0.004343128,0.644444444,0.8,0.0070342951976652465,1
41.63999938964844,0.8,0.004343128,0.644444444,0.8,0.005447393000000001,0
35.049999237060554,0.8,0.004343128,0.644444444,0.6,0.0055965,0
13.050000190734865,0.8,0.004343128,0.644444444,0.6,0.025485165,1
53.959999084472656,0.8,0.004343128,0.644444444,0.8,0.005462333000000001,1
99.87000274658205,0.8,0.003084267,0.577777778,0.6,0.007319524,1
739.9500122070312,0.8,0.003084267,0.577777778,0.4,0.004656495,1
736.9600219726562,0.8,0.003084267,0.577777778,0.6,0.007165377,1
14.050000190734865,0.8,0.003084267,0.577777778,0.8,0.00505925,1
159.5800018310547,0.8,0.003084267,0.577777778,0.6,0.005182847229200385,0
41.08000183105469,0.8,0.003084267,0.577777778,0.6,0.004998312,0
35.150001525878906,0.8,0.003084267,0.577777778,0.6,0.002909432,1
12.960000038146973,0.8,0.003084267,0.577777778,0.4,0.023090889,0
53.09000015258789,0.8,0.003084267,0.577777778,0.6,0.006329080999999999,0
99.95999908447266,0.8,0.003637879,0.666666667,0.8,0.006370629,1
745.719970703125,0.8,0.003637879,0.666666667,0.6,0.004724485,1
741.1900024414062,0.8,0.003637879,0.666666667,0.8,0.007297557,1
14.15999984741211,0.8,0.003637879,0.666666667,0.8,0.005313126,1
161.36000061035156,0.8,0.003637879,0.666666667,0.6,0.006165597966897285,1
41.25,0.8,0.003637879,0.666666667,0.6,0.005632808,1
35.689998626708984,0.8,0.003637879,0.666666667,0.6,0.005581277,1
13.449999809265135,0.8,0.003637879,0.666666667,0.6,0.029474167000000003,1
55.90999984741211,0.8,0.003637879,0.666666667,0.6,0.015824945,1
99.43000030517578,0.6,0.004134759,0.533333333,0.6,0.0034669790000000002,0
744.4299926757812,0.6,0.004134759,0.533333333,0.6,0.004685337,0
738.6300048828125,0.6,0.004134759,0.533333333,0.6,0.006880906,0
14.0,0.6,0.004134759,0.533333333,0.8,0.007428185,0
160.4499969482422,0.6,0.004134759,0.533333333,0.4,0.0044331248551627645,0
41.06999969482422,0.6,0.004134759,0.533333333,0.4,0.005492517,0
34.27000045776367,0.6,0.004134759,0.533333333,0.4,0.01245326,0
13.460000038146973,0.6,0.004134759,0.533333333,0.6,0.022848956,1
55.79999923706055,0.6,0.004134759,0.533333333,0.4,0.015358772,0
98.66000366210938,0.6,0.0049659859999999995,0.666666667,0.6,0.004995551,0
744.8599853515625,0.6,0.0049659859999999995,0.666666667,0.8,0.003246621,1
742.739990234375,0.6,0.0049659859999999995,0.666666667,0.8,0.00768861,1
14.109999656677244,0.6,0.0049659859999999995,0.666666667,0.8,0.008274968,1
162.07000732421875,0.6,0.0049659859999999995,0.666666667,0.6,0.0058285503223369185,1
41.08000183105469,0.6,0.0049659859999999995,0.666666667,0.4,0.0050612520000000005,1
34.65999984741211,0.6,0.0049659859999999995,0.666666667,0.6,0.013990657,1
13.579999923706055,0.6,0.0049659859999999995,0.666666667,0.8,0.024632015,1
56.56999969482422,0.6,0.0049659859999999995,0.666666667,0.6,0.017969762,1
97.33999633789062,0.6,0.006617061,0.622222222,0.4,0.00554548,0
739.6099853515625,0.6,0.006617061,0.622222222,0.6,0.004484955,0
739.77001953125,0.6,0.006617061,0.622222222,0.6,0.004618078,0
14.15999984741211,0.6,0.006617061,0.622222222,0.8,0.007684061,1
162.64999389648438,0.6,0.006617061,0.622222222,0.6,0.006444133849941773,1
41.15999984741211,0.6,0.006617061,0.622222222,0.6,0.004828265,1
34.689998626708984,0.6,0.006617061,0.622222222,0.8,0.014049700000000002,1
13.170000076293945,0.6,0.006617061,0.622222222,0.6,0.016911088,0
56.72999954223633,0.6,0.006617061,0.622222222,0.6,0.017567096,1
96.66999816894531,0.6,0.005401854,0.577777778,0.2,0.006841956,0
735.5900268554688,0.6,0.005401854,0.577777778,0.4,0.0045177540000000006,0
738.4199829101562,0.6,0.005401854,0.577777778,0.4,0.004116323,0
14.18000030517578,0.6,0.005401854,0.577777778,0.8,0.006388352,1
162.1199951171875,0.6,0.005401854,0.577777778,0.6,0.006745533501158332,0
40.93999862670898,0.6,0.005401854,0.577777778,0.6,0.00320756,0
35.09000015258789,0.6,0.005401854,0.577777778,0.8,0.015785221999999998,1
13.109999656677244,0.6,0.005401854,0.577777778,0.6,0.016442943999999998,0
56.7599983215332,0.6,0.005401854,0.577777778,0.8,0.014448249,1
102.9499969482422,0.8,0.011264365,0.46666666700000003,0.2,0.019654381999999998,1
736.6699829101562,0.8,0.011264365,0.46666666700000003,0.4,0.00325183,1
741.77001953125,0.8,0.011264365,0.46666666700000003,0.4,0.0038757220000000003,1
13.989999771118164,0.8,0.011264365,0.46666666700000003,0.6,0.007502359,0
161.8300018310547,0.8,0.011264365,0.46666666700000003,0.4,0.004872430472028225,0
40.93000030517578,0.8,0.011264365,0.46666666700000003,0.4,0.00242876,0
34.830001831054695,0.8,0.011264365,0.46666666700000003,0.6,0.014194587,0
13.300000190734865,0.8,0.011264365,0.46666666700000003,0.6,0.011779778000000001,1
56.18999862670898,0.8,0.011264365,0.46666666700000003,0.6,0.0058332359999999995,0
104.33999633789062,1.0,0.010256683,0.5555555560000001,0.4,0.021294299,1
752.6099853515625,1.0,0.010256683,0.5555555560000001,0.6,0.007233445,1
745.9099731445312,1.0,0.010256683,0.5555555560000001,0.6,0.004301178,1
13.9399995803833,1.0,0.010256683,0.5555555560000001,0.6,0.005957273000000001,0
161.3699951171875,1.0,0.010256683,0.5555555560000001,0.4,0.004313019292883909,0
41.18999862670898,1.0,0.010256683,0.5555555560000001,0.6,0.002826484,1
34.77000045776367,1.0,0.010256683,0.5555555560000001,0.6,0.006581724000000001,0
13.119999885559082,1.0,0.010256683,0.5555555560000001,0.4,0.014337846999999999,0
56.209999084472656,1.0,0.010256683,0.5555555560000001,0.8,0.005510933000000001,1
104.20999908447266,0.8,0.009320272,0.488888889,0.4,0.019994658000000002,0
758.8099975585938,0.8,0.009320272,0.488888889,0.6,0.008765525,1
768.7899780273438,0.8,0.009320272,0.488888889,0.6,0.009323101,1
14.010000228881836,0.8,0.009320272,0.488888889,0.6,0.005390163000000001,1
160.6199951171875,0.8,0.009320272,0.488888889,0.2,0.003223226495207209,0
41.040000915527344,0.8,0.009320272,0.488888889,0.4,0.003506098,0
34.860000610351555,0.8,0.009320272,0.488888889,0.6,0.004823373,1
12.979999542236328,0.8,0.009320272,0.488888889,0.2,0.014688939,0
56.68000030517578,0.8,0.009320272,0.488888889,0.8,0.004423379,1
106.0500030517578,0.8,0.00926803,0.5111111110000001,0.6,0.020850125,1
767.739990234375,0.8,0.00926803,0.5111111110000001,0.8,0.009709546999999999,1
772.8800048828125,0.8,0.00926803,0.5111111110000001,0.8,0.009587384000000001,1
14.18000030517578,0.8,0.00926803,0.5111111110000001,0.6,0.007108282,1
161.4499969482422,0.8,0.00926803,0.5111111110000001,0.2,0.003541000503022633,1
41.150001525878906,0.8,0.00926803,0.5111111110000001,0.4,0.003652689,1
34.84999847412109,0.8,0.00926803,0.5111111110000001,0.4,0.004707655,0
12.859999656677244,0.8,0.00926803,0.5111111110000001,0.2,0.010499646999999999,0
56.58000183105469,0.8,0.00926803,0.5111111110000001,0.6,0.004210562,0
104.4800033569336,0.6,0.009708778000000001,0.444444444,0.6,0.022434377999999998,0
760.5800170898438,0.6,0.009708778000000001,0.444444444,0.8,0.010487706999999999,0
771.0700073242188,0.6,0.009708778000000001,0.444444444,0.8,0.009690773,0
14.0600004196167,0.6,0.009708778000000001,0.444444444,0.4,0.008518313000000001,0
160.5800018310547,0.6,0.009708778000000001,0.444444444,0.2,0.003967022878113609,0
40.709999084472656,0.6,0.009708778000000001,0.444444444,0.4,0.004722213,0
34.560001373291016,0.6,0.009708778000000001,0.444444444,0.2,0.004065765,0
12.859999656677244,0.6,0.009708778000000001,0.444444444,0.2,0.009588479,0
56.58000183105469,0.6,0.009708778000000001,0.444444444,0.4,0.004104802,0
105.79000091552734,0.6,0.003803644,0.488888889,0.6,0.011949376999999999,1
754.6400146484375,0.6,0.003803644,0.488888889,0.6,0.011756043999999998,0
773.1799926757812,0.6,0.003803644,0.488888889,0.8,0.009330708,1
14.3100004196167,0.6,0.003803644,0.488888889,0.6,0.009394662,1
160.6699981689453,0.6,0.003803644,0.488888889,0.4,0.003721360563843698,1
40.709999084472656,0.6,0.003803644,0.488888889,0.4,0.004673369,0
34.25,0.6,0.003803644,0.488888889,0.2,0.00437786,0
13.039999961853027,0.6,0.003803644,0.488888889,0.2,0.009489303000000001,1
56.97000122070313,0.6,0.003803644,0.488888889,0.6,0.003474923,1
105.87000274658205,0.4,0.003998526,0.533333333,0.6,0.009400284,1
760.77001953125,0.4,0.003998526,0.533333333,0.6,0.009053078,1
771.6099853515625,0.4,0.003998526,0.533333333,0.6,0.008620589,0
14.149999618530273,0.4,0.003998526,0.533333333,0.6,0.010916073,0
161.5500030517578,0.4,0.003998526,0.533333333,0.6,0.004248273515288986,1
40.900001525878906,0.4,0.003998526,0.533333333,0.4,0.004336359000000001,1
34.580001831054695,0.4,0.003998526,0.533333333,0.4,0.005960339,1
13.119999885559082,0.4,0.003998526,0.533333333,0.4,0.008009524,1
57.38999938964844,0.4,0.003998526,0.533333333,0.6,0.004878188,1
107.4800033569336,0.4,0.004388083,0.622222222,0.8,0.012192571000000001,1
765.97998046875,0.4,0.004388083,0.622222222,0.6,0.008775129,1
782.219970703125,0.4,0.004388083,0.622222222,0.6,0.0052358890000000005,1
14.279999732971193,0.4,0.004388083,0.622222222,0.6,0.011749217,1
163.5,0.4,0.004388083,0.622222222,0.8,0.00573284213424344,1
41.13000106811523,0.4,0.004388083,0.622222222,0.6,0.00473273,1
34.97999954223633,0.4,0.004388083,0.622222222,0.4,0.007756113,1
13.270000457763672,0.4,0.004388083,0.622222222,0.6,0.008161966,1
57.959999084472656,0.4,0.004388083,0.622222222,0.6,0.005192291,1
108.37000274658205,0.2,0.004433283,0.622222222,0.8,0.010317353000000001,1
766.5599975585938,0.2,0.004433283,0.622222222,0.6,0.00657289,1
781.760009765625,0.2,0.004433283,0.622222222,0.4,0.0042894759999999995,0
14.260000228881836,0.2,0.004433283,0.622222222,0.4,0.009602483,0
162.0399932861328,0.2,0.004433283,0.622222222,0.6,0.006485285551159582,0
41.15999984741211,0.2,0.004433283,0.622222222,0.6,0.004342538,1
35.040000915527344,0.2,0.004433283,0.622222222,0.6,0.00804179,1
13.859999656677244,0.2,0.004433283,0.622222222,0.8,0.015205195,1
58.06000137329102,0.2,0.004433283,0.622222222,0.8,0.0051845120000000005,1
108.80999755859376,0.2,0.004583154,0.7333333329999999,1.0,0.00816851,1
768.3099975585938,0.2,0.004583154,0.7333333329999999,0.8,0.005164268,1
784.260009765625,0.2,0.004583154,0.7333333329999999,0.6,0.004460681,1
14.25,0.2,0.004583154,0.7333333329999999,0.4,0.008050215999999999,0
161.77000427246094,0.2,0.004583154,0.7333333329999999,0.6,0.005740796038112248,0
41.099998474121094,0.2,0.004583154,0.7333333329999999,0.6,0.002495561,0
34.919998168945305,0.2,0.004583154,0.7333333329999999,0.6,0.0070624780000000005,0
13.90999984741211,0.2,0.004583154,0.7333333329999999,1.0,0.015926699,1
58.20000076293945,0.2,0.004583154,0.7333333329999999,1.0,0.005666769,1
108.0,0.2,0.003912473,0.666666667,0.8,0.007149686999999999,0
768.5599975585938,0.2,0.003912473,0.666666667,1.0,0.003667379,1
784.6799926757812,0.2,0.003912473,0.666666667,0.6,0.0040204970000000005,1
14.1899995803833,0.2,0.003912473,0.666666667,0.2,0.005336139,0
162.0800018310547,0.2,0.003912473,0.666666667,0.6,0.0060119640957352685,1
41.09000015258789,0.2,0.003912473,0.666666667,0.6,0.002544214,0
34.529998779296875,0.2,0.003912473,0.666666667,0.6,0.007502162,0
13.770000457763672,0.2,0.003912473,0.666666667,0.8,0.015140248,0
58.02000045776367,0.2,0.003912473,0.666666667,0.8,0.00490675,0
107.93000030517578,0.2,0.004457678,0.688888889,0.6,0.00712807,0
771.239990234375,0.2,0.004457678,0.688888889,1.0,0.002740168,1
784.8499755859375,0.2,0.004457678,0.688888889,0.8,0.003657705,1
14.300000190734865,0.2,0.004457678,0.688888889,0.4,0.004650326,1
163.52999877929688,0.2,0.004457678,0.688888889,0.6,0.006705781142534316,1
41.27999877929688,0.2,0.004457678,0.688888889,0.6,0.002535563,1
34.68000030517578,0.2,0.004457678,0.688888889,0.6,0.0064439630000000005,1
13.779999732971193,0.2,0.004457678,0.688888889,0.8,0.014058488000000001,1
58.29999923706055,0.2,0.004457678,0.688888889,0.8,0.004397477,1
108.18000030517578,0.4,0.00410041,0.5555555560000001,0.6,0.004549866,1
772.5599975585938,0.4,0.00410041,0.5555555560000001,1.0,0.0017128220000000001,1
783.219970703125,0.4,0.00410041,0.5555555560000001,0.6,0.001322982,0
14.279999732971193,0.4,0.00410041,0.5555555560000001,0.2,0.003092595,0
161.9499969482422,0.4,0.00410041,0.5555555560000001,0.4,0.006224041092206306,0
41.09000015258789,0.4,0.00410041,0.5555555560000001,0.4,0.002331407,0
34.56999969482422,0.4,0.00410041,0.5555555560000001,0.4,0.004764875,0
13.84000015258789,0.4,0.00410041,0.5555555560000001,0.8,0.012642727,1
57.93999862670898,0.4,0.00410041,0.5555555560000001,0.6,0.0036460629999999997,0
109.4800033569336,0.4,0.002360837,0.5555555560000001,0.6,0.005297151999999999,1
768.489990234375,0.4,0.002360837,0.5555555560000001,0.8,0.002615019,0
782.4400024414062,0.4,0.002360837,0.5555555560000001,0.6,0.0014045479999999998,0
14.520000457763672,0.4,0.002360837,0.5555555560000001,0.4,0.006173844,1
161.8800048828125,0.4,0.002360837,0.5555555560000001,0.4,0.004524536794735448,0
41.38999938964844,0.4,0.002360837,0.5555555560000001,0.4,0.00364574,1
34.90999984741211,0.4,0.002360837,0.5555555560000001,0.4,0.006388839,1
14.109999656677244,0.4,0.002360837,0.5555555560000001,0.8,0.0076522280000000005,1
58.11999893188477,0.4,0.002360837,0.5555555560000001,0.6,0.003922323,1
109.37999725341795,0.4,0.003906196,0.46666666700000003,0.4,0.004667822,0
764.0399780273438,0.4,0.003906196,0.46666666700000003,0.6,0.003316552,0
777.1400146484375,0.4,0.003906196,0.46666666700000003,0.4,0.002119699,0
14.40999984741211,0.4,0.003906196,0.46666666700000003,0.4,0.007548749,0
160.6999969482422,0.4,0.003906196,0.46666666700000003,0.4,0.0056491790780582,0
41.31999969482422,0.4,0.003906196,0.46666666700000003,0.4,0.0036924320000000003,0
35.209999084472656,0.4,0.003906196,0.46666666700000003,0.6,0.0074225919999999996,1
13.949999809265135,0.4,0.003906196,0.46666666700000003,0.6,0.009198618,0
57.43999862670898,0.4,0.003906196,0.46666666700000003,0.4,0.005780052,0
109.22000122070312,0.4,0.006334664,0.488888889,0.4,0.0034715429999999997,0
764.6300048828125,0.4,0.006334664,0.488888889,0.6,0.003405923,1
779.9099731445312,0.4,0.006334664,0.488888889,0.4,0.002725455,1
14.5,0.4,0.006334664,0.488888889,0.6,0.007955772,1
160.44000244140625,0.4,0.006334664,0.488888889,0.2,0.005589499410541041,0
41.209999084472656,0.4,0.006334664,0.488888889,0.4,0.004176211,0
35.02000045776367,0.4,0.006334664,0.488888889,0.6,0.00626815,0
13.75,0.4,0.006334664,0.488888889,0.6,0.010053066999999999,0
57.56000137329102,0.4,0.006334664,0.488888889,0.6,0.005579331,1
109.08000183105469,0.6,0.005823208000000001,0.4,0.4,0.003598277,0
764.4600219726562,0.6,0.005823208000000001,0.4,0.4,0.002752979,0
777.5,0.6,0.005823208000000001,0.4,0.2,0.0033001429999999997,0
14.510000228881836,0.6,0.005823208000000001,0.4,0.6,0.00654331,1
161.36000061035156,0.6,0.005823208000000001,0.4,0.2,0.004947107187988435,1
41.13999938964844,0.6,0.005823208000000001,0.4,0.2,0.003591141,0
34.970001220703125,0.6,0.005823208000000001,0.4,0.4,0.005684878000000001,0
14.239999771118164,0.6,0.005823208000000001,0.4,0.6,0.017035104,1
57.599998474121094,0.6,0.005823208000000001,0.4,0.6,0.004753127,1
109.36000061035156,0.6,0.005821795,0.42222222200000004,0.4,0.003648396,1
757.3099975585938,0.6,0.005821795,0.42222222200000004,0.2,0.004281279,0
775.4199829101562,0.6,0.005821795,0.42222222200000004,0.2,0.0034198279999999998,0
14.420000076293945,0.6,0.005821795,0.42222222200000004,0.6,0.007504109,0
160.0399932861328,0.6,0.005821795,0.42222222200000004,0.2,0.004650840064049202,0
41.31999969482422,0.6,0.005821795,0.42222222200000004,0.4,0.003545667,1
35.2400016784668,0.6,0.005821795,0.42222222200000004,0.6,0.006594686,1
13.510000228881836,0.6,0.005821795,0.42222222200000004,0.4,0.026417073,0
57.61999893188477,0.6,0.005821795,0.42222222200000004,0.8,0.003587579,1
108.51000213623048,0.8,0.005764292,0.355555556,0.2,0.002799484,0
759.47998046875,0.8,0.005764292,0.355555556,0.4,0.003800713,1
772.1500244140625,0.8,0.005764292,0.355555556,0.2,0.004064062,0
14.369999885559082,0.8,0.005764292,0.355555556,0.4,0.004836239,0
160.0,0.8,0.005764292,0.355555556,0.2,0.0046143825421104245,0
41.22000122070313,0.8,0.005764292,0.355555556,0.2,0.002569481,0
35.36000061035156,0.8,0.005764292,0.355555556,0.6,0.0053086999999999995,1
13.369999885559082,0.8,0.005764292,0.355555556,0.2,0.02458789,0
57.66999816894531,0.8,0.005764292,0.355555556,0.8,0.0031397940000000004,1
108.8499984741211,1.0,0.003679983,0.5111111110000001,0.4,0.003243455,1
762.4500122070312,1.0,0.003679983,0.5111111110000001,0.6,0.0034247170000000003,1
772.0800170898438,1.0,0.003679983,0.5111111110000001,0.2,0.002727462,0
14.56999969482422,1.0,0.003679983,0.5111111110000001,0.6,0.006104653000000001,1
160.25999450683594,1.0,0.003679983,0.5111111110000001,0.4,0.0034814958894216607,1
41.5,1.0,0.003679983,0.5111111110000001,0.4,0.0035897940000000003,1
35.400001525878906,1.0,0.003679983,0.5111111110000001,0.6,0.0038162490000000003,1
13.399999618530273,1.0,0.003679983,0.5111111110000001,0.4,0.022768759,1
57.88999938964844,1.0,0.003679983,0.5111111110000001,1.0,0.001562772,1
108.02999877929688,0.8,0.0017888720000000002,0.444444444,0.4,0.004457564000000001,0
757.25,0.8,0.0017888720000000002,0.444444444,0.4,0.004634295,0
769.6400146484375,0.8,0.0017888720000000002,0.444444444,0.0,0.002646662,0
14.399999618530273,0.8,0.0017888720000000002,0.444444444,0.4,0.007189081,0
159.0500030517578,0.8,0.0017888720000000002,0.444444444,0.4,0.004667953964116787,0
41.06999969482422,0.8,0.0017888720000000002,0.444444444,0.4,0.005129652,0
35.150001525878906,0.8,0.0017888720000000002,0.444444444,0.6,0.004149447,0
13.239999771118164,0.8,0.0017888720000000002,0.444444444,0.4,0.022289435,0
57.95000076293945,0.8,0.0017888720000000002,0.444444444,1.0,0.00135223,1
107.56999969482422,0.8,0.002443094,0.42222222200000004,0.4,0.005052816,0
759.219970703125,0.8,0.002443094,0.42222222200000004,0.6,0.00511013,1
769.4099731445312,0.8,0.002443094,0.42222222200000004,0.0,0.002088427,0
14.369999885559082,0.8,0.002443094,0.42222222200000004,0.2,0.00746781,0
158.6300048828125,0.8,0.002443094,0.42222222200000004,0.2,0.004049243584812731,0
41.099998474121094,0.8,0.002443094,0.42222222200000004,0.6,0.004936017,1
35.09000015258789,0.8,0.002443094,0.42222222200000004,0.6,0.004205302,0
13.140000343322756,0.8,0.002443094,0.42222222200000004,0.2,0.016672731,0
58.16999816894531,0.8,0.002443094,0.42222222200000004,1.0,0.001972521,1
106.94000244140624,0.6,0.002469971,0.46666666700000003,0.2,0.005710758000000001,0
769.0,0.6,0.002469971,0.46666666700000003,0.8,0.005815858,1
769.5399780273438,0.6,0.002469971,0.46666666700000003,0.2,0.001587168,1
14.390000343322756,0.6,0.002469971,0.46666666700000003,0.4,0.006505648,1
158.32000732421875,0.6,0.002469971,0.46666666700000003,0.2,0.002803984839232705,0
41.2599983215332,0.6,0.002469971,0.46666666700000003,0.6,0.0048395420000000005,1
35.2599983215332,0.6,0.002469971,0.46666666700000003,0.6,0.003630045,1
13.199999809265135,0.6,0.002469971,0.46666666700000003,0.4,0.007333163,1
58.02999877929688,0.6,0.002469971,0.46666666700000003,0.8,0.002384421,0
106.81999969482422,0.6,0.004087141,0.577777778,0.2,0.004380692,0
771.2899780273438,0.6,0.004087141,0.577777778,0.8,0.005838355,1
772.1500244140625,0.6,0.004087141,0.577777778,0.4,0.001422104,1
14.43000030517578,0.6,0.004087141,0.577777778,0.6,0.006368106,1
159.72000122070312,0.6,0.004087141,0.577777778,0.4,0.004522567916918381,1
41.310001373291016,0.6,0.004087141,0.577777778,0.8,0.0045979029999999995,1
35.54999923706055,0.6,0.004087141,0.577777778,0.6,0.004593936,1
13.359999656677244,0.6,0.004087141,0.577777778,0.6,0.0076848590000000005,1
58.099998474121094,0.6,0.004087141,0.577777778,0.8,0.0024521260000000002,1
106.0,0.6,0.004535242,0.444444444,0.0,0.005289321,0
767.5800170898438,0.6,0.004535242,0.444444444,0.6,0.006018246999999999,0
769.0900268554688,0.6,0.004535242,0.444444444,0.4,0.002196563,0
14.380000114440918,0.6,0.004535242,0.444444444,0.4,0.004277535,0
159.39999389648438,0.6,0.004535242,0.444444444,0.2,0.004598285178781683,0
41.310001373291016,0.6,0.004535242,0.444444444,0.6,0.003239345,0
35.70000076293945,0.6,0.004535242,0.444444444,0.6,0.005211577,1
13.4399995803833,0.6,0.004535242,0.444444444,0.6,0.008433701,1
57.88999938964844,0.6,0.004535242,0.444444444,0.6,0.002412048,0
106.0999984741211,0.6,0.0041060390000000006,0.488888889,0.2,0.003971338,1
769.1599731445312,0.6,0.0041060390000000006,0.488888889,0.8,0.005065892,1
767.0499877929688,0.6,0.0041060390000000006,0.488888889,0.4,0.00209501,0
14.369999885559082,0.6,0.0041060390000000006,0.488888889,0.4,0.002083057,0
158.8800048828125,0.6,0.0041060390000000006,0.488888889,0.2,0.0037406825312917592,0
41.22000122070313,0.6,0.0041060390000000006,0.488888889,0.6,0.001602785,0
35.88999938964844,0.6,0.0041060390000000006,0.488888889,0.8,0.004863566,1
13.34000015258789,0.6,0.0041060390000000006,0.488888889,0.6,0.00753373,0
57.459999084472656,0.6,0.0041060390000000006,0.488888889,0.4,0.003690331,0
106.7300033569336,0.6,0.004346165,0.6,0.4,0.004307292,1
770.6199951171875,0.6,0.004346165,0.6,0.8,0.0049252359999999995,1
768.780029296875,0.6,0.004346165,0.6,0.6,0.002486321,1
14.5,0.6,0.004346165,0.6,0.6,0.00347572,1
159.5399932861328,0.6,0.004346165,0.6,0.4,0.004043350123965622,1
41.15999984741211,0.6,0.004346165,0.6,0.4,0.001747826,0
36.02000045776367,0.6,0.004346165,0.6,1.0,0.005246606,1
13.640000343322756,0.6,0.004346165,0.6,0.8,0.010520918,1
57.59000015258789,0.6,0.004346165,0.6,0.4,0.003383557,1
107.7300033569336,0.8,0.004061733,0.644444444,0.6,0.005009854,1
772.4400024414062,0.8,0.004061733,0.644444444,0.8,0.002821249,1
771.4600219726562,0.8,0.004061733,0.644444444,0.6,0.0031497340000000004,1
14.489999771118164,0.8,0.004061733,0.644444444,0.4,0.00333529,0
159.5500030517578,0.8,0.004061733,0.644444444,0.6,0.0036650548737644476,1
41.25,0.8,0.004061733,0.644444444,0.4,0.0014065570000000001,1
36.08000183105469,0.8,0.004061733,0.644444444,1.0,0.004610835,1
13.729999542236328,0.8,0.004061733,0.644444444,0.8,0.010927321,1
57.66999816894531,0.8,0.004061733,0.644444444,0.6,0.003180031,1
107.6999969482422,0.6,0.00280538,0.6,0.6,0.004841130999999999,0
788.8699951171875,0.6,0.00280538,0.6,0.8,0.006479726,1
780.0800170898438,0.6,0.00280538,0.6,0.6,0.004706117,1
14.630000114440918,0.6,0.00280538,0.6,0.4,0.0047117209999999994,1
160.35000610351562,0.6,0.00280538,0.6,0.6,0.002899316919835667,1
41.25,0.6,0.00280538,0.6,0.2,0.001164177,0
36.56999969482422,0.6,0.00280538,0.6,1.0,0.00568208,1
14.0600004196167,0.6,0.00280538,0.6,0.8,0.013310086,1
57.61000061035156,0.6,0.00280538,0.6,0.4,0.003146849,0
108.36000061035156,0.4,0.003808598,0.666666667,0.8,0.004531472,1
784.47998046875,0.4,0.003808598,0.666666667,0.8,0.0066307,0
780.3499755859375,0.4,0.003808598,0.666666667,0.8,0.003982739,1
14.6899995803833,0.4,0.003808598,0.666666667,0.6,0.004838943,1
161.63999938964844,0.4,0.003808598,0.666666667,0.8,0.0041075784446405845,1
41.25,0.4,0.003808598,0.666666667,0.2,0.001164177,0
36.459999084472656,0.4,0.003808598,0.666666667,0.8,0.0054397790000000005,0
13.949999809265135,0.4,0.003808598,0.666666667,0.6,0.013677213,0
57.65999984741211,0.4,0.003808598,0.666666667,0.6,0.002597539,1
105.5199966430664,0.4,0.0053905640000000005,0.622222222,0.6,0.00958459,0
784.0599975585938,0.4,0.0053905640000000005,0.622222222,0.6,0.006326101,0
775.3200073242188,0.4,0.0053905640000000005,0.622222222,0.8,0.004741389,0
14.630000114440918,0.4,0.0053905640000000005,0.622222222,0.6,0.005516733,0
159.0,0.4,0.0053905640000000005,0.622222222,0.8,0.006721662974932477,0
40.72000122070313,0.4,0.0053905640000000005,0.622222222,0.2,0.003298137,0
36.43999862670898,0.4,0.0053905640000000005,0.622222222,0.6,0.004485073,0
13.970000267028807,0.4,0.0053905640000000005,0.622222222,0.8,0.012475871000000001,1
57.43000030517578,0.4,0.0053905640000000005,0.622222222,0.6,0.00190974,0
103.12999725341795,0.2,0.00768663,0.444444444,0.4,0.012926967,0
760.1400146484375,0.2,0.00768663,0.444444444,0.4,0.01204803,0
759.6599731445312,0.2,0.00768663,0.444444444,0.6,0.00832993,0
14.06999969482422,0.2,0.00768663,0.444444444,0.4,0.011362913999999998,0
155.69000244140625,0.2,0.00768663,0.444444444,0.6,0.010054380830158676,0
40.02999877929688,0.2,0.00768663,0.444444444,0.2,0.00639602,0
35.439998626708984,0.2,0.00768663,0.444444444,0.4,0.009249106,0
13.609999656677244,0.2,0.00768663,0.444444444,0.6,0.013132027,0
56.209999084472656,0.2,0.00768663,0.444444444,0.4,0.005705903000000001,0
105.44000244140624,0.2,0.009052577,0.444444444,0.4,0.015532873,1
771.489990234375,0.2,0.009052577,0.444444444,0.4,0.014561966,1
769.02001953125,0.2,0.009052577,0.444444444,0.6,0.010096996,1
14.489999771118164,0.2,0.009052577,0.444444444,0.6,0.017195131000000002,1
158.2899932861328,0.2,0.009052577,0.444444444,0.6,0.013381791187116628,1
40.68000030517578,0.2,0.009052577,0.444444444,0.2,0.009206273000000001,1
36.08000183105469,0.2,0.009052577,0.444444444,0.4,0.012527706000000001,1
13.579999923706055,0.2,0.009052577,0.444444444,0.4,0.012253238999999999,0
57.04999923706055,0.2,0.009052577,0.444444444,0.4,0.008416876,1
107.9499969482422,0.2,0.009787183,0.333333333,0.6,0.020238157,1
761.010009765625,0.2,0.009787183,0.333333333,0.2,0.013024731999999999,0
759.6900024414062,0.2,0.009787183,0.333333333,0.4,0.010288743000000001,0
14.18000030517578,0.2,0.009787183,0.333333333,0.4,0.019541563999999997,0
155.80999755859375,0.2,0.009787183,0.333333333,0.4,0.01551245084846754,0
40.18000030517578,0.2,0.009787183,0.333333333,0.2,0.011664483,0
35.61000061035156,0.2,0.009787183,0.333333333,0.2,0.01241686,0
13.270000457763672,0.2,0.009787183,0.333333333,0.2,0.012011764,0
56.52999877929688,0.2,0.009787183,0.333333333,0.4,0.010031768,0
111.7699966430664,0.2,0.009180384,0.355555556,0.6,0.026089874,1
761.0900268554688,0.2,0.009180384,0.355555556,0.4,0.011932773,1
762.489990234375,0.2,0.009180384,0.355555556,0.4,0.01095667,1
14.270000457763672,0.2,0.009180384,0.355555556,0.4,0.019990735,1
154.0500030517578,0.2,0.009180384,0.355555556,0.2,0.01616263371217521,0
40.25,0.2,0.009180384,0.355555556,0.4,0.012012914,1
35.61999893188477,0.2,0.009180384,0.355555556,0.4,0.011871425,1
13.270000457763672,0.2,0.009180384,0.355555556,0.2,0.010447033,0
56.2599983215332,0.2,0.009180384,0.355555556,0.2,0.010813436000000001,0
115.56999969482422,0.4,0.009650611,0.533333333,0.8,0.027647764,1
769.6900024414062,0.4,0.009650611,0.533333333,0.6,0.01408561,1
771.760009765625,0.4,0.009650611,0.533333333,0.6,0.012099025,1
14.5,0.4,0.009650611,0.533333333,0.6,0.022397399,1
155.66000366210938,0.4,0.009650611,0.533333333,0.4,0.01498634746213241,1
40.86000061035156,0.4,0.009650611,0.533333333,0.6,0.012474282,1
36.560001373291016,0.4,0.009650611,0.533333333,0.6,0.017039661,1
13.34000015258789,0.4,0.009650611,0.533333333,0.2,0.011215295,1
57.18999862670898,0.4,0.009650611,0.533333333,0.4,0.013321738,1
114.91999816894531,0.4,0.006290679,0.622222222,0.8,0.02424268,0
778.52001953125,0.4,0.006290679,0.622222222,0.8,0.010278475,1
768.8800048828125,0.4,0.006290679,0.622222222,0.6,0.008805741,0
14.529999732971193,0.4,0.006290679,0.622222222,0.8,0.015155681,1
153.83999633789062,0.4,0.006290679,0.622222222,0.4,0.01316126778736956,0
38.91999816894531,0.4,0.006290679,0.622222222,0.6,0.018581123,0
37.66999816894531,0.4,0.006290679,0.622222222,0.8,0.017623378999999998,1
13.289999961853027,0.4,0.006290679,0.622222222,0.2,0.006811013,0
57.25,0.4,0.006290679,0.622222222,0.6,0.009282915,1
113.58000183105469,0.4,0.005791039,0.533333333,0.6,0.022094937999999998,0
775.0999755859375,0.4,0.005791039,0.533333333,0.6,0.008170791,0
765.7000122070312,0.4,0.005791039,0.533333333,0.4,0.007168644,0
14.5600004196167,0.4,0.005791039,0.533333333,0.8,0.009598478,1
154.8699951171875,0.4,0.005791039,0.533333333,0.4,0.0111603611535783,1
39.22999954223633,0.4,0.005791039,0.533333333,0.6,0.01692657,1
37.15999984741211,0.4,0.005791039,0.533333333,0.6,0.016719339,0
13.3100004196167,0.4,0.005791039,0.533333333,0.4,0.006671149,1
56.93000030517578,0.4,0.005791039,0.533333333,0.4,0.007412025,0
113.56999969482422,0.4,0.005097802,0.5555555560000001,0.4,0.017351559,0
780.219970703125,0.4,0.005097802,0.5555555560000001,0.8,0.006775094000000001,1
771.4099731445312,0.4,0.005097802,0.5555555560000001,0.6,0.00623361,1
14.539999961853027,0.4,0.005097802,0.5555555560000001,0.8,0.005594404,0
154.4499969482422,0.4,0.005097802,0.5555555560000001,0.4,0.008569265297893851,0
39.06999969482422,0.4,0.005097802,0.5555555560000001,0.6,0.015284061000000002,0
37.13999938964844,0.4,0.005097802,0.5555555560000001,0.6,0.014221656000000001,0
13.300000190734865,0.4,0.005097802,0.5555555560000001,0.4,0.002255886,0
56.81000137329102,0.4,0.005097802,0.5555555560000001,0.4,0.0060106280000000005,0
113.5500030517578,0.6,0.007042645,0.6,0.2,0.010309424000000001,0
789.739990234375,0.6,0.007042645,0.6,0.8,0.009194407,1
776.219970703125,0.6,0.007042645,0.6,0.6,0.006743536999999999,1
14.989999771118164,0.6,0.007042645,0.6,0.8,0.010514827,1
155.52999877929688,0.6,0.007042645,0.6,0.6,0.0077086237576043815,1
39.5099983215332,0.6,0.007042645,0.6,0.6,0.017187991,1
37.45000076293945,0.6,0.007042645,0.6,0.6,0.015834868000000002,1
13.449999809265135,0.6,0.007042645,0.6,0.6,0.004511519,1
57.7599983215332,0.6,0.007042645,0.6,0.6,0.008399852,1
114.62000274658205,0.4,0.005276908,0.577777778,0.2,0.005394372,1
804.7000122070312,0.4,0.005276908,0.577777778,0.8,0.010723091,1
787.2100219726562,0.4,0.005276908,0.577777778,0.6,0.007143709,1
15.119999885559082,0.4,0.005276908,0.577777778,0.8,0.009025779,1
156.11000061035156,0.4,0.005276908,0.577777778,0.6,0.006364231738446508,1
39.5099983215332,0.4,0.005276908,0.577777778,0.4,0.014156931999999999,0
37.54999923706055,0.4,0.005276908,0.577777778,0.6,0.011090957,1
13.489999771118164,0.4,0.005276908,0.577777778,0.6,0.004051308,1
57.81999969482422,0.4,0.005276908,0.577777778,0.6,0.005301533000000001,1
112.70999908447266,0.4,0.007915597,0.5111111110000001,0.2,0.007602268000000001,0
805.75,0.4,0.007915597,0.5111111110000001,0.8,0.008689621,1
786.9000244140625,0.4,0.007915597,0.5111111110000001,0.6,0.006476121,0
15.09000015258789,0.4,0.007915597,0.5111111110000001,0.6,0.009008811,0
154.97999572753906,0.4,0.007915597,0.5111111110000001,0.6,0.005473495858161282,0
39.22999954223633,0.4,0.007915597,0.5111111110000001,0.4,0.006078437,0
37.18999862670898,0.4,0.007915597,0.5111111110000001,0.4,0.006936212,0
13.359999656677244,0.4,0.007915597,0.5111111110000001,0.6,0.005229035,0
57.43000030517578,0.4,0.007915597,0.5111111110000001,0.4,0.006440713000000001,0
112.87999725341795,0.2,0.00875075,0.444444444,0.4,0.005571873000000001,1
799.1599731445312,0.2,0.00875075,0.444444444,0.8,0.009446769,0
774.2100219726562,0.2,0.00875075,0.444444444,0.6,0.00887426,0
15.020000457763672,0.2,0.00875075,0.444444444,0.4,0.009523626,0
153.97999572753906,0.2,0.00875075,0.444444444,0.4,0.005424932982063774,0
39.02999877929688,0.2,0.00875075,0.444444444,0.2,0.00550505,0
36.650001525878906,0.2,0.00875075,0.444444444,0.4,0.007132487,0
13.100000381469727,0.2,0.00875075,0.444444444,0.4,0.008820255,0
56.9000015258789,0.2,0.00875075,0.444444444,0.4,0.007168531,0
113.08999633789062,0.2,0.009077503,0.6,0.6,0.005926335,1
816.1099853515625,0.2,0.009077503,0.6,0.8,0.012367607,1
783.010009765625,0.2,0.009077503,0.6,0.6,0.009656106999999999,1
15.34000015258789,0.2,0.009077503,0.6,0.6,0.013509875,1
156.77000427246094,0.2,0.009077503,0.6,0.6,0.008506403389839134,1
39.29999923706055,0.2,0.009077503,0.6,0.4,0.006072902,1
37.18000030517578,0.2,0.009077503,0.6,0.6,0.009917058000000001,1
13.239999771118164,0.2,0.009077503,0.6,0.6,0.010807384,1
57.95000076293945,0.2,0.009077503,0.6,0.6,0.010437647,1
113.9499969482422,0.0,0.00705313,0.6,0.8,0.0074120340000000005,1
828.719970703125,0.0,0.00705313,0.6,0.8,0.013017531,1
781.5599975585938,0.0,0.00705313,0.6,0.4,0.008779409,0
15.489999771118164,0.0,0.00705313,0.6,0.6,0.009275723,1
158.2899932861328,0.0,0.00705313,0.6,0.6,0.009047022597885451,1
39.43999862670898,0.0,0.00705313,0.6,0.4,0.004533007,1
37.43999862670898,0.0,0.00705313,0.6,0.6,0.009646284,1
13.3100004196167,0.0,0.00705313,0.6,0.6,0.009609162,1
58.02999877929688,0.0,0.00705313,0.6,0.6,0.00736927,1
112.18000030517578,0.0,0.008542665999999999,0.444444444,0.6,0.008634022,0
829.0499877929688,0.0,0.008542665999999999,0.444444444,0.8,0.009308582,1
775.010009765625,0.0,0.008542665999999999,0.444444444,0.2,0.007623856,0
15.390000343322756,0.0,0.008542665999999999,0.444444444,0.4,0.00883238,0
158.11000061035156,0.0,0.008542665999999999,0.444444444,0.4,0.008528604842086573,0
39.11999893188477,0.0,0.008542665999999999,0.444444444,0.4,0.006155723,0
37.31999969482422,0.0,0.008542665999999999,0.444444444,0.4,0.009753267,0
13.15999984741211,0.0,0.008542665999999999,0.444444444,0.4,0.01126832,0
57.4000015258789,0.0,0.008542665999999999,0.444444444,0.4,0.00933279,0
113.0500030517578,0.2,0.00593797,0.622222222,0.8,0.006852348,1
837.3099975585938,0.2,0.00593797,0.622222222,0.8,0.011040263,1
777.2899780273438,0.2,0.00593797,0.622222222,0.4,0.008133469,1
15.529999732971193,0.2,0.00593797,0.622222222,0.6,0.010254914,1
158.85000610351562,0.2,0.00593797,0.622222222,0.6,0.008016965575812673,1
39.27999877929688,0.2,0.00593797,0.622222222,0.6,0.005556362,1
37.75,0.2,0.00593797,0.622222222,0.6,0.010140216,1
13.300000190734865,0.2,0.00593797,0.622222222,0.6,0.011468629,1
57.599998474121094,0.2,0.00593797,0.622222222,0.6,0.008680631999999999,1
112.5199966430664,0.2,0.005603746999999999,0.622222222,0.6,0.007488341999999999,0
836.739990234375,0.2,0.005603746999999999,0.622222222,0.8,0.009540665,0
772.5599975585938,0.2,0.005603746999999999,0.622222222,0.4,0.006125198,0
15.649999618530273,0.2,0.005603746999999999,0.622222222,0.8,0.010872546,1
157.61000061035156,0.2,0.005603746999999999,0.622222222,0.6,0.008287704578982443,0
38.9900016784668,0.2,0.005603746999999999,0.622222222,0.6,0.006013294000000001,0
37.65999984741211,0.2,0.005603746999999999,0.622222222,0.6,0.007713047,0
13.220000267028807,0.2,0.005603746999999999,0.622222222,0.6,0.008779430999999999,0
57.41999816894531,0.2,0.005603746999999999,0.622222222,0.6,0.007459912,0
113.0,0.2,0.00553678,0.46666666700000003,0.6,0.007969454,1
834.030029296875,0.2,0.00553678,0.46666666700000003,0.6,0.00594645,0
776.4299926757812,0.2,0.00553678,0.46666666700000003,0.4,0.004853779,1
15.359999656677244,0.2,0.00553678,0.46666666700000003,0.6,0.010317634000000001,0
156.4600067138672,0.2,0.00553678,0.46666666700000003,0.4,0.00612313664393772,0
38.86999893188477,0.2,0.00553678,0.46666666700000003,0.4,0.0052452969999999995,0
37.540000915527344,0.2,0.00553678,0.46666666700000003,0.4,0.005458106,0
13.140000343322756,0.2,0.00553678,0.46666666700000003,0.4,0.007852322,0
57.2400016784668,0.2,0.00553678,0.46666666700000003,0.4,0.004396176,0
113.0500030517578,0.4,0.004784354,0.488888889,0.6,0.006537042,1
844.3599853515625,0.4,0.004784354,0.488888889,0.6,0.005333303,1
776.469970703125,0.4,0.004784354,0.488888889,0.6,0.004493708,1
15.630000114440918,0.4,0.004784354,0.488888889,0.6,0.011877598999999999,1
157.0800018310547,0.4,0.004784354,0.488888889,0.4,0.004976532749824727,1
39.150001525878906,0.4,0.004784354,0.488888889,0.4,0.005973545,1
37.9900016784668,0.4,0.004784354,0.488888889,0.4,0.00645696,1
13.5,0.4,0.004784354,0.488888889,0.4,0.012274357,1
57.63999938964844,0.4,0.004784354,0.488888889,0.4,0.005517699,1
113.88999938964844,0.6,0.004079527,0.5555555560000001,0.8,0.004916483,1
841.6599731445312,0.6,0.004079527,0.5555555560000001,0.4,0.0058931980000000005,0
776.8599853515625,0.6,0.004079527,0.5555555560000001,0.8,0.0029180340000000003,1
15.600000381469727,0.6,0.004079527,0.5555555560000001,0.6,0.010970323999999998,0
156.8800048828125,0.6,0.004079527,0.5555555560000001,0.4,0.0050037547540142824,0
38.86999893188477,0.6,0.004079527,0.5555555560000001,0.4,0.005781238,0
38.06999969482422,0.6,0.004079527,0.5555555560000001,0.6,0.006237093000000001,1
13.489999771118164,0.6,0.004079527,0.5555555560000001,0.4,0.010168556,0
57.7400016784668,0.6,0.004079527,0.5555555560000001,0.6,0.003693407,1
114.05999755859376,0.4,0.0048519620000000005,0.42222222200000004,0.8,0.00366393,1
839.4299926757812,0.4,0.0048519620000000005,0.42222222200000004,0.2,0.004430454,0
775.0800170898438,0.4,0.0048519620000000005,0.42222222200000004,0.6,0.00278791,0
15.579999923706055,0.4,0.0048519620000000005,0.42222222200000004,0.4,0.009407385,0
155.6699981689453,0.4,0.0048519620000000005,0.42222222200000004,0.2,0.005610279461100953,0
38.709999084472656,0.4,0.0048519620000000005,0.42222222200000004,0.2,0.0057864990000000005,0
38.099998474121094,0.4,0.0048519620000000005,0.42222222200000004,0.6,0.004090295,1
13.229999542236328,0.4,0.0048519620000000005,0.42222222200000004,0.2,0.011895601,0
57.79999923706055,0.4,0.0048519620000000005,0.42222222200000004,0.6,0.003204373,1
116.0500030517578,0.4,0.005221059,0.5555555560000001,1.0,0.006215681999999999,1
841.7100219726562,0.4,0.005221059,0.5555555560000001,0.4,0.004837535,1
785.9400024414062,0.4,0.005221059,0.5555555560000001,0.8,0.004373153,1
15.59000015258789,0.4,0.005221059,0.5555555560000001,0.4,0.007990363,1
157.02000427246094,0.4,0.005221059,0.5555555560000001,0.4,0.005783497423724691,1
38.61999893188477,0.4,0.005221059,0.5555555560000001,0.2,0.004774932,0
38.02000045776367,0.4,0.005221059,0.5555555560000001,0.6,0.00403341,0
13.369999885559082,0.4,0.005221059,0.5555555560000001,0.4,0.012809003000000001,1
58.040000915527344,0.4,0.005221059,0.5555555560000001,0.8,0.0034098279999999997,1
116.3000030517578,0.4,0.005890846999999999,0.533333333,1.0,0.005793343,1
831.0,0.4,0.005890846999999999,0.533333333,0.4,0.006734616999999999,0
783.0700073242188,0.4,0.005890846999999999,0.533333333,0.6,0.004101625,0
15.4399995803833,0.4,0.005890846999999999,0.533333333,0.4,0.006208611,0
154.7899932861328,0.4,0.005890846999999999,0.533333333,0.4,0.00716462331933655,0
38.0099983215332,0.4,0.005890846999999999,0.533333333,0.2,0.007318364,0
37.27000045776367,0.4,0.005890846999999999,0.533333333,0.6,0.007341426999999999,0
13.100000381469727,0.4,0.005890846999999999,0.533333333,0.4,0.015637602,0
57.18999862670898,0.4,0.005890846999999999,0.533333333,0.8,0.005711903000000001,0
117.33999633789062,0.4,0.007228465999999999,0.444444444,1.0,0.007493309,1
834.0900268554688,0.4,0.007228465999999999,0.444444444,0.4,0.005001187,1
786.1400146484375,0.4,0.007228465999999999,0.444444444,0.6,0.004875422,1
15.350000381469727,0.4,0.007228465999999999,0.444444444,0.2,0.003858773,0
154.2899932861328,0.4,0.007228465999999999,0.444444444,0.2,0.00701813135546271,0
38.04999923706055,0.4,0.007228465999999999,0.444444444,0.2,0.006088126,1
37.13000106811523,0.4,0.007228465999999999,0.444444444,0.4,0.005695251,0
13.210000038146973,0.4,0.007228465999999999,0.444444444,0.4,0.011837539,1
57.11000061035156,0.4,0.007228465999999999,0.444444444,0.6,0.004594049,0
116.9800033569336,0.4,0.006936394,0.355555556,0.8,0.006620836999999999,0
829.280029296875,0.4,0.006936394,0.355555556,0.4,0.0055149990000000005,0
778.1900024414062,0.4,0.006936394,0.355555556,0.4,0.006797508000000001,0
15.149999618530273,0.4,0.006936394,0.355555556,0.2,0.006080772,0
153.72000122070312,0.4,0.006936394,0.355555556,0.2,0.0075023460422201935,0
38.02999877929688,0.4,0.006936394,0.355555556,0.2,0.0047628440000000005,0
36.97000122070313,0.4,0.006936394,0.355555556,0.2,0.006135934,0
13.079999923706055,0.4,0.006936394,0.355555556,0.4,0.013657595,0
56.91999816894531,0.4,0.006936394,0.355555556,0.4,0.004912451,0
117.62999725341795,0.6,0.007183028,0.444444444,0.8,0.007433596999999999,1
822.9600219726562,0.6,0.007183028,0.444444444,0.4,0.006509314,0
778.530029296875,0.6,0.007183028,0.444444444,0.6,0.00642665,1
14.479999542236328,0.6,0.007183028,0.444444444,0.2,0.014669241999999999,0
154.4499969482422,0.6,0.007183028,0.444444444,0.4,0.0069095304671597906,1
38.40999984741211,0.6,0.007183028,0.444444444,0.4,0.005938016,1
37.45000076293945,0.6,0.007183028,0.444444444,0.2,0.008575034,1
13.199999809265135,0.6,0.007183028,0.444444444,0.6,0.011637745,1
57.41999816894531,0.6,0.007183028,0.444444444,0.4,0.0064614830000000005,1
117.5500030517578,0.6,0.007920949,0.333333333,0.6,0.004080205,0
812.9500122070312,0.6,0.007920949,0.333333333,0.2,0.008398765,0
779.9600219726562,0.6,0.007920949,0.333333333,0.6,0.003991719,1
14.029999732971193,0.6,0.007920949,0.333333333,0.0,0.020756337,0
154.77000427246094,0.6,0.007920949,0.333333333,0.4,0.005589467446553607,1
38.290000915527344,0.6,0.007920949,0.333333333,0.4,0.006097851,0
37.290000915527344,0.6,0.007920949,0.333333333,0.2,0.009009568,0
13.020000457763672,0.6,0.007920949,0.333333333,0.4,0.012248601000000001,0
57.22000122070313,0.6,0.007920949,0.333333333,0.2,0.006327638000000001,0
117.47000122070312,0.6,0.006987811,0.46666666700000003,0.4,0.0037854720000000002,0
817.6500244140625,0.6,0.006987811,0.46666666700000003,0.4,0.007010226,1
795.260009765625,0.6,0.006987811,0.46666666700000003,0.8,0.00718466,1
14.210000038146973,0.6,0.006987811,0.46666666700000003,0.2,0.021397952999999997,1
150.72000122070312,0.6,0.006987811,0.46666666700000003,0.4,0.007982627230684538,0
38.41999816894531,0.6,0.006987811,0.46666666700000003,0.6,0.0036178770000000002,1
37.75,0.6,0.006987811,0.46666666700000003,0.4,0.007531421,1
13.140000343322756,0.6,0.006987811,0.46666666700000003,0.6,0.010053031,1
57.65999984741211,0.6,0.006987811,0.46666666700000003,0.4,0.004936535,1
117.12000274658205,0.6,0.005984568000000001,0.444444444,0.2,0.0025929000000000004,0
817.6900024414062,0.6,0.005984568000000001,0.444444444,0.4,0.006276316,1
801.5,0.6,0.005984568000000001,0.444444444,0.8,0.00796986,1
14.119999885559082,0.6,0.005984568000000001,0.444444444,0.2,0.021498876,0
151.25999450683594,0.6,0.005984568000000001,0.444444444,0.6,0.008053142231684959,1
38.349998474121094,0.6,0.005984568000000001,0.444444444,0.4,0.003771793,0
35.5099983215332,0.6,0.005984568000000001,0.444444444,0.4,0.018647708,0
13.149999618530273,0.6,0.005984568000000001,0.444444444,0.6,0.008525843,1
57.52999877929688,0.6,0.005984568000000001,0.444444444,0.4,0.005107696,0
117.05999755859376,0.4,0.006859098,0.46666666700000003,0.2,0.002081778,0
810.3200073242188,0.4,0.006859098,0.46666666700000003,0.4,0.0069256019999999995,0
796.969970703125,0.4,0.006859098,0.46666666700000003,0.8,0.007077705,0
14.100000381469727,0.4,0.006859098,0.46666666700000003,0.2,0.019176282,0
151.52000427246094,0.4,0.006859098,0.46666666700000003,0.8,0.007658075968596719,1
38.09000015258789,0.4,0.006859098,0.46666666700000003,0.4,0.005022589,0
35.43000030517578,0.4,0.006859098,0.46666666700000003,0.4,0.018236438,0
13.109999656677244,0.4,0.006859098,0.46666666700000003,0.6,0.007166,0
57.25,0.4,0.006859098,0.46666666700000003,0.4,0.005415705,0
116.5999984741211,0.4,0.0070314340000000005,0.4,0.0,0.0017564079999999999,0
818.989990234375,0.4,0.0070314340000000005,0.4,0.6,0.007541278,1
799.3699951171875,0.4,0.0070314340000000005,0.4,0.8,0.007592603000000001,1
13.800000190734865,0.4,0.0070314340000000005,0.4,0.2,0.014586718,0
149.6300048828125,0.4,0.0070314340000000005,0.4,0.6,0.00920302200923693,0
37.93000030517578,0.4,0.0070314340000000005,0.4,0.2,0.003864276,0
35.150001525878906,0.4,0.0070314340000000005,0.4,0.2,0.017220315,0
13.1899995803833,0.4,0.0070314340000000005,0.4,0.6,0.006551581,1
59.65999984741211,0.4,0.0070314340000000005,0.4,0.4,0.012078067,1
117.6500015258789,0.6,0.004836087,0.533333333,0.2,0.0034214320000000003,1
838.0900268554688,0.6,0.004836087,0.533333333,0.8,0.009772884,1
813.1099853515625,0.6,0.004836087,0.533333333,0.8,0.01066295,1
13.970000267028807,0.6,0.004836087,0.533333333,0.4,0.01083502,1
150.57000732421875,0.6,0.004836087,0.533333333,0.6,0.010045074688946292,1
38.27000045776367,0.6,0.004836087,0.533333333,0.4,0.005032221,1
35.2599983215332,0.6,0.004836087,0.533333333,0.4,0.016991713999999998,1
13.0600004196167,0.6,0.004836087,0.533333333,0.6,0.005795495,0
61.0,0.6,0.004836087,0.533333333,0.6,0.015873579,1
118.25,0.8,0.0045048779999999995,0.46666666700000003,0.4,0.004305289,1
835.1799926757812,0.8,0.0045048779999999995,0.46666666700000003,0.6,0.009311043,0
807.6699829101562,0.8,0.0045048779999999995,0.46666666700000003,0.6,0.008077748000000001,0
13.899999618530273,0.8,0.0045048779999999995,0.46666666700000003,0.2,0.009271241999999999,0
150.8800048828125,0.8,0.0045048779999999995,0.46666666700000003,0.8,0.005223263841755479,1
38.36000061035156,0.8,0.0045048779999999995,0.46666666700000003,0.4,0.00482355,1
35.09999847412109,0.8,0.0045048779999999995,0.46666666700000003,0.2,0.015432113,0
13.079999923706055,0.8,0.0045048779999999995,0.46666666700000003,0.6,0.00425845,1
60.9900016784668,0.8,0.0045048779999999995,0.46666666700000003,0.4,0.014368441000000001,0
115.58999633789062,0.6,0.008964086,0.42222222200000004,0.4,0.008208343,0
822.5900268554688,0.6,0.008964086,0.42222222200000004,0.4,0.012316175,0
799.0700073242188,0.6,0.008964086,0.42222222200000004,0.4,0.008638029,0
13.90999984741211,0.6,0.008964086,0.42222222200000004,0.4,0.008148415,1
151.80999755859375,0.6,0.008964086,0.42222222200000004,0.8,0.005739470260962182,1
38.310001373291016,0.6,0.008964086,0.42222222200000004,0.4,0.004719843,0
34.919998168945305,0.6,0.008964086,0.42222222200000004,0.2,0.004590197,0
13.029999732971193,0.6,0.008964086,0.42222222200000004,0.4,0.004870783,0
60.63000106811523,0.6,0.008964086,0.42222222200000004,0.4,0.015098041999999999,0
114.4800033569336,0.6,0.009233858000000001,0.444444444,0.4,0.010026445,0
818.3599853515625,0.6,0.009233858000000001,0.444444444,0.4,0.011542006,0
795.3499755859375,0.6,0.009233858000000001,0.444444444,0.4,0.008438732,0
13.989999771118164,0.6,0.009233858000000001,0.444444444,0.6,0.009015386,1
153.35000610351562,0.6,0.009233858000000001,0.444444444,0.8,0.0074245415567097605,1
38.22000122070313,0.6,0.009233858000000001,0.444444444,0.4,0.0038337709999999997,0
34.810001373291016,0.6,0.009233858000000001,0.444444444,0.2,0.004769624,0
12.890000343322756,0.6,0.009233858000000001,0.444444444,0.4,0.006411297,0
60.099998474121094,0.6,0.009233858000000001,0.444444444,0.4,0.015872959,0
113.72000122070312,0.6,0.008302458,0.4,0.4,0.010568271,0
776.3200073242188,0.6,0.008302458,0.4,0.2,0.019676316,0
795.3699951171875,0.6,0.008302458,0.4,0.4,0.007841479,1
14.09000015258789,0.6,0.008302458,0.4,0.8,0.006189663000000001,1
152.61000061035156,0.6,0.008302458,0.4,0.8,0.00589494187731592,0
38.16999816894531,0.6,0.008302458,0.4,0.4,0.003255315,0
34.740001678466804,0.6,0.008302458,0.4,0.2,0.003591231,0
12.770000457763672,0.6,0.008302458,0.4,0.2,0.007052762,0
59.86999893188477,0.6,0.008302458,0.4,0.2,0.008219135,0
113.54000091552734,0.4,0.008314261,0.355555556,0.2,0.009083804000000001,0
789.8200073242188,0.4,0.008314261,0.355555556,0.2,0.018489973,1
784.5399780273438,0.4,0.008314261,0.355555556,0.2,0.007127039,0
14.489999771118164,0.4,0.008314261,0.355555556,0.8,0.009403674,1
153.69000244140625,0.4,0.008314261,0.355555556,0.8,0.006053881033651343,1
38.41999816894531,0.4,0.008314261,0.355555556,0.4,0.0027724679999999997,1
34.86999893188477,0.4,0.008314261,0.355555556,0.2,0.0037137620000000002,1
12.770000457763672,0.4,0.008314261,0.355555556,0.2,0.005081585,0
59.91999816894531,0.4,0.008314261,0.355555556,0.2,0.003894038,1
111.48999786376952,0.2,0.009540185,0.288888889,0.0,0.0116749,0
785.4099731445312,0.2,0.009540185,0.288888889,0.2,0.018912247,0
783.6099853515625,0.2,0.009540185,0.288888889,0.2,0.006026046,0
14.350000381469727,0.2,0.009540185,0.288888889,0.8,0.010333876,0
152.7899932861328,0.2,0.009540185,0.288888889,0.6,0.006813316335892128,0
38.459999084472656,0.2,0.009540185,0.288888889,0.4,0.002510354,1
34.52000045776367,0.2,0.009540185,0.288888889,0.2,0.004813665999999999,0
12.65999984741211,0.2,0.009540185,0.288888889,0.0,0.006498111,0
59.79999923706055,0.2,0.009540185,0.288888889,0.2,0.004261787,0
111.58999633789062,0.4,0.0052626980000000005,0.311111111,0.2,0.007355336,1
765.5599975585938,0.4,0.0052626980000000005,0.311111111,0.2,0.020952015,0
768.7000122070312,0.4,0.0052626980000000005,0.311111111,0.2,0.007701927,0
14.649999618530273,0.4,0.0052626980000000005,0.311111111,0.8,0.014371161,1
151.9499969482422,0.4,0.0052626980000000005,0.311111111,0.4,0.006680101976423878,0
38.02999877929688,0.4,0.0052626980000000005,0.311111111,0.4,0.004485761,0
34.59999847412109,0.4,0.0052626980000000005,0.311111111,0.4,0.0042515109999999995,1
12.529999732971193,0.4,0.0052626980000000005,0.311111111,0.0,0.007787296,0
59.43000030517578,0.4,0.0052626980000000005,0.311111111,0.2,0.004318719,0
109.83000183105469,0.6,0.004229581,0.333333333,0.2,0.008589162,0
767.030029296875,0.6,0.004229581,0.333333333,0.4,0.020307587,1
762.1300048828125,0.6,0.004229581,0.333333333,0.2,0.008480218000000001,0
14.539999961853027,0.6,0.004229581,0.333333333,0.6,0.014722613,0
152.3699951171875,0.6,0.004229581,0.333333333,0.4,0.005204049858610456,1
38.310001373291016,0.6,0.004229581,0.333333333,0.6,0.005488445,1
33.93000030517578,0.6,0.004229581,0.333333333,0.4,0.00749434,0
12.4399995803833,0.6,0.004229581,0.333333333,0.0,0.007074973000000001,0
59.209999084472656,0.6,0.004229581,0.333333333,0.2,0.003310772,0
108.83999633789062,0.6,0.00541269,0.333333333,0.2,0.009064210999999999,0
755.0499877929688,0.6,0.00541269,0.333333333,0.4,0.013157133,0
762.02001953125,0.6,0.00541269,0.333333333,0.0,0.008504046999999999,0
14.710000038146973,0.6,0.00541269,0.333333333,0.6,0.015631393,1
152.42999267578125,0.6,0.00541269,0.333333333,0.6,0.004317682703543185,1
38.27999877929688,0.6,0.00541269,0.333333333,0.6,0.005383415999999999,0
33.610000610351555,0.6,0.00541269,0.333333333,0.4,0.008978393000000001,0
12.350000381469727,0.6,0.00541269,0.333333333,0.0,0.006659999000000001,0
58.709999084472656,0.6,0.00541269,0.333333333,0.2,0.004234285999999999,0
110.41000366210938,0.8,0.007450101999999999,0.4,0.4,0.011632626,1
784.9299926757812,0.8,0.007450101999999999,0.4,0.4,0.017593895,1
782.52001953125,0.8,0.007450101999999999,0.4,0.2,0.011161217,1
15.050000190734865,0.8,0.007450101999999999,0.4,0.6,0.01457632,1
155.72000122070312,0.8,0.007450101999999999,0.4,0.6,0.0072190547611322734,1
39.09000015258789,0.8,0.007450101999999999,0.4,0.6,0.008305469000000001,1
34.689998626708984,0.8,0.007450101999999999,0.4,0.4,0.014656638999999999,1
12.510000228881836,0.8,0.007450101999999999,0.4,0.2,0.009251089,1
60.41999816894531,0.8,0.007450101999999999,0.4,0.2,0.0098925,1
111.05999755859376,0.8,0.00628762,0.5555555560000001,0.6,0.009198976999999999,1
787.75,0.8,0.00628762,0.5555555560000001,0.6,0.017195713999999997,1
790.510009765625,0.8,0.00628762,0.5555555560000001,0.4,0.012966255,1
15.279999732971193,0.8,0.00628762,0.5555555560000001,0.8,0.015700434,1
155.1699981689453,0.8,0.00628762,0.5555555560000001,0.6,0.006754254118764729,0
39.13000106811523,0.8,0.00628762,0.5555555560000001,0.6,0.0083019,1
34.740001678466804,0.8,0.00628762,0.5555555560000001,0.6,0.012937476000000002,1
12.539999961853027,0.8,0.00628762,0.5555555560000001,0.4,0.008007904,1
60.47000122070313,0.8,0.00628762,0.5555555560000001,0.4,0.009657487,1
110.87999725341795,0.8,0.010273479,0.5555555560000001,0.4,0.009343741,0
771.8800048828125,0.8,0.010273479,0.5555555560000001,0.6,0.016170231,0
785.3099975585938,0.8,0.010273479,0.5555555560000001,0.4,0.010476407,0
15.56999969482422,0.8,0.010273479,0.5555555560000001,0.8,0.015315071000000001,1
154.80999755859375,0.8,0.010273479,0.5555555560000001,0.6,0.006118718474388103,0
39.54999923706055,0.8,0.010273479,0.5555555560000001,0.8,0.00821249,1
34.75,0.8,0.010273479,0.5555555560000001,0.6,0.012531549,1
12.390000343322756,0.8,0.010273479,0.5555555560000001,0.4,0.008346528,0
60.16999816894531,0.8,0.010273479,0.5555555560000001,0.4,0.00941227,0
107.79000091552734,0.8,0.009526745,0.533333333,0.4,0.011762933,0
742.3800048828125,0.8,0.009526745,0.533333333,0.4,0.023429865,0
762.5599975585938,0.8,0.009526745,0.533333333,0.4,0.014560916,0
15.489999771118164,0.8,0.009526745,0.533333333,0.8,0.014840985,0
160.22000122070312,0.8,0.009526745,0.533333333,0.6,0.012555124872382464,1
39.58000183105469,0.8,0.009526745,0.533333333,0.8,0.006891674,1
34.5,0.8,0.009526745,0.533333333,0.6,0.010097576,0
12.270000457763672,0.8,0.009526745,0.533333333,0.4,0.008847018,0
58.70000076293945,0.8,0.009526745,0.533333333,0.4,0.013558047,0
108.43000030517578,0.6,0.00987301,0.6,0.6,0.01114763,1
739.010009765625,0.6,0.00987301,0.6,0.4,0.021214007000000003,0
754.02001953125,0.6,0.00987301,0.6,0.4,0.016771872,0
15.81999969482422,0.6,0.00987301,0.6,0.8,0.01676342,1
161.27000427246094,0.6,0.00987301,0.6,0.6,0.013787074003882852,1
39.45000076293945,0.6,0.00987301,0.6,0.8,0.007391946999999999,0
34.610000610351555,0.6,0.00987301,0.6,0.8,0.008849026,1
12.199999809265135,0.6,0.00987301,0.6,0.4,0.00854109,0
59.02000045776367,0.6,0.00987301,0.6,0.6,0.012959432,1
105.70999908447266,0.4,0.012608638,0.42222222200000004,0.4,0.013279711999999999,0
719.0700073242188,0.4,0.012608638,0.42222222200000004,0.2,0.018695707,0
736.0800170898438,0.4,0.012608638,0.42222222200000004,0.2,0.016149931,0
16.100000381469727,0.4,0.012608638,0.42222222200000004,0.8,0.015680543999999998,1
158.2100067138672,0.4,0.012608638,0.42222222200000004,0.4,0.013265202060504692,0
39.29999923706055,0.4,0.012608638,0.42222222200000004,0.6,0.003920428,0
34.47999954223633,0.4,0.012608638,0.42222222200000004,0.6,0.0031736140000000004,0
12.149999618530273,0.4,0.012608638,0.42222222200000004,0.2,0.006769675,0
58.11999893188477,0.4,0.012608638,0.42222222200000004,0.4,0.010184011,0
107.11000061035156,0.4,0.013136648,0.4,0.4,0.014751051999999999,1
743.239990234375,0.4,0.013136648,0.4,0.2,0.024699737000000003,1
758.489990234375,0.4,0.013136648,0.4,0.2,0.020196817,1
15.869999885559082,0.4,0.013136648,0.4,0.6,0.015481221000000002,0
158.6699981689453,0.4,0.013136648,0.4,0.6,0.013140296818095708,1
39.16999816894531,0.4,0.013136648,0.4,0.4,0.004377351,0
34.90999984741211,0.4,0.013136648,0.4,0.6,0.00537953,1
12.300000190734865,0.4,0.013136648,0.4,0.2,0.008759208000000001,1
58.86999893188477,0.4,0.013136648,0.4,0.4,0.01259936,1
109.98999786376952,0.4,0.009108513,0.46666666700000003,0.6,0.019804547,1
746.489990234375,0.4,0.009108513,0.46666666700000003,0.4,0.021545091000000002,1
764.47998046875,0.4,0.009108513,0.46666666700000003,0.4,0.020460659,1
15.800000190734865,0.4,0.009108513,0.46666666700000003,0.4,0.012567573,0
159.2899932861328,0.4,0.009108513,0.46666666700000003,0.8,0.013457778849439559,1
39.70000076293945,0.4,0.009108513,0.46666666700000003,0.4,0.004936836,1
34.84000015258789,0.4,0.009108513,0.46666666700000003,0.4,0.005722999,0
12.100000381469727,0.4,0.009108513,0.46666666700000003,0.2,0.009618899,0
59.6500015258789,0.4,0.009108513,0.46666666700000003,0.6,0.014257037,1
109.9499969482422,0.4,0.009064137,0.6,0.6,0.014303695,0
756.4000244140625,0.4,0.009064137,0.6,0.6,0.016556517,1
771.22998046875,0.4,0.009064137,0.6,0.6,0.016432675,1
15.890000343322756,0.4,0.009064137,0.6,0.6,0.012679198999999999,1
159.8000030517578,0.4,0.009064137,0.6,0.8,0.007108915228855331,1
40.25,0.4,0.009064137,0.6,0.4,0.007555893,1
35.02000045776367,0.4,0.009064137,0.6,0.6,0.005317446,1
12.210000038146973,0.4,0.009064137,0.6,0.4,0.009500030999999999,1
60.63999938964844,0.4,0.009064137,0.6,0.8,0.012690246,1
110.05999755859376,0.6,0.010149658,0.5555555560000001,0.6,0.013316294,1
760.1599731445312,0.6,0.010149658,0.5555555560000001,0.8,0.016642797,1
760.5399780273438,0.6,0.010149658,0.5555555560000001,0.6,0.016965053,0
15.869999885559082,0.6,0.010149658,0.5555555560000001,0.4,0.008670123,0
160.38999938964844,0.6,0.010149658,0.5555555560000001,0.8,0.006536632070162406,1
39.86000061035156,0.6,0.010149658,0.5555555560000001,0.4,0.008836875,0
34.950000762939446,0.6,0.010149658,0.5555555560000001,0.4,0.005079532,0
12.18000030517578,0.6,0.010149658,0.5555555560000001,0.4,0.008850422,0
60.349998474121094,0.6,0.010149658,0.5555555560000001,0.6,0.012556425,0
111.7300033569336,0.8,0.005366633000000001,0.7333333329999999,0.8,0.011333949,1
780.0,0.8,0.005366633000000001,0.7333333329999999,1.0,0.016466348999999998,1
769.2000122070312,0.8,0.005366633000000001,0.7333333329999999,0.8,0.014483896000000001,1
16.0,0.8,0.005366633000000001,0.7333333329999999,0.4,0.006768604,1
162.77000427246094,0.8,0.005366633000000001,0.7333333329999999,1.0,0.005709529213948236,1
39.88999938964844,0.8,0.005366633000000001,0.7333333329999999,0.6,0.008226932,1
34.97999954223633,0.8,0.005366633000000001,0.7333333329999999,0.6,0.004499964,1
12.1899995803833,0.8,0.005366633000000001,0.7333333329999999,0.6,0.008194939,1
60.86000061035156,0.8,0.005366633000000001,0.7333333329999999,0.8,0.011196754,1
111.8000030517578,0.8,0.005776547,0.7111111109999999,0.8,0.008810492,1
785.3300170898438,0.8,0.005776547,0.7111111109999999,1.0,0.011110452,1
768.27001953125,0.8,0.005776547,0.7111111109999999,0.6,0.008636699,0
15.949999809265135,0.8,0.005776547,0.7111111109999999,0.4,0.004536458,0
162.6699981689453,0.8,0.005776547,0.7111111109999999,0.8,0.005250914708378121,0
40.09000015258789,0.8,0.005776547,0.7111111109999999,0.8,0.00856811,1
35.47999954223633,0.8,0.005776547,0.7111111109999999,0.6,0.004864539,1
12.5,0.8,0.005776547,0.7111111109999999,0.6,0.010811936999999999,1
61.11999893188477,0.8,0.005776547,0.7111111109999999,0.8,0.009470301,1
111.2300033569336,0.6,0.005795108,0.6,0.6,0.004452526,0
780.1199951171875,0.6,0.005795108,0.6,0.8,0.011562738999999999,0
760.989990234375,0.6,0.005795108,0.6,0.4,0.008952423000000001,0
14.869999885559082,0.6,0.005795108,0.6,0.4,0.017196613,0
161.97999572753906,0.6,0.005795108,0.6,0.6,0.005317770949852145,0
40.099998474121094,0.6,0.005795108,0.6,0.8,0.005911824,1
35.20000076293945,0.6,0.005795108,0.6,0.6,0.0060418569999999994,0
12.380000114440918,0.6,0.005795108,0.6,0.6,0.009479905,0
60.4000015258789,0.6,0.005795108,0.6,0.6,0.009176398,0
111.79000091552734,0.6,0.0064028340000000005,0.622222222,0.8,0.0053867080000000005,1
780.3699951171875,0.6,0.0064028340000000005,0.622222222,0.8,0.00897173,1
761.6799926757812,0.6,0.0064028340000000005,0.622222222,0.4,0.00736786,1
15.18000030517578,0.6,0.0064028340000000005,0.622222222,0.4,0.020226845,1
163.13999938964844,0.6,0.0064028340000000005,0.622222222,0.6,0.00610969729498412,1
40.27000045776367,0.6,0.0064028340000000005,0.622222222,0.8,0.003988937,1
35.439998626708984,0.6,0.0064028340000000005,0.622222222,0.6,0.006372184,1
12.43000030517578,0.6,0.0064028340000000005,0.622222222,0.6,0.008469487,1
60.52999877929688,0.6,0.0064028340000000005,0.622222222,0.6,0.0062874969999999995,1
111.56999969482422,0.4,0.006729624,0.688888889,0.6,0.0055802130000000005,0
766.77001953125,0.4,0.006729624,0.688888889,0.6,0.011463081000000002,0
768.239990234375,0.4,0.006729624,0.688888889,0.6,0.0063181719999999995,1
15.079999923706055,0.4,0.006729624,0.688888889,0.4,0.021292637000000003,0
164.52000427246094,0.4,0.006729624,0.688888889,0.6,0.007063083311349462,1
40.29999923706055,0.4,0.006729624,0.688888889,1.0,0.00220004,1
35.5099983215332,0.4,0.006729624,0.688888889,0.8,0.006367446999999999,1
12.449999809265135,0.4,0.006729624,0.688888889,0.8,0.008299885,1
60.61000061035156,0.4,0.006729624,0.688888889,0.8,0.0055953669999999995,1
111.45999908447266,0.4,0.007572953,0.577777778,0.4,0.002742681,0
762.52001953125,0.4,0.007572953,0.577777778,0.4,0.007351666,0
770.8400268554688,0.4,0.007572953,0.577777778,0.6,0.004717715,1
15.149999618530273,0.4,0.007572953,0.577777778,0.4,0.020582701999999998,1
163.52999877929688,0.4,0.007572953,0.577777778,0.4,0.005298818881822221,0
40.54999923706055,0.4,0.007572953,0.577777778,1.0,0.003290214,1
35.310001373291016,0.4,0.007572953,0.577777778,0.6,0.0073222059999999995,0
12.40999984741211,0.4,0.007572953,0.577777778,0.6,0.008778263,0
61.09000015258789,0.4,0.007572953,0.577777778,0.8,0.005489115,1
110.5199966430664,0.4,0.009099557,0.46666666700000003,0.2,0.004304088,0
750.5700073242188,0.4,0.009099557,0.46666666700000003,0.2,0.009119341999999999,0
758.0399780273438,0.4,0.009099557,0.46666666700000003,0.6,0.007796971999999999,0
15.399999618530273,0.4,0.009099557,0.46666666700000003,0.6,0.023258029,1
162.22000122070312,0.4,0.009099557,0.46666666700000003,0.4,0.006778088156558175,0
40.18999862670898,0.4,0.009099557,0.46666666700000003,0.8,0.004063041,0
34.700000762939446,0.4,0.009099557,0.46666666700000003,0.4,0.007918545,0
12.390000343322756,0.4,0.009099557,0.46666666700000003,0.4,0.004014432,0
60.2599983215332,0.4,0.009099557,0.46666666700000003,0.6,0.0073520090000000005,0
109.48999786376952,0.4,0.010052731,0.444444444,0.2,0.005148324,0
743.6500244140625,0.4,0.010052731,0.444444444,0.2,0.009636433,0
747.9199829101562,0.4,0.010052731,0.444444444,0.6,0.00857184,0
15.0600004196167,0.4,0.010052731,0.444444444,0.6,0.014131285,0
159.82000732421875,0.4,0.010052731,0.444444444,0.4,0.008888678969513206,0
38.70000076293945,0.4,0.010052731,0.444444444,0.6,0.011427931,0
33.759998321533196,0.4,0.010052731,0.444444444,0.4,0.011758079,0
12.300000190734865,0.4,0.010052731,0.444444444,0.4,0.0035472209999999997,0
59.20000076293945,0.4,0.010052731,0.444444444,0.6,0.008514076,0
109.9000015258789,0.4,0.010019951,0.37777777799999995,0.2,0.00489034,1
740.3400268554688,0.4,0.010019951,0.37777777799999995,0.0,0.010462544,0
750.5,0.4,0.010019951,0.37777777799999995,0.6,0.009080414,1
15.119999885559082,0.4,0.010019951,0.37777777799999995,0.6,0.010758616,1
160.02000427246094,0.4,0.010019951,0.37777777799999995,0.4,0.0077066765567740956,1
38.5,0.4,0.010019951,0.37777777799999995,0.4,0.011613637,0
34.15999984741211,0.4,0.010019951,0.37777777799999995,0.4,0.012764132,1
12.300000190734865,0.4,0.010019951,0.37777777799999995,0.2,0.0027394629999999997,0
59.25,0.4,0.010019951,0.37777777799999995,0.6,0.008252538,1
109.11000061035156,0.6,0.009708691,0.37777777799999995,0.2,0.005934415,0
759.3599853515625,0.6,0.009708691,0.37777777799999995,0.2,0.012115192,1
762.52001953125,0.6,0.009708691,0.37777777799999995,0.6,0.01056111,1
15.550000190734865,0.6,0.009708691,0.37777777799999995,0.8,0.015128923,1
159.83999633789062,0.6,0.009708691,0.37777777799999995,0.2,0.006239853898572081,0
38.97000122070313,0.6,0.009708691,0.37777777799999995,0.4,0.013906213,1
34.389999389648445,0.6,0.009708691,0.37777777799999995,0.4,0.013715702,1
12.260000228881836,0.6,0.009708691,0.37777777799999995,0.0,0.003068075,0
60.22000122070313,0.6,0.009708691,0.37777777799999995,0.6,0.011262466,1
109.9499969482422,0.6,0.013619593000000001,0.42222222200000004,0.4,0.007276952,1
764.719970703125,0.6,0.013619593000000001,0.42222222200000004,0.4,0.012418357,1
759.1099853515625,0.6,0.013619593000000001,0.42222222200000004,0.4,0.01077864,0
15.600000381469727,0.6,0.013619593000000001,0.42222222200000004,0.8,0.014843634,1
160.35000610351562,0.6,0.013619593000000001,0.42222222200000004,0.4,0.005674496529936702,1
39.47000122070313,0.6,0.013619593000000001,0.42222222200000004,0.4,0.015231595,1
34.720001220703125,0.6,0.013619593000000001,0.42222222200000004,0.6,0.014508449,1
12.25,0.6,0.013619593000000001,0.42222222200000004,0.0,0.002588641,0
59.95000076293945,0.6,0.013619593000000001,0.42222222200000004,0.4,0.010575283999999999,0
111.02999877929688,0.8,0.014187858000000001,0.6,0.6,0.007554776,1
770.4199829101562,0.8,0.014187858000000001,0.6,0.6,0.010774755,1
771.1900024414062,0.8,0.014187858000000001,0.6,0.6,0.010640253999999998,1
16.149999618530273,0.8,0.014187858000000001,0.6,0.8,0.018594576,1
164.7899932861328,0.8,0.014187858000000001,0.6,0.6,0.009610216670716022,1
40.31999969482422,0.8,0.014187858000000001,0.6,0.6,0.017763067,1
35.5,0.8,0.014187858000000001,0.6,0.8,0.015546414,1
12.329999923706055,0.8,0.014187858000000001,0.6,0.2,0.00357245,1
61.36999893188477,0.8,0.014187858000000001,0.6,0.6,0.012595251000000002,1
112.12000274658205,1.0,0.012976028,0.7333333329999999,0.8,0.007654303,1
767.3300170898438,1.0,0.012976028,0.7333333329999999,0.6,0.009732979000000001,0
776.4199829101562,1.0,0.012976028,0.7333333329999999,0.8,0.009326552,1
16.15999984741211,1.0,0.012976028,0.7333333329999999,1.0,0.014302843999999999,1
165.36000061035156,1.0,0.012976028,0.7333333329999999,0.8,0.0073430780425664316,1
40.349998474121094,1.0,0.012976028,0.7333333329999999,0.8,0.010497101000000002,1
35.70000076293945,1.0,0.012976028,0.7333333329999999,1.0,0.011255297,1
12.220000267028807,1.0,0.012976028,0.7333333329999999,0.2,0.0039039229999999997,0
61.0099983215332,1.0,0.012976028,0.7333333329999999,0.6,0.010250384,0
113.9499969482422,1.0,0.014445972,0.7777777779999999,0.8,0.010169718000000001,1
768.6599731445312,1.0,0.014445972,0.7777777779999999,0.8,0.009189421,1
789.2899780273438,1.0,0.014445972,0.7777777779999999,0.8,0.011951848999999999,1
15.779999732971193,1.0,0.014445972,0.7777777779999999,0.8,0.01820901,0
166.52000427246094,1.0,0.014445972,0.7777777779999999,0.8,0.008495804246552299,1
40.52000045776367,1.0,0.014445972,0.7777777779999999,1.0,0.010306141999999999,1
35.7599983215332,1.0,0.014445972,0.7777777779999999,1.0,0.009221741,1
12.229999542236328,1.0,0.014445972,0.7777777779999999,0.4,0.004067578,1
61.97000122070313,1.0,0.014445972,0.7777777779999999,0.6,0.013228503,1
113.3000030517578,1.0,0.011873198,0.7111111109999999,0.8,0.009872887,0
760.1199951171875,1.0,0.011873198,0.7111111109999999,0.6,0.006273295999999999,0
789.27001953125,1.0,0.011873198,0.7111111109999999,0.6,0.008753703,0
15.829999923706055,1.0,0.011873198,0.7111111109999999,0.8,0.013154891,1
165.5,1.0,0.011873198,0.7111111109999999,0.8,0.009495905625807648,0
40.5099983215332,1.0,0.011873198,0.7111111109999999,0.8,0.007913946,0
35.970001220703125,1.0,0.011873198,0.7111111109999999,1.0,0.009049652,1
12.119999885559082,1.0,0.011873198,0.7111111109999999,0.4,0.005216022,0
62.16999816894531,1.0,0.011873198,0.7111111109999999,0.6,0.010599701000000001,1
115.19000244140624,1.0,0.008120974,0.7555555559999999,0.8,0.011669437,1
774.3400268554688,1.0,0.008120974,0.7555555559999999,0.6,0.008603106999999999,1
796.0999755859375,1.0,0.008120974,0.7555555559999999,0.8,0.009589993,1
15.81999969482422,1.0,0.008120974,0.7555555559999999,0.6,0.012638146999999999,0
168.2899932861328,1.0,0.008120974,0.7555555559999999,0.8,0.012229348348822831,1
40.7599983215332,1.0,0.008120974,0.7555555559999999,0.8,0.006582133,1
36.79999923706055,1.0,0.008120974,0.7555555559999999,1.0,0.011745425,1
12.270000457763672,1.0,0.008120974,0.7555555559999999,0.6,0.007528143,1
62.97999954223633,1.0,0.008120974,0.7555555559999999,0.8,0.01230875,1
115.19000244140624,0.8,0.007731422,0.622222222,0.6,0.009704904,0
768.8200073242188,0.8,0.007731422,0.622222222,0.4,0.008538097,0
797.0700073242188,0.8,0.007731422,0.622222222,0.8,0.00665101,1
15.609999656677244,0.8,0.007731422,0.622222222,0.4,0.008241743000000001,0
168.50999450683594,0.8,0.007731422,0.622222222,0.8,0.006952933576328105,1
40.88000106811523,0.8,0.007731422,0.622222222,0.8,0.0028638979999999997,1
36.54999923706055,0.8,0.007731422,0.622222222,0.8,0.00861104,0
12.010000228881836,0.8,0.007731422,0.622222222,0.4,0.010460004,0
62.68000030517578,0.8,0.007731422,0.622222222,0.6,0.008524156,0
115.81999969482422,0.8,0.008283617,0.577777778,0.6,0.008835304,1
761.0,0.8,0.008283617,0.577777778,0.4,0.009770235,0
797.8499755859375,0.8,0.008283617,0.577777778,0.8,0.005490379,1
15.510000228881836,0.8,0.008283617,0.577777778,0.2,0.009399123,0
168.02000427246094,0.8,0.008283617,0.577777778,0.6,0.006842691396525333,0
40.86000061035156,0.8,0.008283617,0.577777778,0.6,0.002812945,0
36.790000915527344,0.8,0.008283617,0.577777778,0.8,0.008797554,1
12.020000457763672,0.8,0.008283617,0.577777778,0.6,0.008842275,1
62.58000183105469,0.8,0.008283617,0.577777778,0.6,0.007670018000000001,0
115.97000122070312,0.6,0.0073783880000000005,0.42222222200000004,0.6,0.00582998,1
757.77001953125,0.6,0.0073783880000000005,0.42222222200000004,0.2,0.010272466999999999,0
790.7999877929688,0.6,0.0073783880000000005,0.42222222200000004,0.6,0.003942411,0
15.050000190734865,0.6,0.0073783880000000005,0.42222222200000004,0.2,0.010627808999999998,0
166.72999572753906,0.6,0.0073783880000000005,0.42222222200000004,0.4,0.006975229072856279,0
39.099998474121094,0.6,0.0073783880000000005,0.42222222200000004,0.4,0.0105851,0
36.310001373291016,0.6,0.0073783880000000005,0.42222222200000004,0.6,0.011070835,0
11.979999542236328,0.6,0.0073783880000000005,0.42222222200000004,0.4,0.009344193,0
62.29999923706055,0.6,0.0073783880000000005,0.42222222200000004,0.4,0.005417847,0
116.63999938964844,0.4,0.007940803,0.5111111110000001,0.8,0.005844608,1
766.0,0.4,0.007940803,0.5111111110000001,0.4,0.010222582,1
794.2000122070312,0.4,0.007940803,0.5111111110000001,0.8,0.004797248,1
15.119999885559082,0.4,0.007940803,0.5111111110000001,0.2,0.010924322,1
166.67999267578125,0.4,0.007940803,0.5111111110000001,0.4,0.005810126775035408,0
38.900001525878906,0.4,0.007940803,0.5111111110000001,0.4,0.011558734,0
36.88999938964844,0.4,0.007940803,0.5111111110000001,0.6,0.013091023,1
12.010000228881836,0.4,0.007940803,0.5111111110000001,0.6,0.00804619,1
63.61999893188477,0.4,0.007940803,0.5111111110000001,0.4,0.009009942,1
116.9499969482422,0.4,0.007490141999999999,0.46666666700000003,0.8,0.003039879,1
771.219970703125,0.4,0.007490141999999999,0.46666666700000003,0.4,0.007843975999999999,1
796.4199829101562,0.4,0.007490141999999999,0.46666666700000003,0.8,0.003625592,1
15.079999923706055,0.4,0.007490141999999999,0.46666666700000003,0.2,0.011327076,0
167.60000610351562,0.4,0.007490141999999999,0.46666666700000003,0.4,0.0035424615275767594,1
39.0,0.4,0.007490141999999999,0.46666666700000003,0.4,0.010838601000000002,1
37.209999084472656,0.4,0.007490141999999999,0.46666666700000003,0.6,0.010210964,1
11.979999542236328,0.4,0.007490141999999999,0.46666666700000003,0.4,0.006070528,0
63.540000915527344,0.4,0.007490141999999999,0.46666666700000003,0.2,0.006655666,0
117.05999755859376,0.4,0.0061316719999999995,0.444444444,1.0,0.003227995,1
770.5999755859375,0.4,0.0061316719999999995,0.444444444,0.4,0.006579024,0
794.5599975585938,0.4,0.0061316719999999995,0.444444444,0.6,0.003848983,0
15.140000343322756,0.4,0.0061316719999999995,0.444444444,0.4,0.00946797,1
167.3300018310547,0.4,0.0061316719999999995,0.444444444,0.2,0.0036032074136973374,0
38.83000183105469,0.4,0.0061316719999999995,0.444444444,0.2,0.011121561,0
36.97999954223633,0.4,0.0061316719999999995,0.444444444,0.6,0.010088492,0
11.93000030517578,0.4,0.0061316719999999995,0.444444444,0.4,0.002667257,0
63.540000915527344,0.4,0.0061316719999999995,0.444444444,0.2,0.005702985,0
116.29000091552734,0.2,0.005935934,0.4,0.8,0.0034497140000000004,0
766.3400268554688,0.2,0.005935934,0.4,0.4,0.005650354000000001,0
791.260009765625,0.2,0.005935934,0.4,0.4,0.004483919,0
15.140000343322756,0.2,0.005935934,0.4,0.4,0.008186747,0
167.05999755859375,0.2,0.005935934,0.4,0.2,0.00334437182086506,0
38.959999084472656,0.2,0.005935934,0.4,0.4,0.011693282,1
36.93000030517578,0.2,0.005935934,0.4,0.4,0.009045626,0
11.869999885559082,0.2,0.005935934,0.4,0.2,0.0035066000000000003,0
63.54999923706055,0.2,0.005935934,0.4,0.4,0.00541538,1
116.5199966430664,0.2,0.004451693,0.42222222200000004,0.8,0.003586244,1
760.5900268554688,0.2,0.004451693,0.42222222200000004,0.4,0.006302115,0
789.9099731445312,0.2,0.004451693,0.42222222200000004,0.4,0.00305791,0
15.100000381469727,0.2,0.004451693,0.42222222200000004,0.4,0.002783491,0
166.7100067138672,0.2,0.004451693,0.42222222200000004,0.2,0.002227830383635204,0
38.77999877929688,0.2,0.004451693,0.42222222200000004,0.4,0.004002515999999999,0
36.97000122070313,0.2,0.004451693,0.42222222200000004,0.6,0.006652855,1
11.850000381469727,0.2,0.004451693,0.42222222200000004,0.2,0.003178003,0
63.2400016784668,0.2,0.004451693,0.42222222200000004,0.4,0.005496119,0
117.26000213623048,0.4,0.00446571,0.46666666700000003,0.8,0.0037009540000000002,1
771.4000244140625,0.4,0.00446571,0.46666666700000003,0.4,0.0069724869999999994,1
791.5499877929688,0.4,0.00446571,0.46666666700000003,0.4,0.002613256,1
15.210000038146973,0.4,0.00446571,0.46666666700000003,0.4,0.0033102120000000003,1
167.13999938964844,0.4,0.00446571,0.46666666700000003,0.4,0.002683706580038803,1
38.81999969482422,0.4,0.00446571,0.46666666700000003,0.6,0.00318581,1
37.06999969482422,0.4,0.00446571,0.46666666700000003,0.6,0.003999124000000001,1
11.880000114440918,0.4,0.00446571,0.46666666700000003,0.2,0.003183482,1
63.27999877929688,0.4,0.00446571,0.46666666700000003,0.4,0.0013850529999999998,1
116.76000213623048,0.2,0.00411261,0.355555556,0.6,0.004022213,0
772.1300048828125,0.2,0.00411261,0.355555556,0.4,0.005798831999999999,1
785.0499877929688,0.2,0.00411261,0.355555556,0.2,0.003696557,0
14.9399995803833,0.2,0.00411261,0.355555556,0.4,0.0063314140000000005,0
166.19000244140625,0.2,0.00411261,0.355555556,0.2,0.00271654665363041,0
38.68000030517578,0.2,0.00411261,0.355555556,0.4,0.003392954,0
36.63000106811523,0.2,0.00411261,0.355555556,0.4,0.004638118,0
11.859999656677244,0.2,0.00411261,0.355555556,0.2,0.003020595,0
62.9900016784668,0.2,0.00411261,0.355555556,0.4,0.002050118,0
116.7300033569336,0.2,0.0035634940000000004,0.4,0.4,0.003885483,0
765.1500244140625,0.2,0.0035634940000000004,0.4,0.4,0.007446029,0
782.7899780273438,0.2,0.0035634940000000004,0.4,0.2,0.003805233,0
14.9399995803833,0.2,0.0035634940000000004,0.4,0.2,0.005535651999999999,0
166.60000610351562,0.2,0.0035634940000000004,0.4,0.4,0.0028877614186977453,1
38.68999862670898,0.2,0.0035634940000000004,0.4,0.6,0.002572866,1
36.65999984741211,0.2,0.0035634940000000004,0.4,0.6,0.003565688,1
11.869999885559082,0.2,0.0035634940000000004,0.4,0.4,0.002354521,1
62.9000015258789,0.2,0.0035634940000000004,0.4,0.4,0.002335878,0
115.81999969482422,0.4,0.003062057,0.37777777799999995,0.4,0.004129084,0
749.8699951171875,0.4,0.003062057,0.37777777799999995,0.4,0.010334405999999999,0
771.8200073242188,0.4,0.003062057,0.37777777799999995,0.2,0.005777375,0
14.84000015258789,0.4,0.003062057,0.37777777799999995,0.2,0.0068743319999999995,0
165.99000549316406,0.4,0.003062057,0.37777777799999995,0.4,0.003297334346710104,0
38.45000076293945,0.4,0.003062057,0.37777777799999995,0.4,0.003143915,0
36.27000045776367,0.4,0.003062057,0.37777777799999995,0.6,0.005422931999999999,0
12.0,0.4,0.003062057,0.37777777799999995,0.6,0.0035390440000000003,1
62.13999938964844,0.4,0.003062057,0.37777777799999995,0.2,0.004720948,0
116.1500015258789,0.4,0.004254116,0.533333333,0.4,0.004303382,1
753.6699829101562,0.4,0.004254116,0.533333333,0.6,0.009847273,1
786.1400146484375,0.4,0.004254116,0.533333333,0.4,0.00914685,1
14.850000381469727,0.4,0.004254116,0.533333333,0.4,0.006480705,1
167.19000244140625,0.4,0.004254116,0.533333333,0.6,0.004324200675583751,1
38.54999923706055,0.4,0.004254116,0.533333333,0.6,0.0027400370000000003,1
36.599998474121094,0.4,0.004254116,0.533333333,0.6,0.007025975,1
12.289999961853027,0.4,0.004254116,0.533333333,0.8,0.008035401,1
62.58000183105469,0.4,0.004254116,0.533333333,0.4,0.005161511,1
116.0199966430664,0.4,0.006301586,0.46666666700000003,0.2,0.003257061,0
757.1799926757812,0.4,0.006301586,0.46666666700000003,0.6,0.007936188,1
786.9000244140625,0.4,0.006301586,0.46666666700000003,0.4,0.008924961,1
15.079999923706055,0.4,0.006301586,0.46666666700000003,0.4,0.008121393000000001,1
169.25999450683594,0.4,0.006301586,0.46666666700000003,0.6,0.006284558735009093,1
38.7400016784668,0.4,0.006301586,0.46666666700000003,0.6,0.003519485,1
36.40999984741211,0.4,0.006301586,0.46666666700000003,0.4,0.007523248000000001,0
12.649999618530273,0.4,0.006301586,0.46666666700000003,0.8,0.013387491999999999,1
62.29999923706055,0.4,0.006301586,0.46666666700000003,0.2,0.005929881,0
116.61000061035156,0.4,0.0059751380000000005,0.533333333,0.4,0.003421328,1
780.4500122070312,0.4,0.0059751380000000005,0.533333333,0.6,0.013893423,1
794.02001953125,0.4,0.0059751380000000005,0.533333333,0.6,0.009092245,1
15.06999969482422,0.4,0.0059751380000000005,0.533333333,0.4,0.00470372,0
168.6999969482422,0.4,0.0059751380000000005,0.533333333,0.6,0.005809491838036758,0
38.63999938964844,0.4,0.0059751380000000005,0.533333333,0.6,0.003314485,0
36.349998474121094,0.4,0.0059751380000000005,0.533333333,0.4,0.005478956,0
12.869999885559082,0.4,0.0059751380000000005,0.533333333,1.0,0.01652905,1
62.29999923706055,0.4,0.0059751380000000005,0.533333333,0.2,0.005013329,0
117.91000366210938,0.6,0.007419654,0.577777778,0.6,0.0055996019999999995,1
795.989990234375,0.6,0.007419654,0.577777778,0.8,0.016067754,1
806.1500244140625,0.6,0.007419654,0.577777778,0.8,0.011571823,1
15.0,0.6,0.007419654,0.577777778,0.4,0.0056327140000000005,0
169.52999877929688,0.6,0.007419654,0.577777778,0.6,0.006300073728680336,1
38.45000076293945,0.6,0.007419654,0.577777778,0.4,0.004246217,0
36.47999954223633,0.6,0.007419654,0.577777778,0.4,0.006030436,1
12.710000038146973,0.6,0.007419654,0.577777778,0.8,0.018846812,0
62.84000015258789,0.6,0.007419654,0.577777778,0.4,0.006461119,1
118.98999786376952,0.4,0.009107126,0.688888889,0.8,0.005872338,1
796.9199829101562,0.4,0.009107126,0.688888889,1.0,0.012307428,1
806.6500244140625,0.4,0.009107126,0.688888889,1.0,0.008893082,1
14.68000030517578,0.4,0.009107126,0.688888889,0.4,0.008560696,0
167.64999389648438,0.4,0.009107126,0.688888889,0.6,0.007785682419493799,0
39.02999877929688,0.4,0.009107126,0.688888889,0.6,0.006022492,1
36.61000061035156,0.4,0.009107126,0.688888889,0.6,0.004615505,1
12.890000343322756,0.4,0.009107126,0.688888889,0.8,0.019488834,1
62.63999938964844,0.4,0.009107126,0.688888889,0.4,0.004681118,0
119.11000061035156,0.4,0.009478193000000001,0.5555555560000001,0.8,0.005504187,1
795.9000244140625,0.4,0.009478193000000001,0.5555555560000001,0.8,0.011549898000000001,0
804.7899780273438,0.4,0.009478193000000001,0.5555555560000001,0.8,0.005643548000000001,0
14.6899995803833,0.4,0.009478193000000001,0.5555555560000001,0.4,0.008562152,1
165.52000427246094,0.4,0.009478193000000001,0.5555555560000001,0.4,0.008880811678091637,0
38.65999984741211,0.4,0.009478193000000001,0.5555555560000001,0.4,0.007398315999999999,0
36.540000915527344,0.4,0.009478193000000001,0.5555555560000001,0.4,0.003178238,0
12.970000267028807,0.4,0.009478193000000001,0.5555555560000001,0.8,0.015896773,1
62.61999893188477,0.4,0.009478193000000001,0.5555555560000001,0.2,0.0033288109999999997,0
119.75,0.4,0.007906446,0.6,1.0,0.006354966,1
799.02001953125,0.4,0.007906446,0.6,0.8,0.01140247,1
807.9099731445312,0.4,0.007906446,0.6,0.8,0.006225552,1
14.9399995803833,0.4,0.007906446,0.6,0.4,0.008868191999999999,1
167.75,0.4,0.007906446,0.6,0.4,0.009099129743683095,1
39.11000061035156,0.4,0.007906446,0.6,0.4,0.008740562,1
36.95000076293945,0.4,0.007906446,0.6,0.6,0.004384109000000001,1
12.93000030517578,0.4,0.007906446,0.6,0.6,0.010655163999999998,0
63.18999862670898,0.4,0.007906446,0.6,0.4,0.004254452,1
119.25,0.4,0.008615241,0.6,0.8,0.006172967,0
813.6400146484375,0.4,0.008615241,0.6,0.8,0.008915455,1
806.3599853515625,0.4,0.008615241,0.6,0.6,0.004799624000000001,0
14.789999961853027,0.4,0.008615241,0.6,0.4,0.01074359,0
167.9499969482422,0.4,0.008615241,0.6,0.6,0.008675875155554184,1
39.20000076293945,0.4,0.008615241,0.6,0.6,0.008684529,1
36.709999084472656,0.4,0.008615241,0.6,0.6,0.005353584000000001,0
13.18000030517578,0.4,0.008615241,0.6,0.6,0.011043875,1
62.61000061035156,0.4,0.008615241,0.6,0.4,0.006090179,0
119.04000091552734,0.4,0.007110515,0.577777778,0.6,0.0042955070000000005,0
817.1400146484375,0.4,0.007110515,0.577777778,0.8,0.005793474,1
807.8800048828125,0.4,0.007110515,0.577777778,0.6,0.0021212920000000003,1
14.770000457763672,0.4,0.007110515,0.577777778,0.4,0.010085041999999999,0
167.33999633789062,0.4,0.007110515,0.577777778,0.4,0.008418285117793542,0
39.2599983215332,0.4,0.007110515,0.577777778,0.8,0.008007209,1
36.790000915527344,0.4,0.007110515,0.577777778,0.6,0.0050741679999999996,1
13.18000030517578,0.4,0.007110515,0.577777778,0.6,0.008557475,0
62.70000076293945,0.4,0.007110515,0.577777778,0.4,0.004644124,1
120.0,0.4,0.007221453,0.533333333,0.6,0.0040765129999999995,1
809.719970703125,0.4,0.007221453,0.533333333,0.6,0.007375906,0
804.6099853515625,0.4,0.007221453,0.533333333,0.4,0.002806776,0
14.579999923706055,0.4,0.007221453,0.533333333,0.4,0.008391169,0
167.88999938964844,0.4,0.007221453,0.533333333,0.6,0.006857730794597125,1
39.099998474121094,0.4,0.007221453,0.533333333,0.6,0.005805393000000001,0
36.79999923706055,0.4,0.007221453,0.533333333,0.6,0.004415796,1
13.25,0.4,0.007221453,0.533333333,0.6,0.006787265,1
62.52999877929688,0.4,0.007221453,0.533333333,0.4,0.004549855,0
119.98999786376952,0.6,0.006315535,0.533333333,0.4,0.0038914809999999996,0
807.47998046875,0.6,0.006315535,0.533333333,0.6,0.007673206,0
806.0700073242188,0.6,0.006315535,0.533333333,0.6,0.002708512,1
14.579999923706055,0.6,0.006315535,0.533333333,0.2,0.008254939000000001,0
166.8000030517578,0.6,0.006315535,0.533333333,0.6,0.005615199905758625,0
39.18999862670898,0.6,0.006315535,0.533333333,0.8,0.00436978,1
36.7599983215332,0.6,0.006315535,0.533333333,0.6,0.004250785,0
13.279999732971193,0.6,0.006315535,0.533333333,0.6,0.00599882,1
62.5,0.6,0.006315535,0.533333333,0.4,0.004581947,0
119.77999877929688,0.4,0.005332966,0.444444444,0.2,0.0031668720000000003,0
809.0399780273438,0.4,0.005332966,0.444444444,0.6,0.007275576,1
802.1749877929688,0.4,0.005332966,0.444444444,0.4,0.002899578,0
14.859999656677244,0.4,0.005332966,0.444444444,0.2,0.008692136999999999,1
166.80999755859375,0.4,0.005332966,0.444444444,0.6,0.002932650534349155,1
39.209999084472656,0.4,0.005332966,0.444444444,0.8,0.0021438570000000003,1
36.56999969482422,0.4,0.005332966,0.444444444,0.4,0.003040395,0
13.130000114440918,0.4,0.005332966,0.444444444,0.6,0.007641043,0
62.29999923706055,0.4,0.005332966,0.444444444,0.2,0.003401445,0
120.0,0.6,0.00528263,0.488888889,0.4,0.002699141,1
808.3300170898438,0.6,0.00528263,0.488888889,0.4,0.003791601,0
805.02001953125,0.6,0.00528263,0.488888889,0.6,0.003225204,1
14.729999542236328,0.6,0.00528263,0.488888889,0.2,0.008433776,0
170.5500030517578,0.6,0.00528263,0.488888889,0.6,0.0071783543865276845,1
39.86999893188477,0.6,0.00528263,0.488888889,0.8,0.005050104000000001,1
36.93999862670898,0.6,0.00528263,0.488888889,0.6,0.0037648440000000003,1
13.039999961853027,0.6,0.00528263,0.488888889,0.4,0.005144976,0
62.7400016784668,0.6,0.00528263,0.488888889,0.4,0.002978246,1
120.08000183105469,0.4,0.004481523,0.488888889,0.6,0.002480278,1
817.8800048828125,0.4,0.004481523,0.488888889,0.4,0.005294163,1
819.3099975585938,0.4,0.004481523,0.488888889,0.6,0.006398414,1
14.670000076293945,0.4,0.004481523,0.488888889,0.2,0.008977986,0
171.02999877929688,0.4,0.004481523,0.488888889,0.8,0.007014826742085293,1
39.68000030517578,0.4,0.004481523,0.488888889,0.6,0.005697084,0
36.77000045776367,0.4,0.004481523,0.488888889,0.4,0.004249387,0
12.920000076293945,0.4,0.004481523,0.488888889,0.4,0.006985465,0
62.959999084472656,0.4,0.004481523,0.488888889,0.4,0.00339205,1
119.97000122070312,0.6,0.004226452,0.5555555560000001,0.4,0.001050589,0
822.4400024414062,0.6,0.004226452,0.5555555560000001,0.6,0.00459314,1
823.8699951171875,0.6,0.004226452,0.5555555560000001,0.8,0.006702014,1
15.170000076293945,0.6,0.004226452,0.5555555560000001,0.4,0.013221829,1
175.89999389648438,0.6,0.004226452,0.5555555560000001,0.8,0.012052380408371128,1
40.099998474121094,0.6,0.004226452,0.5555555560000001,0.8,0.006998931999999999,1
37.61999893188477,0.6,0.004226452,0.5555555560000001,0.4,0.008818359,1
12.779999732971193,0.6,0.004226452,0.5555555560000001,0.2,0.008090442,0
63.52000045776367,0.6,0.004226452,0.5555555560000001,0.6,0.004628691,1
121.87999725341795,0.6,0.004598112,0.688888889,0.6,0.004218041,1
836.52001953125,0.6,0.004598112,0.688888889,0.8,0.007463826,1
835.6699829101562,0.6,0.004598112,0.688888889,0.8,0.009203626,1
15.1899995803833,0.6,0.004598112,0.688888889,0.6,0.0134855,1
178.2899932861328,0.6,0.004598112,0.688888889,1.0,0.013471368029019921,1
40.150001525878906,0.6,0.004598112,0.688888889,0.8,0.006787965,1
37.79999923706055,0.6,0.004598112,0.688888889,0.6,0.009557903000000001,1
12.949999809265135,0.6,0.004598112,0.688888889,0.2,0.010298024,1
63.68000030517578,0.6,0.004598112,0.688888889,0.8,0.005036519000000001,1
121.94000244140624,0.8,0.0054670709999999996,0.7111111109999999,0.8,0.003966479,1
839.1500244140625,0.8,0.0054670709999999996,0.7111111109999999,0.8,0.007706236,1
832.1500244140625,0.8,0.0054670709999999996,0.7111111109999999,0.8,0.009079631999999999,0
14.789999961853027,0.8,0.0054670709999999996,0.7111111109999999,0.4,0.014911243999999999,0
178.66000366210938,0.8,0.0054670709999999996,0.7111111109999999,1.0,0.013874449988462078,1
40.13000106811523,0.8,0.0054670709999999996,0.7111111109999999,0.6,0.006785525,0
37.560001373291016,0.8,0.0054670709999999996,0.7111111109999999,0.6,0.009794008,0
13.149999618530273,0.8,0.0054670709999999996,0.7111111109999999,0.4,0.011127794,1
64.26999664306639,0.8,0.0054670709999999996,0.7111111109999999,1.0,0.00624952,1
121.9499969482422,0.6,0.005938028000000001,0.688888889,0.8,0.00361553,1
835.77001953125,0.6,0.005938028000000001,0.688888889,0.8,0.008336308,0
823.3099975585938,0.6,0.005938028000000001,0.688888889,0.6,0.010494926000000002,0
14.800000190734865,0.6,0.005938028000000001,0.688888889,0.6,0.013296809,1
177.3000030517578,0.6,0.005938028000000001,0.688888889,0.8,0.010912745219621395,0
40.22999954223633,0.6,0.005938028000000001,0.688888889,0.6,0.00391741,1
37.97999954223633,0.6,0.005938028000000001,0.688888889,0.6,0.010006909,1
13.079999923706055,0.6,0.005938028000000001,0.688888889,0.4,0.01082152,0
65.77999877929689,0.6,0.005938028000000001,0.688888889,1.0,0.009535925,1
121.62999725341795,0.6,0.006345885,0.6,0.6,0.0040069979999999995,0
830.3800048828125,0.6,0.006345885,0.6,0.6,0.007263246,0
802.3200073242188,0.6,0.006345885,0.6,0.4,0.012043637,0
14.84000015258789,0.6,0.006345885,0.6,0.8,0.013022691999999999,1
175.8000030517578,0.6,0.006345885,0.6,0.6,0.012041912803590174,0
40.22999954223633,0.6,0.006345885,0.6,0.6,0.0029643190000000004,0
37.41999816894531,0.6,0.006345885,0.6,0.6,0.012035435,0
13.020000457763672,0.6,0.006345885,0.6,0.4,0.009898453,0
65.12999725341797,0.6,0.006345885,0.6,0.8,0.010810916,0
121.3499984741211,0.6,0.011397088,0.488888889,0.6,0.004284197,0
823.47998046875,0.6,0.011397088,0.488888889,0.4,0.007810065,0
796.7899780273438,0.6,0.011397088,0.488888889,0.2,0.012309015,0
15.050000190734865,0.6,0.011397088,0.488888889,0.8,0.009036248,1
174.52000427246094,0.6,0.011397088,0.488888889,0.4,0.007803209960145587,0
40.11000061035156,0.6,0.011397088,0.488888889,0.4,0.001443958,0
36.81999969482422,0.6,0.011397088,0.488888889,0.4,0.010618942,0
13.029999732971193,0.6,0.011397088,0.488888889,0.6,0.007884864,1
64.65000152587889,0.6,0.011397088,0.488888889,0.6,0.010505966,0
128.75,0.6,0.010844592,0.333333333,0.6,0.013296203999999999,1
832.3499755859375,0.6,0.010844592,0.333333333,0.4,0.006540373,1
795.6950073242188,0.6,0.010844592,0.333333333,0.0,0.009719334,0
14.989999771118164,0.6,0.010844592,0.333333333,0.6,0.009569924,0
174.2899932861328,0.6,0.010844592,0.333333333,0.2,0.0053493501507936286,0
39.84000015258789,0.6,0.010844592,0.333333333,0.2,0.002540866,0
36.52000045776367,0.6,0.010844592,0.333333333,0.2,0.011291548,0
12.989999771118164,0.6,0.010844592,0.333333333,0.4,0.005838423000000001,0
63.58000183105469,0.6,0.010844592,0.333333333,0.4,0.013312319,0
128.52999877929688,0.4,0.009636723,0.355555556,0.4,0.013539487,0
839.9500122070312,0.4,0.009636723,0.355555556,0.4,0.007737740999999999,1
798.530029296875,0.4,0.009636723,0.355555556,0.2,0.009589496,1
15.210000038146973,0.4,0.009636723,0.355555556,0.8,0.007238600000000001,1
174.5800018310547,0.4,0.009636723,0.355555556,0.2,0.00526707289081394,1
39.97999954223633,0.4,0.009636723,0.355555556,0.4,0.003144045,1
36.68000030517578,0.4,0.009636723,0.355555556,0.4,0.010897948999999999,1
12.890000343322756,0.4,0.009636723,0.355555556,0.2,0.00428926,0
63.16999816894531,0.4,0.009636723,0.355555556,0.2,0.01274904,0
129.08000183105472,0.4,0.009204959,0.37777777799999995,0.4,0.014378931000000001,1
810.2000122070312,0.4,0.009204959,0.37777777799999995,0.4,0.014015917,0
801.489990234375,0.4,0.009204959,0.37777777799999995,0.4,0.008206225,1
15.270000457763672,0.4,0.009204959,0.37777777799999995,0.8,0.007892330999999999,1
175.82000732421875,0.4,0.009204959,0.37777777799999995,0.4,0.005165185831906104,1
40.43000030517578,0.4,0.009204959,0.37777777799999995,0.4,0.0048968020000000004,1
36.52000045776367,0.4,0.009204959,0.37777777799999995,0.2,0.009533947,0
12.850000381469727,0.4,0.009204959,0.37777777799999995,0.2,0.0038452620000000003,0
63.68000030517578,0.4,0.009204959,0.37777777799999995,0.2,0.009664804,1
130.28999328613278,0.4,0.010384329,0.42222222200000004,0.6,0.015728918999999997,1
807.6400146484375,0.4,0.010384329,0.42222222200000004,0.4,0.013358027,0
801.3400268554688,0.4,0.010384329,0.42222222200000004,0.4,0.0031447190000000002,0
15.260000228881836,0.4,0.010384329,0.42222222200000004,0.6,0.00748277,0
175.86000061035156,0.4,0.010384329,0.42222222200000004,0.6,0.0035186319252539424,1
40.099998474121094,0.4,0.010384329,0.42222222200000004,0.4,0.006529261999999999,0
36.27000045776367,0.4,0.010384329,0.42222222200000004,0.2,0.007954132,0
12.920000076293945,0.4,0.010384329,0.42222222200000004,0.4,0.004017328,1
63.63999938964844,0.4,0.010384329,0.42222222200000004,0.2,0.007814146,0
131.52999877929688,0.2,0.004551231,0.5111111110000001,0.8,0.017171963000000002,1
812.5,0.2,0.004551231,0.5111111110000001,0.6,0.012899635,1
806.969970703125,0.2,0.004551231,0.5111111110000001,0.6,0.003171342,1
15.43000030517578,0.2,0.004551231,0.5111111110000001,0.6,0.006880629,1
178.4600067138672,0.2,0.004551231,0.5111111110000001,0.8,0.00501933757494207,1
40.06999969482422,0.2,0.004551231,0.5111111110000001,0.4,0.006082318000000001,0
36.349998474121094,0.2,0.004551231,0.5111111110000001,0.4,0.005188423,1
12.90999984741211,0.2,0.004551231,0.5111111110000001,0.2,0.004018532,0
63.43000030517578,0.2,0.004551231,0.5111111110000001,0.2,0.007000143,0
132.03999328613278,0.0,0.005339919,0.6,0.8,0.005751313,1
819.7100219726562,0.0,0.005339919,0.6,0.6,0.012520138,1
808.3800048828125,0.0,0.005339919,0.6,0.8,0.00324596,1
15.510000228881836,0.0,0.005339919,0.6,0.8,0.0071202209999999995,1
176.1699981689453,0.0,0.005339919,0.6,0.8,0.007322155799857974,0
40.02000045776367,0.0,0.005339919,0.6,0.4,0.004985577,0
36.38000106811523,0.0,0.005339919,0.6,0.6,0.003723955,1
13.239999771118164,0.0,0.005339919,0.6,0.4,0.008516879,1
63.34000015258789,0.0,0.005339919,0.6,0.2,0.003973791,0
132.41999816894528,0.2,0.005752561,0.644444444,1.0,0.005985155,1
821.3599853515625,0.2,0.005752561,0.644444444,0.6,0.011096547,1
809.5599975585938,0.2,0.005752561,0.644444444,0.8,0.00282531,1
15.640000343322756,0.2,0.005752561,0.644444444,0.8,0.0058612659999999995,1
177.2100067138672,0.2,0.005752561,0.644444444,0.8,0.008170054746950402,1
40.22999954223633,0.2,0.005752561,0.644444444,0.4,0.00533224,1
35.459999084472656,0.2,0.005752561,0.644444444,0.4,0.007905458,0
13.300000190734865,0.2,0.005752561,0.644444444,0.6,0.007883593000000001,1
64.05999755859375,0.2,0.005752561,0.644444444,0.4,0.004957502,1
132.1199951171875,0.4,0.006757851,0.644444444,0.8,0.005582426999999999,0
827.4600219726562,0.4,0.006757851,0.644444444,0.8,0.005498141999999999,1
813.6699829101562,0.4,0.006757851,0.644444444,0.8,0.00309932,1
15.720000267028807,0.4,0.006757851,0.644444444,0.8,0.006095323000000001,1
178.67999267578125,0.4,0.006757851,0.644444444,0.8,0.008408528966585392,1
40.790000915527344,0.4,0.006757851,0.644444444,0.4,0.005865109,1
35.34000015258789,0.4,0.006757851,0.644444444,0.4,0.007709862,0
13.420000076293945,0.4,0.006757851,0.644444444,0.8,0.009067467,1
64.0,0.4,0.006757851,0.644444444,0.2,0.003530122,0
133.28999328613278,0.6,0.007717759,0.7777777779999999,0.8,0.005478748,1
836.530029296875,0.6,0.007717759,0.7777777779999999,1.0,0.007058453,1
819.239990234375,0.6,0.007717759,0.7777777779999999,1.0,0.0044310059999999995,1
16.040000915527347,0.6,0.007717759,0.7777777779999999,1.0,0.010035599000000001,1
179.36000061035156,0.6,0.007717759,0.7777777779999999,0.8,0.009124181666119035,1
41.09000015258789,0.6,0.007717759,0.7777777779999999,0.6,0.005703594,1
35.79999923706055,0.6,0.007717759,0.7777777779999999,0.6,0.008944025999999999,1
13.4399995803833,0.6,0.007717759,0.7777777779999999,0.8,0.008276033,1
64.72000122070311,0.6,0.007717759,0.7777777779999999,0.4,0.005654495,1
135.02000427246094,0.8,0.006854318000000001,0.7777777779999999,0.8,0.006171154,1
836.3900146484375,0.8,0.006854318000000001,0.7777777779999999,0.8,0.005888425,0
820.4500122070312,0.8,0.006854318000000001,0.7777777779999999,1.0,0.003321275,1
16.059999465942386,0.8,0.006854318000000001,0.7777777779999999,1.0,0.00805691,1
180.1300048828125,0.8,0.006854318000000001,0.7777777779999999,0.8,0.00702589034948521,1
41.099998474121094,0.8,0.006854318000000001,0.7777777779999999,0.8,0.005602639,1
35.93000030517578,0.8,0.006854318000000001,0.7777777779999999,0.6,0.009229164,1
13.369999885559082,0.8,0.006854318000000001,0.7777777779999999,0.8,0.009162893,0
64.56999969482422,0.8,0.006854318000000001,0.7777777779999999,0.4,0.005458075,0
135.50999450683594,1.0,0.006798288,0.7777777779999999,0.8,0.0061214780000000005,1
842.7000122070312,1.0,0.006798288,0.7777777779999999,0.8,0.005622515,1
818.97998046875,1.0,0.006798288,0.7777777779999999,0.8,0.003330159,0
15.979999542236328,1.0,0.006798288,0.7777777779999999,0.8,0.008016233000000001,0
181.67999267578125,1.0,0.006798288,0.7777777779999999,1.0,0.0061804451277564405,1
41.40999984741211,1.0,0.006798288,0.7777777779999999,1.0,0.006861603000000001,1
36.04999923706055,1.0,0.006798288,0.7777777779999999,0.6,0.009732046999999999,1
13.449999809265135,1.0,0.006798288,0.7777777779999999,0.8,0.0052472859999999994,1
64.52999877929689,1.0,0.006798288,0.7777777779999999,0.4,0.005298196999999999,0
135.35000610351562,1.0,0.006412114,0.688888889,0.6,0.005782015,0
844.1400146484375,1.0,0.006412114,0.688888889,0.8,0.005561702,1
824.1599731445312,1.0,0.006412114,0.688888889,0.8,0.004303205,1
15.920000076293945,1.0,0.006412114,0.688888889,0.6,0.007090825,0
181.42999267578125,1.0,0.006412114,0.688888889,0.8,0.005274966830330135,0
41.59000015258789,1.0,0.006412114,0.688888889,1.0,0.0066814890000000005,1
36.40999984741211,1.0,0.006412114,0.688888889,0.8,0.006671542,1
12.270000457763672,1.0,0.006412114,0.688888889,0.6,0.021887393999999998,0
64.51999664306639,1.0,0.006412114,0.688888889,0.2,0.00305576,0
135.72000122070312,1.0,0.004949508,0.7111111109999999,0.8,0.00587563,1
845.0700073242188,1.0,0.004949508,0.7111111109999999,0.8,0.004296693,1
828.0700073242188,1.0,0.004949508,0.7111111109999999,0.8,0.004236696,1
15.949999809265135,1.0,0.004949508,0.7111111109999999,0.6,0.00644469,1
180.6699981689453,1.0,0.004949508,0.7111111109999999,0.6,0.004453716807450193,0
42.060001373291016,1.0,0.004949508,0.7111111109999999,1.0,0.006157654,1
36.47999954223633,1.0,0.004949508,0.7111111109999999,1.0,0.006379236999999999,1
12.100000381469727,1.0,0.004949508,0.7111111109999999,0.4,0.022853872,0
64.62000274658203,1.0,0.004949508,0.7111111109999999,0.4,0.003178443,1
136.69999694824222,0.8,0.0026751559999999997,0.666666667,0.8,0.005548659,1
856.4400024414062,0.8,0.0026751559999999997,0.666666667,0.8,0.00479534,1
831.6599731445312,0.8,0.0026751559999999997,0.666666667,0.8,0.003734657,1
16.129999160766598,0.8,0.0026751559999999997,0.666666667,0.6,0.00463048,1
180.25999450683602,0.8,0.0026751559999999997,0.666666667,0.4,0.00414644088971792,0
42.27000045776367,0.8,0.0026751559999999997,0.666666667,1.0,0.005685278,1
36.52000045776367,0.8,0.0026751559999999997,0.666666667,1.0,0.003995263,1
12.140000343322756,0.8,0.0026751559999999997,0.666666667,0.4,0.023216973,1
64.48999786376953,0.8,0.0026751559999999997,0.666666667,0.2,0.001330807,0
137.11000061035156,0.6,0.002813155,0.622222222,0.8,0.0035526579999999998,1
855.6099853515625,0.6,0.002813155,0.622222222,0.8,0.004955695,0
830.760009765625,0.6,0.002813155,0.622222222,0.6,0.0036556809999999996,0
16.200000762939453,0.6,0.002813155,0.622222222,0.6,0.005249089,1
181.1499938964844,0.6,0.002813155,0.622222222,0.4,0.004275289650141399,1
42.5099983215332,0.6,0.002813155,0.622222222,1.0,0.00677216,1
36.06999969482422,0.6,0.002813155,0.622222222,0.8,0.005733408000000001,0
11.970000267028807,0.6,0.002813155,0.622222222,0.4,0.024975971,0
64.36000061035156,0.6,0.002813155,0.622222222,0.2,0.001270422,0
136.52999877929688,0.6,0.002074647,0.622222222,0.6,0.003672892,0
852.1900024414062,0.6,0.002074647,0.622222222,0.6,0.004246255,0
831.3300170898438,0.6,0.002074647,0.622222222,0.8,0.0034345590000000002,1
17.600000381469727,0.6,0.002074647,0.622222222,0.8,0.021536771,1
181.6499938964844,0.6,0.002074647,0.622222222,0.4,0.0031063526817304995,1
42.959999084472656,0.6,0.002074647,0.622222222,1.0,0.00738079,1
36.18000030517578,0.6,0.002074647,0.622222222,0.8,0.005675377,1
11.960000038146973,0.6,0.002074647,0.622222222,0.2,0.023946351,0
64.62000274658203,0.6,0.002074647,0.622222222,0.4,0.001954484,1
136.66000366210938,0.4,0.001822025,0.644444444,0.8,0.0036272059999999996,1
845.239990234375,0.4,0.001822025,0.644444444,0.4,0.005535590999999999,0
828.6400146484375,0.4,0.001822025,0.644444444,0.6,0.002816729,0
17.649999618530273,0.4,0.001822025,0.644444444,1.0,0.021354012000000002,1
181.3500061035156,0.4,0.001822025,0.644444444,0.4,0.0031614356152241075,0
43.16999816894531,0.4,0.001822025,0.644444444,1.0,0.0074890830000000005,1
36.52999877929688,0.4,0.001822025,0.644444444,0.8,0.005612909,1
12.06999969482422,0.4,0.001822025,0.644444444,0.4,0.008239350999999999,1
64.62000274658203,0.4,0.001822025,0.644444444,0.4,0.001923484,0
136.92999267578122,0.2,0.002185153,0.5555555560000001,0.8,0.003475608,1
848.6400146484375,0.2,0.002185153,0.5555555560000001,0.4,0.006119761,1
829.280029296875,0.2,0.002185153,0.5555555560000001,0.6,0.002022349,1
17.649999618530273,0.2,0.002185153,0.5555555560000001,0.8,0.020977131,0
179.39999389648438,0.2,0.002185153,0.5555555560000001,0.4,0.004474203982412477,0
42.70000076293945,0.2,0.002185153,0.5555555560000001,0.8,0.0074063440000000005,0
36.5099983215332,0.2,0.002185153,0.5555555560000001,0.6,0.005337903000000001,0
11.989999771118164,0.2,0.002185153,0.5555555560000001,0.4,0.006793963,0
64.23000335693361,0.2,0.002185153,0.5555555560000001,0.2,0.0028205390000000004,0
136.99000549316406,0.2,0.0019060429999999998,0.444444444,0.8,0.002119119,1
845.0399780273438,0.2,0.0019060429999999998,0.444444444,0.2,0.004277286,0
823.2100219726562,0.2,0.0019060429999999998,0.444444444,0.4,0.002619203,0
17.370000839233402,0.2,0.0019060429999999998,0.444444444,0.6,0.021892877,0
179.82000732421875,0.2,0.0019060429999999998,0.444444444,0.6,0.00448857616934406,1
42.59000015258789,0.2,0.0019060429999999998,0.444444444,0.6,0.006923,0
36.20000076293945,0.2,0.0019060429999999998,0.444444444,0.4,0.006816750999999999,0
11.9399995803833,0.2,0.0019060429999999998,0.444444444,0.2,0.006966838,0
63.97999954223633,0.2,0.0019060429999999998,0.444444444,0.2,0.0031966359999999997,0
139.78999328613278,0.4,0.004551151,0.533333333,0.8,0.005607132,1
853.0800170898438,0.4,0.004551151,0.533333333,0.4,0.005986334,1
835.239990234375,0.4,0.004551151,0.533333333,0.6,0.005325475,1
17.6200008392334,0.4,0.004551151,0.533333333,0.6,0.023903435,1
181.9499969482422,0.4,0.004551151,0.533333333,0.6,0.005870138327827737,1
42.91999816894531,0.4,0.004551151,0.533333333,0.6,0.0073371040000000005,1
35.93000030517578,0.4,0.004551151,0.533333333,0.4,0.005844059,0
12.029999732971193,0.4,0.004551151,0.533333333,0.4,0.005673719,1
64.94000244140625,0.4,0.004551151,0.533333333,0.4,0.005794428000000001,1
138.96000671386722,0.2,0.006538489000000001,0.4,0.8,0.005948569,0
848.9099731445312,0.2,0.006538489000000001,0.4,0.4,0.006164553000000001,0
830.6300048828125,0.2,0.006538489000000001,0.4,0.4,0.00629212,0
17.319999694824222,0.2,0.006538489000000001,0.4,0.4,0.010024724,0
180.52999877929688,0.2,0.006538489000000001,0.4,0.4,0.006878975987645593,0
42.88999938964844,0.2,0.006538489000000001,0.4,0.4,0.00535974,0
35.90999984741211,0.2,0.006538489000000001,0.4,0.2,0.005345461,0
11.81999969482422,0.2,0.006538489000000001,0.4,0.4,0.008997903,0
64.01000213623047,0.2,0.006538489000000001,0.4,0.2,0.007850649,0
139.77999877929688,0.2,0.006987623,0.4,0.8,0.006938311999999999,1
849.8800048828125,0.2,0.006987623,0.4,0.6,0.004761994,1
829.0800170898438,0.2,0.006987623,0.4,0.4,0.006018172,0
17.350000381469727,0.2,0.006987623,0.4,0.4,0.009802979,1
180.0500030517578,0.2,0.006987623,0.4,0.4,0.007080446727706568,0
42.68999862670898,0.2,0.006987623,0.4,0.2,0.005314713,0
35.900001525878906,0.2,0.006987623,0.4,0.0,0.0034663840000000003,0
11.970000267028807,0.2,0.006987623,0.4,0.4,0.009696525,1
64.25,0.2,0.006987623,0.4,0.4,0.008600525,1
139.33999633789062,0.4,0.0069075000000000004,0.37777777799999995,0.6,0.007172751,0
846.6099853515625,0.4,0.0069075000000000004,0.37777777799999995,0.4,0.0047270079999999996,0
827.780029296875,0.4,0.0069075000000000004,0.37777777799999995,0.2,0.006177296,0
17.299999237060547,0.4,0.0069075000000000004,0.37777777799999995,0.4,0.010379361,0
180.47000122070312,0.4,0.0069075000000000004,0.37777777799999995,0.6,0.005396430734464393,1
42.56999969482422,0.4,0.0069075000000000004,0.37777777799999995,0.2,0.0036994740000000003,0
35.56999969482422,0.4,0.0069075000000000004,0.37777777799999995,0.0,0.005195333,0
11.9399995803833,0.4,0.0069075000000000004,0.37777777799999995,0.4,0.00887219,0
64.26999664306639,0.4,0.0069075000000000004,0.37777777799999995,0.6,0.007455717,1
139.52000427246094,0.4,0.008000216999999999,0.46666666700000003,0.6,0.007343469,1
846.02001953125,0.4,0.008000216999999999,0.46666666700000003,0.4,0.004017954000000001,0
831.9099731445312,0.4,0.008000216999999999,0.46666666700000003,0.4,0.00571121,1
17.270000457763672,0.4,0.008000216999999999,0.46666666700000003,0.4,0.007553376999999999,0
180.3800048828125,0.4,0.008000216999999999,0.46666666700000003,0.4,0.005027923833996586,0
42.599998474121094,0.4,0.008000216999999999,0.46666666700000003,0.4,0.0033251879999999998,1
35.79999923706055,0.4,0.008000216999999999,0.46666666700000003,0.2,0.0047904029999999995,1
12.020000457763672,0.4,0.008000216999999999,0.46666666700000003,0.6,0.009378206,1
64.40000152587889,0.4,0.008000216999999999,0.46666666700000003,0.8,0.0070818109999999995,1
139.0,0.2,0.005554723,0.4,0.4,0.004001016,0
850.5,0.2,0.005554723,0.4,0.4,0.003174148,1
835.3699951171875,0.2,0.005554723,0.4,0.4,0.003620338,1
17.319999694824222,0.2,0.005554723,0.4,0.4,0.005253881,1
179.4499969482422,0.2,0.005554723,0.4,0.2,0.0036900649857261225,0
42.61000061035156,0.2,0.005554723,0.4,0.4,0.001822496,1
35.61999893188477,0.2,0.005554723,0.4,0.2,0.004304276,0
11.970000267028807,0.2,0.005554723,0.4,0.4,0.008702616,0
64.98999786376953,0.2,0.005554723,0.4,0.8,0.005913151,1
138.67999267578122,0.4,0.003967506,0.488888889,0.4,0.003273982,0
853.0,0.4,0.003967506,0.488888889,0.6,0.0027843940000000004,1
838.6799926757812,0.4,0.003967506,0.488888889,0.6,0.00330893,1
17.360000610351562,0.4,0.003967506,0.488888889,0.6,0.002310551,1
177.17999267578125,0.4,0.003967506,0.488888889,0.2,0.004659156039614846,0
42.43999862670898,0.4,0.003967506,0.488888889,0.4,0.00248065,0
35.81999969482422,0.4,0.003967506,0.488888889,0.4,0.005315915,1
11.93000030517578,0.4,0.003967506,0.488888889,0.4,0.00587968,0
64.73000335693361,0.4,0.003967506,0.488888889,0.8,0.003849074,0
139.13999938964844,0.4,0.003856028,0.5555555560000001,0.4,0.002757205,1
852.4600219726562,0.4,0.003856028,0.5555555560000001,0.4,0.002682465,0
843.25,0.4,0.003856028,0.5555555560000001,0.8,0.004025532,1
17.389999389648438,0.4,0.003856028,0.5555555560000001,0.6,0.002309731,1
177.8300018310547,0.4,0.003856028,0.5555555560000001,0.4,0.004861120684596363,1
42.68000030517578,0.4,0.003856028,0.5555555560000001,0.6,0.002679045,1
35.90999984741211,0.4,0.003856028,0.5555555560000001,0.6,0.005762743000000001,1
11.979999542236328,0.4,0.003856028,0.5555555560000001,0.4,0.00417981,1
64.93000030517578,0.4,0.003856028,0.5555555560000001,0.8,0.00371714,1
139.19999694824222,0.2,0.003603745,0.622222222,0.6,0.002213881,1
854.5900268554688,0.2,0.003603745,0.622222222,0.6,0.002412671,1
845.5399780273438,0.2,0.003603745,0.622222222,1.0,0.004255066,1
17.489999771118164,0.2,0.003603745,0.622222222,0.8,0.00288344,1
176.4600067138672,0.2,0.003603745,0.622222222,0.2,0.005935377536759393,0
42.58000183105469,0.2,0.003603745,0.622222222,0.6,0.002585454,0
35.15999984741211,0.2,0.003603745,0.622222222,0.6,0.008101401999999999,0
12.039999961853027,0.2,0.003603745,0.622222222,0.6,0.004680222,1
64.70999908447266,0.2,0.003603745,0.622222222,0.6,0.00433255,0
138.99000549316406,0.2,0.002596382,0.577777778,0.4,0.0022572210000000002,0
852.530029296875,0.2,0.002596382,0.577777778,0.6,0.002755402,0
845.6199951171875,0.2,0.002596382,0.577777778,1.0,0.003276157,1
17.469999313354492,0.2,0.002596382,0.577777778,0.8,0.00276534,0
175.72000122070312,0.2,0.002596382,0.577777778,0.2,0.006674365210678232,0
42.790000915527344,0.2,0.002596382,0.577777778,0.6,0.00343089,1
35.18000030517578,0.2,0.002596382,0.577777778,0.6,0.006921948000000001,1
12.109999656677244,0.2,0.002596382,0.577777778,0.6,0.004502959,1
64.41000366210939,0.2,0.002596382,0.577777778,0.4,0.004855191,0
140.46000671386722,0.4,0.002343586,0.644444444,0.6,0.003627064,1
852.969970703125,0.4,0.002343586,0.644444444,0.6,0.0017995379999999998,1
847.2000122070312,0.4,0.002343586,0.644444444,1.0,0.002818025,1
17.569999694824222,0.4,0.002343586,0.644444444,0.8,0.003331135,1
175.80999755859375,0.4,0.002343586,0.644444444,0.4,0.005745631517792825,1
43.04999923706055,0.4,0.002343586,0.644444444,0.6,0.00459916,1
35.09999847412109,0.4,0.002343586,0.644444444,0.6,0.006371174,0
12.289999961853027,0.4,0.002343586,0.644444444,0.8,0.006643764,1
64.75,0.4,0.002343586,0.644444444,0.4,0.00407863,1
140.69000244140622,0.4,0.002314103,0.7333333329999999,0.8,0.003494111,1
853.4199829101562,0.4,0.002314103,0.7333333329999999,0.6,0.001317165,1
848.780029296875,0.4,0.002314103,0.7333333329999999,1.0,0.00239856,1
17.649999618530273,0.4,0.002314103,0.7333333329999999,0.8,0.003779872,1
177.24000549316406,0.4,0.002314103,0.7333333329999999,0.6,0.0048424392861008865,1
45.72999954223633,0.4,0.002314103,0.7333333329999999,0.8,0.016251856999999998,1
35.139999389648445,0.4,0.002314103,0.7333333329999999,0.6,0.0054761309999999995,1
12.3100004196167,0.4,0.002314103,0.7333333329999999,1.0,0.006300903,1
64.63999938964844,0.4,0.002314103,0.7333333329999999,0.4,0.003618294,0
139.99000549316406,0.4,0.002763425,0.644444444,0.6,0.003825795,0
852.3099975585938,0.4,0.002763425,0.644444444,0.6,0.001450685,0
852.1199951171875,0.4,0.002763425,0.644444444,1.0,0.002095754,1
17.559999465942386,0.4,0.002763425,0.644444444,0.6,0.004454095999999999,0
175.64999389648438,0.4,0.002763425,0.644444444,0.4,0.005902902214346043,0
45.65999984741211,0.4,0.002763425,0.644444444,0.6,0.015426984,0
35.27000045776367,0.4,0.002763425,0.644444444,0.6,0.005713521,1
12.449999809265135,0.4,0.002763425,0.644444444,1.0,0.007737256,1
64.87000274658203,0.4,0.002763425,0.644444444,0.4,0.003711996,1
141.4600067138672,0.4,0.0025664810000000002,0.666666667,0.6,0.005839706,1
856.969970703125,0.4,0.0025664810000000002,0.666666667,0.6,0.002044446,1
848.4000244140625,0.4,0.0025664810000000002,0.666666667,0.8,0.0024257320000000003,0
17.559999465942386,0.4,0.0025664810000000002,0.666666667,0.4,0.003304006,0
175.6999969482422,0.4,0.0025664810000000002,0.666666667,0.6,0.004419045205456454,1
45.22999954223633,0.4,0.0025664810000000002,0.666666667,0.6,0.016841875,0
35.43000030517578,0.4,0.0025664810000000002,0.666666667,0.8,0.0024436970000000003,1
12.5600004196167,0.4,0.0025664810000000002,0.666666667,1.0,0.008502657,1
64.93000030517578,0.4,0.0025664810000000002,0.666666667,0.6,0.003219317,1
139.83999633789062,0.4,0.005279521,0.577777778,0.6,0.007828409,0
843.2000122070312,0.4,0.005279521,0.577777778,0.6,0.004775982,0
830.4600219726562,0.4,0.005279521,0.577777778,0.6,0.006635943,0
17.149999618530273,0.4,0.005279521,0.577777778,0.4,0.007745,0
173.8800048828125,0.4,0.005279521,0.577777778,0.6,0.005652026173163786,0
44.84000015258789,0.4,0.005279521,0.577777778,0.4,0.017580018,0
35.040000915527344,0.4,0.005279521,0.577777778,0.6,0.00453145,0
12.40999984741211,0.4,0.005279521,0.577777778,0.8,0.009728416,0
64.20999908447266,0.4,0.005279521,0.577777778,0.6,0.004509894,0
141.4199981689453,0.2,0.005083103,0.5555555560000001,0.6,0.007972875,1
848.0599975585938,0.2,0.005083103,0.5555555560000001,0.6,0.005825522,1
829.5900268554688,0.2,0.005083103,0.5555555560000001,0.4,0.00647177,0
17.229999542236328,0.2,0.005083103,0.5555555560000001,0.4,0.00753312,1
174.77999877929688,0.2,0.005083103,0.5555555560000001,0.6,0.006584784286770272,1
44.790000915527344,0.2,0.005083103,0.5555555560000001,0.2,0.0165878,0
35.36999893188477,0.2,0.005083103,0.5555555560000001,0.8,0.005960186,1
12.539999961853027,0.2,0.005083103,0.5555555560000001,0.8,0.008850746999999999,1
65.02999877929689,0.2,0.005083103,0.5555555560000001,0.6,0.006008286999999999,1
140.9199981689453,0.2,0.004209013,0.444444444,0.4,0.008352499000000001,0
847.3800048828125,0.2,0.004209013,0.444444444,0.4,0.00588037,0
817.5800170898438,0.2,0.004209013,0.444444444,0.2,0.008994181,0
17.209999084472653,0.2,0.004209013,0.444444444,0.2,0.006854636,0
174.82000732421875,0.2,0.004209013,0.444444444,0.6,0.005003800686340555,1
44.95000076293945,0.2,0.004209013,0.444444444,0.2,0.004851604,1
35.27000045776367,0.2,0.004209013,0.444444444,0.6,0.006297703000000001,0
12.619999885559082,0.2,0.004209013,0.444444444,0.8,0.009801188,1
64.87000274658203,0.2,0.004209013,0.444444444,0.6,0.006160585,0
140.63999938964844,0.4,0.003766207,0.4,0.4,0.007754795,0
845.6099853515625,0.4,0.003766207,0.4,0.4,0.006038005999999999,0
814.4299926757812,0.4,0.003766207,0.4,0.0,0.00897775,0
17.229999542236328,0.4,0.003766207,0.4,0.4,0.006067233000000001,1
173.8300018310547,0.4,0.003766207,0.4,0.6,0.004342210031186648,0
44.650001525878906,0.4,0.003766207,0.4,0.2,0.0058802740000000004,0
35.15999984741211,0.4,0.003766207,0.4,0.4,0.006181562,0
12.600000381469727,0.4,0.003766207,0.4,0.6,0.007843574,0
64.98000335693361,0.4,0.003766207,0.4,0.6,0.005788083,1
140.8800048828125,0.4,0.005860965,0.4,0.4,0.005995948,1
846.8200073242188,0.4,0.005860965,0.4,0.4,0.005230703,1
819.510009765625,0.4,0.005860965,0.4,0.2,0.009352143,1
17.200000762939453,0.4,0.005860965,0.4,0.4,0.006415449,0
173.77000427246094,0.4,0.005860965,0.4,0.4,0.004354305310280047,0
44.84000015258789,0.4,0.005860965,0.4,0.4,0.004847843,1
35.38999938964844,0.4,0.005860965,0.4,0.4,0.006582579,1
12.56999969482422,0.4,0.005860965,0.4,0.4,0.006552697,0
65.09999847412111,0.4,0.005860965,0.4,0.6,0.005972435,1
143.8000030517578,0.6,0.003326879,0.577777778,0.6,0.007850902,1
856.0,0.6,0.003326879,0.577777778,0.6,0.004185174,1
820.9199829101562,0.6,0.003326879,0.577777778,0.4,0.005467105999999999,1
17.260000228881836,0.6,0.003326879,0.577777778,0.6,0.002443414,1
174.50999450683594,0.6,0.003326879,0.577777778,0.6,0.0031342904218654545,1
44.68999862670898,0.6,0.003326879,0.577777778,0.4,0.0037923790000000002,0
35.599998474121094,0.6,0.003326879,0.577777778,0.6,0.005567829,1
13.050000190734865,0.6,0.003326879,0.577777778,0.6,0.011801393,1
65.29000091552734,0.6,0.003326879,0.577777778,0.8,0.0043383829999999995,1
144.1199951171875,0.6,0.004571729,0.533333333,0.6,0.006036226,1
874.3200073242188,0.6,0.004571729,0.533333333,0.6,0.007312801,1
831.4099731445312,0.6,0.004571729,0.533333333,0.6,0.007813252,1
17.260000228881836,0.6,0.004571729,0.533333333,0.4,0.001510471,0
173.94000244140625,0.6,0.004571729,0.533333333,0.4,0.0027523494039307173,0
44.52000045776367,0.6,0.004571729,0.533333333,0.4,0.004330156,0
35.56999969482422,0.6,0.004571729,0.533333333,0.4,0.003852811,0
13.109999656677244,0.6,0.004571729,0.533333333,0.6,0.010625838,1
65.47000122070311,0.6,0.004571729,0.533333333,0.8,0.0023356510000000002,1
143.92999267578125,0.6,0.0065826159999999995,0.6,0.6,0.005592785,0
876.3400268554688,0.6,0.0065826159999999995,0.6,0.8,0.007614515,1
831.5,0.6,0.0065826159999999995,0.6,0.8,0.0049395,1
17.649999618530273,0.6,0.0065826159999999995,0.6,0.6,0.005797424,1
173.86000061035156,0.6,0.0065826159999999995,0.6,0.2,0.0027985556445588988,0
44.68000030517578,0.6,0.0065826159999999995,0.6,0.4,0.004334489,1
35.75,0.6,0.0065826159999999995,0.6,0.6,0.004299459,1
13.0,0.6,0.0065826159999999995,0.6,0.4,0.011028025,0
65.70999908447266,0.6,0.0065826159999999995,0.6,1.0,0.002576737,1
143.66000366210938,0.6,0.006411374,0.688888889,0.6,0.005570565,0
886.5399780273438,0.6,0.006411374,0.688888889,1.0,0.009524604,1
829.5599975585938,0.6,0.006411374,0.688888889,0.8,0.004635554,0
17.8799991607666,0.6,0.006411374,0.688888889,0.6,0.008171223,1
174.13999938964844,0.6,0.006411374,0.688888889,0.4,0.0019880527174715537,1
44.61000061035156,0.6,0.006411374,0.688888889,0.4,0.0033130140000000004,0
36.06999969482422,0.6,0.006411374,0.688888889,0.8,0.005465904000000001,1
13.130000114440918,0.6,0.006411374,0.688888889,0.6,0.012711078,1
65.86000061035156,0.6,0.006411374,0.688888889,1.0,0.0026941509999999997,1
143.6999969482422,0.6,0.005561287,0.688888889,0.6,0.005284938,1
891.510009765625,0.6,0.005561287,0.688888889,1.0,0.010359635,1
838.5499877929688,0.6,0.005561287,0.688888889,0.8,0.005555464,1
17.59000015258789,0.6,0.005561287,0.688888889,0.6,0.011066844,0
174.5,0.6,0.005561287,0.688888889,0.6,0.002332483700489328,1
44.61000061035156,0.6,0.005561287,0.688888889,0.2,0.002461956,0
36.15999984741211,0.6,0.005561287,0.688888889,0.8,0.004656632,1
13.34000015258789,0.6,0.005561287,0.688888889,0.8,0.015433658000000001,1
65.55000305175781,0.6,0.005561287,0.688888889,0.8,0.003266205,0
144.77000427246094,0.4,0.005997211,0.666666667,0.6,0.002628793,1
906.8300170898438,0.4,0.005997211,0.666666667,1.0,0.011628393,1
834.5700073242188,0.4,0.005997211,0.666666667,0.6,0.006160615,0
17.719999313354492,0.4,0.005997211,0.666666667,0.6,0.011847278999999999,1
174.52000427246094,0.4,0.005997211,0.666666667,0.6,0.0015037219703689095,1
44.59000015258789,0.4,0.005997211,0.666666667,0.2,0.001882572,0
36.27999877929688,0.4,0.005997211,0.666666667,0.8,0.004133573,1
13.359999656677244,0.4,0.005997211,0.666666667,0.8,0.008096262,1
65.73000335693361,0.4,0.005997211,0.666666667,0.8,0.00323168,1
144.02000427246094,0.6,0.005978166,0.6,0.4,0.003219867,0
909.280029296875,0.6,0.005978166,0.6,1.0,0.007888364,1
831.4099731445312,0.6,0.005978166,0.6,0.4,0.004362233,0
17.690000534057614,0.6,0.005978166,0.6,0.6,0.012185866000000002,0
172.8800048828125,0.6,0.005978166,0.6,0.6,0.0027299133566817345,0
44.4900016784668,0.6,0.005978166,0.6,0.2,0.0015703079999999999,0
36.22000122070313,0.6,0.005978166,0.6,0.8,0.004295787,0
13.619999885559082,0.6,0.005978166,0.6,0.8,0.011068949,1
65.55999755859375,0.6,0.005978166,0.6,0.6,0.003197578,0
143.66000366210938,0.6,0.00399697,0.488888889,0.4,0.003456126,0
898.280029296875,0.6,0.00399697,0.488888889,0.8,0.009845783,0
827.8800048828125,0.6,0.00399697,0.488888889,0.2,0.0051897290000000006,0
17.559999465942386,0.6,0.00399697,0.488888889,0.4,0.009136523,0
172.4499969482422,0.6,0.00399697,0.488888889,0.6,0.0031353895576058713,0
44.18000030517578,0.6,0.00399697,0.488888889,0.0,0.002245108,0
36.02999877929688,0.6,0.00399697,0.488888889,0.6,0.0043328540000000006,0
13.4399995803833,0.6,0.00399697,0.488888889,0.8,0.012034022,0
65.73000335693361,0.6,0.00399697,0.488888889,0.6,0.0029830509999999996,1
143.33999633789062,0.6,0.004084432,0.4,0.4,0.003526466,0
894.8800048828125,0.6,0.004084432,0.4,0.6,0.008274938,0
824.6699829101562,0.6,0.004084432,0.4,0.2,0.005498581,0
17.370000839233402,0.6,0.004084432,0.4,0.2,0.008694289000000001,0
172.13999938964844,0.6,0.004084432,0.4,0.4,0.0031728143977909685,0
44.290000915527344,0.6,0.004084432,0.4,0.2,0.002429736,1
36.02999877929688,0.6,0.004084432,0.4,0.4,0.002542646,0
13.850000381469727,0.6,0.004084432,0.4,0.8,0.016135223,1
65.68000030517578,0.6,0.004084432,0.4,0.4,0.002678642,0
143.1699981689453,0.8,0.002933882,0.311111111,0.2,0.003707984,0
907.0399780273438,0.8,0.002933882,0.311111111,0.6,0.009871395,1
824.72998046875,0.8,0.002933882,0.311111111,0.2,0.00334572,1
17.360000610351562,0.8,0.002933882,0.311111111,0.2,0.005565596,0
171.1999969482422,0.8,0.002933882,0.311111111,0.2,0.0038514904109100156,0
44.0,0.8,0.002933882,0.311111111,0.2,0.00373929,0
35.79999923706055,0.8,0.002933882,0.311111111,0.2,0.003320327,0
13.40999984741211,0.8,0.002933882,0.311111111,0.6,0.019290239,0
65.52999877929689,0.8,0.002933882,0.311111111,0.4,0.002194023,0
141.6300048828125,0.8,0.0031592729999999998,0.2,0.0,0.004370039,0
902.3599853515624,0.8,0.0031592729999999998,0.2,0.4,0.007466454,0
823.3499755859375,0.8,0.0031592729999999998,0.2,0.2,0.002731124,0
17.540000915527347,0.8,0.0031592729999999998,0.2,0.2,0.006161229,1
170.5800018310547,0.8,0.0031592729999999998,0.2,0.0,0.004552856252114876,0
44.16999816894531,0.8,0.0031592729999999998,0.2,0.4,0.004422341,1
35.7400016784668,0.8,0.0031592729999999998,0.2,0.0,0.002991798,0
13.039999961853027,0.8,0.0031592729999999998,0.2,0.4,0.024508664,0
65.48000335693361,0.8,0.0031592729999999998,0.2,0.2,0.001797411,0
141.8000030517578,0.6,0.0027462890000000003,0.26666666699999997,0.2,0.003573972,1
896.22998046875,0.6,0.0027462890000000003,0.26666666699999997,0.2,0.008284768,0
824.3200073242188,0.6,0.0027462890000000003,0.26666666699999997,0.4,0.00220947,1
18.020000457763672,0.6,0.0027462890000000003,0.26666666699999997,0.4,0.011295841000000001,1
170.66000366210938,0.6,0.0027462890000000003,0.26666666699999997,0.2,0.002767216023273054,1
44.18000030517578,0.6,0.0027462890000000003,0.26666666699999997,0.6,0.004019106,1
35.630001068115234,0.6,0.0027462890000000003,0.26666666699999997,0.0,0.0032766109999999996,0
13.039999961853027,0.6,0.0027462890000000003,0.26666666699999997,0.2,0.020616445,0
65.23000335693361,0.6,0.0027462890000000003,0.26666666699999997,0.2,0.002043718,0
141.0500030517578,0.4,0.0042903659999999995,0.26666666699999997,0.2,0.004131869,0
884.6699829101562,0.4,0.0042903659999999995,0.26666666699999997,0.2,0.008444966,0
823.5599975585938,0.4,0.0042903659999999995,0.26666666699999997,0.4,0.001544714,0
18.200000762939453,0.4,0.0042903659999999995,0.26666666699999997,0.6,0.011823856,1
169.52999877929688,0.4,0.0042903659999999995,0.26666666699999997,0.2,0.003594028149211566,0
44.0,0.4,0.0042903659999999995,0.26666666699999997,0.6,0.003440378,0
35.25,0.4,0.0042903659999999995,0.26666666699999997,0.0,0.004360493,0
12.970000267028807,0.4,0.0042903659999999995,0.26666666699999997,0.2,0.019046884,0
64.94999694824219,0.4,0.0042903659999999995,0.26666666699999997,0.0,0.0023836120000000002,0
141.8300018310547,0.4,0.0068783130000000005,0.4,0.4,0.004792352,1
901.989990234375,0.4,0.0068783130000000005,0.4,0.4,0.011603543999999999,1
837.1699829101562,0.4,0.0068783130000000005,0.4,0.6,0.004074394,1
18.200000762939453,0.4,0.0068783130000000005,0.4,0.6,0.009659862,0
171.10000610351562,0.4,0.0068783130000000005,0.4,0.4,0.0050866946836252884,1
44.290000915527344,0.4,0.0068783130000000005,0.4,0.6,0.004260599,1
35.47999954223633,0.4,0.0068783130000000005,0.4,0.2,0.005665455,1
13.0,0.4,0.0068783130000000005,0.4,0.2,0.013408283,1
65.48000335693361,0.4,0.0068783130000000005,0.4,0.2,0.003863509,1
141.1999969482422,0.4,0.0065317019999999995,0.444444444,0.4,0.00544355,0
903.780029296875,0.4,0.0065317019999999995,0.444444444,0.4,0.009282776,1
836.8200073242188,0.4,0.0065317019999999995,0.444444444,0.4,0.004143452,0
18.21999931335449,0.4,0.0065317019999999995,0.444444444,0.8,0.009764483000000001,1
170.0500030517578,0.4,0.0065317019999999995,0.444444444,0.4,0.005221913482855081,0
44.52000045776367,0.4,0.0065317019999999995,0.444444444,0.8,0.0039896509999999994,1
35.77000045776367,0.4,0.0065317019999999995,0.444444444,0.4,0.0060234730000000005,1
12.729999542236328,0.4,0.0065317019999999995,0.444444444,0.2,0.011208338,0
65.38999938964844,0.4,0.0065317019999999995,0.444444444,0.2,0.00368165,0
140.67999267578122,0.6,0.005696242,0.46666666700000003,0.4,0.004028821,0
899.2000122070312,0.6,0.005696242,0.46666666700000003,0.4,0.009264375,0
838.2100219726562,0.6,0.005696242,0.46666666700000003,0.6,0.004141009,1
18.3799991607666,0.6,0.005696242,0.46666666700000003,0.8,0.009447057,1
161.69000244140625,0.6,0.005696242,0.46666666700000003,0.4,0.014330022884775463,0
44.18999862670898,0.6,0.005696242,0.46666666700000003,0.6,0.00469942,0
35.90999984741211,0.6,0.005696242,0.46666666700000003,0.6,0.006471066,1
12.6899995803833,0.6,0.005696242,0.46666666700000003,0.2,0.006318506,0
65.04000091552734,0.6,0.005696242,0.46666666700000003,0.2,0.004599557,0
142.44000244140625,0.8,0.007515575,0.5555555560000001,0.4,0.0062909080000000004,1
902.0599975585938,0.8,0.007515575,0.5555555560000001,0.6,0.008541832,1
841.6500244140625,0.8,0.007515575,0.5555555560000001,0.6,0.0047261759999999995,1
18.520000457763672,0.8,0.007515575,0.5555555560000001,0.8,0.005497266999999999,1
162.3000030517578,0.8,0.007515575,0.5555555560000001,0.4,0.01499075412486844,1
44.52999877929688,0.8,0.007515575,0.5555555560000001,0.6,0.0061929409999999996,1
36.18000030517578,0.8,0.007515575,0.5555555560000001,0.8,0.007359268,1
12.729999542236328,0.8,0.007515575,0.5555555560000001,0.4,0.006948923,1
65.5,0.8,0.007515575,0.5555555560000001,0.4,0.005250477,1
142.27000427246094,0.8,0.006454675,0.622222222,0.4,0.005471774,0
898.530029296875,0.8,0.006454675,0.622222222,0.6,0.006744783000000001,0
843.1900024414062,0.8,0.006454675,0.622222222,0.8,0.004907722,1
18.290000915527344,0.8,0.006454675,0.622222222,0.6,0.00598328,0
160.3800048828125,0.8,0.006454675,0.622222222,0.4,0.01603246456025644,0
44.43000030517578,0.8,0.006454675,0.622222222,0.6,0.00582722,0
36.31999969482422,0.8,0.006454675,0.622222222,1.0,0.006000133,1
12.920000076293945,0.8,0.006454675,0.622222222,0.6,0.008860391,1
66.40000152587889,0.8,0.006454675,0.622222222,0.6,0.007140053,1
143.63999938964844,0.8,0.005151162,0.644444444,0.4,0.0062916940000000005,1
907.4099731445312,0.8,0.005151162,0.644444444,0.6,0.004805746,1
862.760009765625,0.8,0.005151162,0.644444444,0.8,0.00624446,1
18.540000915527344,0.8,0.005151162,0.644444444,0.8,0.008717014,1
160.75,0.8,0.005151162,0.644444444,0.4,0.014641674413068429,1
44.84000015258789,0.8,0.005151162,0.644444444,0.6,0.006354633,1
36.75,0.8,0.005151162,0.644444444,1.0,0.007063014,1
13.0,0.8,0.005151162,0.644444444,0.6,0.009636178,1
67.52999877929689,0.8,0.005151162,0.644444444,0.6,0.008911614,1
144.52999877929688,0.8,0.005320384,0.7111111109999999,0.6,0.006642508,1
907.6199951171876,0.8,0.005320384,0.7111111109999999,0.6,0.004455128,1
872.2999877929688,0.8,0.005320384,0.7111111109999999,1.0,0.008372353,1
18.61000061035156,0.8,0.005320384,0.7111111109999999,0.8,0.00925237,1
160.38999938964844,0.8,0.005320384,0.7111111109999999,0.4,0.013862219690090313,0
44.72000122070313,0.8,0.005320384,0.7111111109999999,0.4,0.005851258000000001,0
36.86999893188477,0.8,0.005320384,0.7111111109999999,1.0,0.006081341,1
13.109999656677244,0.8,0.005320384,0.7111111109999999,0.8,0.007174628000000001,1
67.91999816894531,0.8,0.005320384,0.7111111109999999,0.8,0.00979175,1
143.67999267578125,0.6,0.00792509,0.7111111109999999,0.6,0.0070821930000000005,0
909.2899780273438,0.6,0.00792509,0.7111111109999999,0.8,0.003809595,1
871.72998046875,0.6,0.00792509,0.7111111109999999,0.8,0.00817083,0
18.6299991607666,0.6,0.00792509,0.7111111109999999,0.8,0.007710983,1
160.05999755859375,0.6,0.00792509,0.7111111109999999,0.4,0.004441316174998119,0
44.68999862670898,0.6,0.00792509,0.7111111109999999,0.4,0.00450295,0
36.93000030517578,0.6,0.00792509,0.7111111109999999,1.0,0.005624041,1
13.029999732971193,0.6,0.00792509,0.7111111109999999,0.8,0.007766633,0
67.83000183105469,0.6,0.00792509,0.7111111109999999,0.8,0.008986261,0
143.7899932861328,0.4,0.007680386,0.688888889,0.6,0.004733165,1
918.3800048828124,0.4,0.007680386,0.688888889,0.8,0.005172845,1
874.25,0.4,0.007680386,0.688888889,0.8,0.007928198000000001,1
18.770000457763672,0.4,0.007680386,0.688888889,0.8,0.00769054,1
160.32000732421875,0.4,0.007680386,0.688888889,0.4,0.0040116755355417005,1
44.77000045776367,0.4,0.007680386,0.688888889,0.4,0.0033221690000000003,1
37.43000030517578,0.4,0.007680386,0.688888889,1.0,0.006828104000000001,1
12.84000015258789,0.4,0.007680386,0.688888889,0.6,0.010052555999999999,0
68.26999664306639,0.4,0.007680386,0.688888889,0.8,0.008869095,1
143.64999389648438,0.6,0.007663925,0.7111111109999999,0.6,0.0046891979999999995,0
924.989990234375,0.6,0.007663925,0.7111111109999999,1.0,0.005829686999999999,1
905.9600219726562,0.6,0.007663925,0.7111111109999999,0.8,0.014816478000000001,1
18.81999969482422,0.6,0.007663925,0.7111111109999999,1.0,0.005739501,1
160.2899932861328,0.6,0.007663925,0.7111111109999999,0.4,0.0016831315875579546,0
44.959999084472656,0.6,0.007663925,0.7111111109999999,0.6,0.003721817,1
36.150001525878906,0.6,0.007663925,0.7111111109999999,0.8,0.012893626000000002,0
12.81999969482422,0.6,0.007663925,0.7111111109999999,0.4,0.007379007,0
68.45999908447266,0.6,0.007663925,0.7111111109999999,0.8,0.00667762,1
146.5800018310547,0.4,0.007367831,0.666666667,0.6,0.00684266,1
948.22998046875,0.4,0.007367831,0.666666667,1.0,0.008878055,1
912.5700073242188,0.4,0.007367831,0.666666667,0.8,0.011633803,1
18.93000030517578,0.4,0.007367831,0.666666667,1.0,0.004174742,1
158.83999633789062,0.4,0.007367831,0.666666667,0.2,0.003030950580859353,0
45.04999923706055,0.4,0.007367831,0.666666667,0.6,0.002276575,1
36.310001373291016,0.4,0.007367831,0.666666667,0.8,0.011410983000000001,1
12.81999969482422,0.4,0.007367831,0.666666667,0.2,0.0061406180000000005,0
69.41000366210939,0.4,0.007367831,0.666666667,0.8,0.00604937,1
147.50999450683594,0.2,0.0073745009999999995,0.622222222,0.6,0.0068723740000000005,1
946.9400024414062,0.2,0.0073745009999999995,0.622222222,0.8,0.009103846,0
916.4400024414062,0.2,0.0073745009999999995,0.622222222,0.8,0.010270454,1
18.899999618530273,0.2,0.0073745009999999995,0.622222222,0.8,0.0037365859999999996,0
159.10000610351562,0.2,0.0073745009999999995,0.622222222,0.4,0.002910435116210404,1
45.13000106811523,0.2,0.0073745009999999995,0.622222222,0.8,0.002096512,1
36.97000122070313,0.2,0.0073745009999999995,0.622222222,0.8,0.014393288999999998,1
12.8100004196167,0.2,0.0073745009999999995,0.622222222,0.0,0.00460431,0
69.30000305175781,0.2,0.0073745009999999995,0.622222222,0.6,0.005211289,0
147.05999755859375,0.2,0.006176328000000001,0.6,0.6,0.006306263,0
941.030029296875,0.2,0.006176328000000001,0.6,0.6,0.00998408,0
927.0399780273438,0.2,0.006176328000000001,0.6,1.0,0.012453057,1
18.809999465942386,0.2,0.006176328000000001,0.6,0.6,0.004474046,0
158.6300048828125,0.2,0.006176328000000001,0.6,0.4,0.003089760748636748,0
44.88999938964844,0.2,0.006176328000000001,0.6,0.8,0.003025934,0
36.97999954223633,0.2,0.006176328000000001,0.6,0.8,0.014121901999999999,1
12.770000457763672,0.2,0.006176328000000001,0.6,0.0,0.004008381,0
69.08000183105469,0.2,0.006176328000000001,0.6,0.6,0.005581206,0
146.52999877929688,0.4,0.004116580999999999,0.488888889,0.4,0.006873936999999999,0
937.530029296875,0.4,0.004116580999999999,0.488888889,0.4,0.008728578,0
931.6599731445312,0.4,0.004116580999999999,0.488888889,1.0,0.012871612,1
18.790000915527344,0.4,0.004116580999999999,0.488888889,0.4,0.003183717,0
159.0500030517578,0.4,0.004116580999999999,0.488888889,0.4,0.003294402181694475,1
45.47000122070313,0.4,0.004116580999999999,0.488888889,0.8,0.005252006,1
36.849998474121094,0.4,0.004116580999999999,0.488888889,0.6,0.012117165,0
12.609999656677244,0.4,0.004116580999999999,0.488888889,0.0,0.0035979259999999996,0
68.80999755859375,0.4,0.004116580999999999,0.488888889,0.4,0.005065575,0
148.9600067138672,0.2,0.003681203,0.488888889,0.6,0.009995947,1
934.1500244140624,0.2,0.003681203,0.488888889,0.2,0.008010134,0
927.1300048828124,0.2,0.003681203,0.488888889,0.8,0.00658984,0
18.90999984741211,0.2,0.003681203,0.488888889,0.4,0.003928224,1
155.0500030517578,0.2,0.003681203,0.488888889,0.4,0.008286824246994999,0
45.58000183105469,0.2,0.003681203,0.488888889,0.8,0.004887068,1
36.81999969482422,0.2,0.003681203,0.488888889,0.6,0.005440554,0
12.619999885559082,0.2,0.003681203,0.488888889,0.2,0.003445,1
69.0,0.2,0.003681203,0.488888889,0.4,0.005061207,1
153.00999450683594,0.2,0.005024153,0.42222222200000004,0.6,0.011354261000000001,1
949.0399780273438,0.2,0.005024153,0.42222222200000004,0.2,0.006173132,1
934.2999877929688,0.2,0.005024153,0.42222222200000004,0.8,0.006677323000000001,1
19.309999465942386,0.2,0.005024153,0.42222222200000004,0.4,0.00698981,1
153.02999877929688,0.2,0.005024153,0.42222222200000004,0.4,0.009083223744673227,0
45.56000137329102,0.2,0.005024153,0.42222222200000004,0.6,0.004574471,0
36.540000915527344,0.2,0.005024153,0.42222222200000004,0.4,0.00607626,0
12.59000015258789,0.2,0.005024153,0.42222222200000004,0.2,0.003920432,0
68.94000244140625,0.2,0.005024153,0.42222222200000004,0.2,0.002459756,0
153.99000549316406,0.2,0.005625809,0.4,0.6,0.011366316000000001,1
952.8200073242188,0.2,0.005625809,0.4,0.4,0.006697651,1
932.1699829101562,0.2,0.005625809,0.4,0.6,0.006285127,0
19.239999771118164,0.2,0.005625809,0.4,0.4,0.007397855,0
152.11000061035156,0.2,0.005625809,0.4,0.2,0.009958214218475762,0
45.47999954223633,0.2,0.005625809,0.4,0.4,0.004570495,0
36.36999893188477,0.2,0.005625809,0.4,0.2,0.003371397,0
12.6899995803833,0.2,0.005625809,0.4,0.4,0.00535299,1
69.04000091552734,0.2,0.005625809,0.4,0.4,0.0024329,1
153.25999450683594,0.2,0.004016672,0.444444444,0.6,0.011704319,0
948.9500122070312,0.2,0.004016672,0.444444444,0.4,0.00626175,0
928.780029296875,0.2,0.004016672,0.444444444,0.4,0.004699158,0
19.36000061035156,0.2,0.004016672,0.444444444,0.6,0.007692883,1
151.25,0.2,0.004016672,0.444444444,0.2,0.010498150756837882,0
45.52999877929688,0.2,0.004016672,0.444444444,0.6,0.003726767,1
36.0099983215332,0.2,0.004016672,0.444444444,0.0,0.005296965,0
12.760000228881836,0.2,0.004016672,0.444444444,0.6,0.005831719,1
69.30999755859375,0.2,0.004016672,0.444444444,0.6,0.0025801220000000002,1
153.9499969482422,0.2,0.00492256,0.42222222200000004,0.8,0.011883961,1
947.6199951171876,0.2,0.00492256,0.42222222200000004,0.4,0.005798198,0
930.5999755859376,0.2,0.00492256,0.42222222200000004,0.4,0.004094339000000001,1
19.26000022888184,0.2,0.00492256,0.42222222200000004,0.6,0.008513307,0
150.64999389648438,0.2,0.00492256,0.42222222200000004,0.0,0.010762015446199787,0
45.15999984741211,0.2,0.00492256,0.42222222200000004,0.4,0.002767962,0
35.689998626708984,0.2,0.00492256,0.42222222200000004,0.0,0.006371159,0
12.640000343322756,0.2,0.00492256,0.42222222200000004,0.6,0.00520671,0
68.45999908447266,0.2,0.00492256,0.42222222200000004,0.6,0.004251151,0
156.10000610351562,0.4,0.0058171130000000005,0.4,0.8,0.011360348999999999,1
961.3499755859376,0.4,0.0058171130000000005,0.4,0.6,0.007974935,1
932.219970703125,0.4,0.0058171130000000005,0.4,0.6,0.0034700490000000002,1
19.299999237060547,0.4,0.0058171130000000005,0.4,0.6,0.007651402,1
150.3699951171875,0.4,0.0058171130000000005,0.4,0.0,0.006103871650484156,0
45.08000183105469,0.4,0.0058171130000000005,0.4,0.2,0.002638411,0
35.529998779296875,0.4,0.0058171130000000005,0.4,0.0,0.0071049519999999994,0
12.619999885559082,0.4,0.0058171130000000005,0.4,0.4,0.005364565,0
68.37999725341797,0.4,0.0058171130000000005,0.4,0.4,0.003932617,0
155.6999969482422,0.6,0.0038767840000000003,0.46666666700000003,0.6,0.006435168000000001,0
957.969970703125,0.6,0.0038767840000000003,0.46666666700000003,0.4,0.005490199,0
937.0800170898438,0.6,0.0038767840000000003,0.46666666700000003,0.6,0.002966027,1
19.36000061035156,0.6,0.0038767840000000003,0.46666666700000003,0.6,0.004042616,1
151.50999450683594,0.6,0.0038767840000000003,0.46666666700000003,0.2,0.005014514227200217,1
45.31999969482422,0.6,0.0038767840000000003,0.46666666700000003,0.4,0.003615415,1
35.630001068115234,0.6,0.0038767840000000003,0.46666666700000003,0.2,0.006146964,1
12.68000030517578,0.6,0.0038767840000000003,0.46666666700000003,0.6,0.0058400119999999995,1
68.43000030517578,0.6,0.0038767840000000003,0.46666666700000003,0.6,0.003904962,1
155.47000122070312,0.6,0.004221786,0.533333333,0.4,0.005449626,0
966.0700073242188,0.6,0.004221786,0.533333333,0.4,0.006384681999999999,1
943.0,0.6,0.004221786,0.533333333,0.8,0.003773565,1
19.46999931335449,0.6,0.004221786,0.533333333,0.8,0.004453955999999999,1
153.67999267578125,0.6,0.004221786,0.533333333,0.4,0.00667663307179624,1
45.290000915527344,0.6,0.004221786,0.533333333,0.4,0.003396609,0
35.81999969482422,0.6,0.004221786,0.533333333,0.4,0.006282975,1
12.720000267028807,0.6,0.004221786,0.533333333,0.6,0.004882372,1
69.41000366210939,0.6,0.004221786,0.533333333,0.6,0.006479109,1
150.25,0.6,0.00612174,0.444444444,0.4,0.011216621999999999,0
944.760009765625,0.6,0.00612174,0.444444444,0.4,0.009984046,0
919.6199951171876,0.6,0.00612174,0.444444444,0.8,0.008004884,0
18.959999084472656,0.6,0.00612174,0.444444444,0.6,0.008445378,0
150.92999267578125,0.6,0.00612174,0.444444444,0.4,0.009124736985021314,0
44.22999954223633,0.6,0.00612174,0.444444444,0.2,0.007857686,0
35.040000915527344,0.6,0.00612174,0.444444444,0.4,0.00865842,0
12.640000343322756,0.6,0.00612174,0.444444444,0.4,0.005036992,0
67.48000335693361,0.6,0.00612174,0.444444444,0.4,0.011258123,0
152.5399932861328,0.6,0.004803389,0.533333333,0.4,0.013364431999999999,1
958.489990234375,0.6,0.004803389,0.533333333,0.6,0.012610287,1
930.239990234375,0.6,0.004803389,0.533333333,0.8,0.009922631999999999,1
18.780000686645508,0.6,0.004803389,0.533333333,0.6,0.009311033,0
150.77999877929688,0.6,0.004803389,0.533333333,0.4,0.008530100046902144,0
44.16999816894531,0.6,0.004803389,0.533333333,0.2,0.006503704,0
35.220001220703125,0.6,0.004803389,0.533333333,0.6,0.007908537,1
12.779999732971193,0.6,0.004803389,0.533333333,0.6,0.005371295999999999,1
67.70999908447266,0.6,0.004803389,0.533333333,0.6,0.009487049000000001,1
153.05999755859375,0.6,0.005859411,0.6,0.4,0.0112531,1
959.8400268554688,0.6,0.005859411,0.6,0.6,0.009994205,1
934.010009765625,0.6,0.005859411,0.6,0.8,0.010385018000000001,1
19.0,0.6,0.005859411,0.6,0.6,0.011238586000000002,1
151.97999572753906,0.6,0.005859411,0.6,0.6,0.009750098121861384,1
44.310001373291016,0.6,0.005859411,0.6,0.4,0.006783346,1
35.400001525878906,0.6,0.005859411,0.6,0.8,0.008034076,1
12.760000228881836,0.6,0.005859411,0.6,0.6,0.005367814,0
67.69000244140625,0.6,0.005859411,0.6,0.6,0.009312396,0
153.99000549316406,0.6,0.006601895,0.622222222,0.6,0.011955816000000001,1
970.6699829101562,0.6,0.006601895,0.622222222,0.8,0.011547643,1
941.8599853515624,0.6,0.006601895,0.622222222,0.8,0.011023255,1
19.11000061035156,0.6,0.006601895,0.622222222,0.6,0.011774711,1
152.63999938964844,0.6,0.006601895,0.622222222,0.6,0.009102379169371334,1
44.63000106811523,0.6,0.006601895,0.622222222,0.4,0.00716295,1
35.77000045776367,0.6,0.006601895,0.622222222,0.8,0.009561548000000001,1
12.699999809265135,0.6,0.006601895,0.622222222,0.4,0.005357381,0
68.44999694824219,0.6,0.006601895,0.622222222,0.6,0.011411661000000002,1
153.8000030517578,0.8,0.005480341999999999,0.5555555560000001,0.6,0.011907154,0
971.5399780273438,0.8,0.005480341999999999,0.5555555560000001,0.8,0.010035816,1
948.8200073242188,0.8,0.005480341999999999,0.5555555560000001,0.8,0.01123769,1
18.959999084472656,0.8,0.005480341999999999,0.5555555560000001,0.4,0.012208235,0
152.02999877929688,0.8,0.005480341999999999,0.5555555560000001,0.4,0.007037151139981199,0
44.560001373291016,0.8,0.005480341999999999,0.5555555560000001,0.4,0.007344252,0
35.86000061035156,0.8,0.005480341999999999,0.5555555560000001,0.8,0.008998254,1
12.520000457763672,0.8,0.005480341999999999,0.5555555560000001,0.2,0.0075611030000000004,0
68.68000030517578,0.8,0.005480341999999999,0.5555555560000001,0.6,0.009219443,1
153.33999633789062,0.8,0.004345888,0.7111111109999999,0.6,0.005790219,0
980.3499755859376,0.8,0.004345888,0.7111111109999999,1.0,0.007437743,1
954.9600219726562,0.8,0.004345888,0.7111111109999999,1.0,0.007573289,1
19.01000022888184,0.8,0.004345888,0.7111111109999999,0.6,0.007496841999999999,1
152.50999450683594,0.8,0.004345888,0.7111111109999999,0.6,0.00408973449777508,1
44.83000183105469,0.8,0.004345888,0.7111111109999999,0.6,0.003875152,1
36.11999893188477,0.8,0.004345888,0.7111111109999999,1.0,0.006093227,1
12.489999771118164,0.8,0.004345888,0.7111111109999999,0.2,0.006782486999999999,0
68.76999664306639,0.8,0.004345888,0.7111111109999999,0.8,0.003920359,1
153.8699951171875,0.8,0.005852815999999999,0.7555555559999999,0.6,0.003433247,1
993.3800048828124,0.8,0.005852815999999999,0.7555555559999999,1.0,0.00718943,1
969.5399780273438,0.8,0.005852815999999999,0.7555555559999999,1.0,0.008317162,1
18.3700008392334,0.8,0.005852815999999999,0.7555555559999999,0.6,0.012331416000000001,0
153.1999969482422,0.8,0.005852815999999999,0.7555555559999999,0.8,0.004795836867394015,1
45.20000076293945,0.8,0.005852815999999999,0.7555555559999999,0.8,0.005254511999999999,1
36.2599983215332,0.8,0.005852815999999999,0.7555555559999999,1.0,0.005841018000000001,1
12.90999984741211,0.8,0.005852815999999999,0.7555555559999999,0.2,0.011292688,1
69.62000274658203,0.8,0.005852815999999999,0.7555555559999999,0.8,0.005710714,1
153.61000061035156,0.6,0.00554423,0.7111111109999999,0.4,0.003089394,0
995.780029296875,0.6,0.00554423,0.7111111109999999,1.0,0.007390933000000001,1
971.469970703125,0.6,0.00554423,0.7111111109999999,1.0,0.00790474,1
18.46999931335449,0.6,0.00554423,0.7111111109999999,0.6,0.011077221000000002,1
152.49000549316406,0.6,0.00554423,0.7111111109999999,0.6,0.004130999675882319,0
45.2599983215332,0.6,0.00554423,0.7111111109999999,0.8,0.004886059,1
36.2599983215332,0.6,0.00554423,0.7111111109999999,0.8,0.00481887,0
12.520000457763672,0.6,0.00554423,0.7111111109999999,0.2,0.017021525,0
69.95999908447266,0.6,0.00554423,0.7111111109999999,1.0,0.006628369,1
153.6699981689453,0.4,0.004623919000000001,0.688888889,0.4,0.001952291,1
996.7000122070312,0.4,0.004623919000000001,0.688888889,1.0,0.005319091999999999,1
975.8800048828124,0.4,0.004623919000000001,0.688888889,1.0,0.00713173,1
18.940000534057614,0.4,0.004623919000000001,0.688888889,0.6,0.015008667,1
151.72999572753906,0.4,0.004623919000000001,0.688888889,0.4,0.004259258945515475,0
45.41999816894531,0.4,0.004623919000000001,0.688888889,0.8,0.004148717,1
36.18000030517578,0.4,0.004623919000000001,0.688888889,0.6,0.0031697270000000002,0
12.649999618530273,0.4,0.004623919000000001,0.688888889,0.4,0.018157744,1
70.41000366210938,0.4,0.004623919000000001,0.688888889,1.0,0.005669316,1
152.75999450683594,0.4,0.0052473269999999995,0.644444444,0.4,0.002889879,0
994.6199951171876,0.4,0.0052473269999999995,0.644444444,0.8,0.005557215999999999,0
964.8599853515624,0.4,0.0052473269999999995,0.644444444,0.8,0.007912276999999999,0
18.76000022888184,0.4,0.0052473269999999995,0.644444444,0.6,0.015339535,0
152.6300048828125,0.4,0.0052473269999999995,0.644444444,0.6,0.004646321797824604,1
45.38999938964844,0.4,0.0052473269999999995,0.644444444,0.8,0.0039671229999999995,0
36.11000061035156,0.4,0.0052473269999999995,0.644444444,0.4,0.003053464,0
13.029999732971193,0.4,0.0052473269999999995,0.644444444,0.6,0.021331015,1
69.83999633789061,0.4,0.0052473269999999995,0.644444444,0.8,0.006616392,0
153.17999267578125,0.6,0.005132237,0.688888889,0.6,0.0028415709999999998,1
995.9500122070312,0.6,0.005132237,0.688888889,0.8,0.004011043,1
966.9500122070312,0.6,0.005132237,0.688888889,0.8,0.007051264000000001,1
18.950000762939453,0.6,0.005132237,0.688888889,0.6,0.016837689,1
152.6699981689453,0.6,0.005132237,0.688888889,0.6,0.004067278631149665,1
45.790000915527344,0.6,0.005132237,0.688888889,0.8,0.004517780999999999,1
36.11999893188477,0.6,0.005132237,0.688888889,0.4,0.001658767,1
13.050000190734865,0.6,0.005132237,0.688888889,0.8,0.021158762,1
70.09999847412111,0.6,0.005132237,0.688888889,0.8,0.007098883,1
155.4499969482422,0.4,0.004685682,0.644444444,0.6,0.005114137,1
1006.72998046875,0.4,0.004685682,0.644444444,0.8,0.0035175640000000004,1
975.5999755859376,0.4,0.004685682,0.644444444,0.8,0.005786866,1
18.979999542236328,0.4,0.004685682,0.644444444,0.8,0.010421007,1
152.0500030517578,0.4,0.004685682,0.644444444,0.4,0.003974619652724045,0
45.65999984741211,0.4,0.004685682,0.644444444,0.6,0.00343492,0
36.31999969482422,0.4,0.004685682,0.644444444,0.4,0.001991,1
13.039999961853027,0.4,0.004685682,0.644444444,0.6,0.014586641000000001,0
71.76000213623047,0.4,0.004685682,0.644444444,0.8,0.009362959,1
153.92999267578125,0.6,0.003992865999999999,0.666666667,0.6,0.006731815,0
1011.3400268554688,0.6,0.003992865999999999,0.666666667,0.8,0.0039502059999999995,1
983.6799926757812,0.6,0.003992865999999999,0.666666667,0.8,0.00704516,1
18.799999237060547,0.6,0.003992865999999999,0.666666667,0.6,0.011229028,0
152.41000366210938,0.6,0.003992865999999999,0.666666667,0.6,0.003521267077035901,1
45.91999816894531,0.6,0.003992865999999999,0.666666667,0.6,0.004308289,1
36.34000015258789,0.6,0.003992865999999999,0.666666667,0.6,0.002101135,1
12.970000267028807,0.6,0.003992865999999999,0.666666667,0.6,0.009618436999999999,0
72.27999877929688,0.6,0.003992865999999999,0.666666667,0.8,0.009835504,1
154.4499969482422,0.8,0.004668596,0.5555555560000001,0.6,0.007329335,1
1003.0,0.8,0.004668596,0.5555555560000001,0.6,0.005414731999999999,0
976.5700073242188,0.8,0.004668596,0.5555555560000001,0.6,0.00758284,0
18.26000022888184,0.8,0.004668596,0.5555555560000001,0.4,0.011884351000000001,0
152.3699951171875,0.8,0.004668596,0.5555555560000001,0.6,0.0025769688360965932,0
45.61000061035156,0.8,0.004668596,0.5555555560000001,0.4,0.004951427,0
36.13000106811523,0.8,0.004668596,0.5555555560000001,0.6,0.002815634,0
12.899999618530273,0.8,0.004668596,0.5555555560000001,0.4,0.008621196999999999,0
72.5199966430664,0.8,0.004668596,0.5555555560000001,0.8,0.00921312,1
155.3699951171875,0.8,0.00791245,0.622222222,0.8,0.007336296,1
1010.0700073242188,0.8,0.00791245,0.622222222,0.8,0.006407123000000001,1
980.9400024414062,0.8,0.00791245,0.622222222,0.8,0.00621933,1
18.239999771118164,0.8,0.00791245,0.622222222,0.4,0.010202672,0
150.97999572753906,0.8,0.00791245,0.622222222,0.4,0.003215144327187349,0
45.4000015258789,0.8,0.00791245,0.622222222,0.4,0.005740179000000001,0
36.2599983215332,0.8,0.00791245,0.622222222,0.8,0.00314829,1
12.93000030517578,0.8,0.00791245,0.622222222,0.4,0.003078417,1
72.38999938964844,0.8,0.00791245,0.622222222,0.8,0.007952525,0
154.99000549316406,0.8,0.009014915,0.577777778,0.6,0.0072755580000000005,0
1010.27001953125,0.8,0.009014915,0.577777778,0.8,0.006179285,1
983.4099731445312,0.8,0.009014915,0.577777778,0.8,0.006289693000000001,1
18.280000686645508,0.8,0.009014915,0.577777778,0.4,0.008615687,1
152.10000610351562,0.8,0.009014915,0.577777778,0.4,0.00464639279518317,1
45.41999816894531,0.8,0.009014915,0.577777778,0.4,0.00406576,1
36.47999954223633,0.8,0.009014915,0.577777778,0.8,0.004306378,1
13.18000030517578,0.8,0.009014915,0.577777778,0.4,0.006638402,1
71.94999694824219,0.8,0.009014915,0.577777778,0.6,0.008423605,0
148.97999572753906,1.0,0.00886463,0.46666666700000003,0.4,0.01206707,0
978.3099975585938,1.0,0.00886463,0.46666666700000003,0.6,0.010341549,0
949.8300170898438,1.0,0.00886463,0.46666666700000003,0.6,0.011329859,0
17.799999237060547,1.0,0.00886463,0.46666666700000003,0.2,0.013550733999999998,0
154.10000610351562,1.0,0.00886463,0.46666666700000003,0.6,0.006464038519756056,1
45.02999877929688,1.0,0.00886463,0.46666666700000003,0.4,0.005215249,0
35.709999084472656,1.0,0.00886463,0.46666666700000003,0.6,0.0074204480000000005,0
13.100000381469727,1.0,0.00886463,0.46666666700000003,0.4,0.007699101,0
70.31999969482422,1.0,0.00886463,0.46666666700000003,0.4,0.008218419,0
145.4199981689453,0.8,0.008165262,0.37777777799999995,0.4,0.014890614,0
964.9099731445312,0.8,0.008165262,0.37777777799999995,0.4,0.012165127,0
942.9000244140624,0.8,0.008165262,0.37777777799999995,0.4,0.011132646000000001,0
17.760000228881836,0.8,0.008165262,0.37777777799999995,0.2,0.012103424,0
155.17999267578125,0.8,0.008165262,0.37777777799999995,0.6,0.007392179015116647,1
44.849998474121094,0.8,0.008165262,0.37777777799999995,0.2,0.004875872,0
35.72999954223633,0.8,0.008165262,0.37777777799999995,0.6,0.007422329,1
13.020000457763672,0.8,0.008165262,0.37777777799999995,0.4,0.007846859,0
69.77999877929689,0.8,0.008165262,0.37777777799999995,0.2,0.008304991999999999,0
146.58999633789062,0.8,0.010112588,0.488888889,0.4,0.015824106,1
980.7899780273438,0.8,0.010112588,0.488888889,0.6,0.013807324,1
953.4000244140624,0.8,0.010112588,0.488888889,0.6,0.011914228,1
17.739999771118164,0.8,0.010112588,0.488888889,0.2,0.006583984,0
154.25,0.8,0.010112588,0.488888889,0.6,0.008538276494189851,0
44.97999954223633,0.8,0.010112588,0.488888889,0.4,0.0041054229999999995,1
35.880001068115234,0.8,0.010112588,0.488888889,0.8,0.007106222,1
13.100000381469727,0.8,0.010112588,0.488888889,0.6,0.007996313,1
70.6500015258789,0.8,0.010112588,0.488888889,0.2,0.010134473,1
145.16000366210938,0.6,0.007417361,0.37777777799999995,0.2,0.016583794,0
976.469970703125,0.6,0.007417361,0.37777777799999995,0.4,0.013278476,0
950.760009765625,0.6,0.007417361,0.37777777799999995,0.4,0.011573071,0
17.399999618530273,0.6,0.007417361,0.37777777799999995,0.2,0.010198068000000001,0
153.80999755859375,0.6,0.007417361,0.37777777799999995,0.6,0.007284276697124599,0
44.810001373291016,0.6,0.007417361,0.37777777799999995,0.4,0.00394046,0
35.529998779296875,0.6,0.007417361,0.37777777799999995,0.6,0.008337574,0
13.039999961853027,0.6,0.007417361,0.37777777799999995,0.4,0.008447221999999999,0
70.26999664306639,0.6,0.007417361,0.37777777799999995,0.2,0.010851698,0
144.2899932861328,0.4,0.005945995,0.24444444399999998,0.2,0.017293344,0
964.1699829101562,0.4,0.005945995,0.24444444399999998,0.2,0.015758149,0
942.3099975585938,0.4,0.005945995,0.24444444399999998,0.2,0.012847006000000001,0
17.270000457763672,0.4,0.005945995,0.24444444399999998,0.0,0.011253705,0
154.22000122070312,0.4,0.005945995,0.24444444399999998,0.6,0.006333752747822106,1
44.68000030517578,0.4,0.005945995,0.24444444399999998,0.2,0.004432602,0
35.310001373291016,0.4,0.005945995,0.24444444399999998,0.4,0.008362485,0
12.890000343322756,0.4,0.005945995,0.24444444399999998,0.2,0.0068808540000000005,0
69.90000152587889,0.4,0.005945995,0.24444444399999998,0.2,0.010689121000000001,0
142.27000427246094,0.4,0.005597938,0.355555556,0.2,0.012337895,0
987.7100219726562,0.4,0.005597938,0.355555556,0.4,0.014314088,1
939.780029296875,0.4,0.005597938,0.355555556,0.2,0.006554688,0
17.350000381469727,0.4,0.005597938,0.355555556,0.2,0.006928509,1
155.3800048828125,0.4,0.005597938,0.355555556,0.6,0.005208253249956246,1
45.09000015258789,0.4,0.005597938,0.355555556,0.4,0.004550571,1
35.209999084472656,0.4,0.005597938,0.355555556,0.4,0.004707416,0
12.899999618530273,0.4,0.005597938,0.355555556,0.4,0.005822043000000001,1
70.0,0.4,0.005597938,0.355555556,0.4,0.006444323,1
146.33999633789062,0.4,0.005257225,0.46666666700000003,0.4,0.013280237,1
995.1699829101562,0.4,0.005257225,0.46666666700000003,0.6,0.013085221000000001,1
957.3699951171876,0.4,0.005257225,0.46666666700000003,0.4,0.008838903,1
17.690000534057614,0.4,0.005257225,0.46666666700000003,0.4,0.010398392,1
154.83999633789062,0.4,0.005257225,0.46666666700000003,0.4,0.004501664644175693,0
45.72999954223633,0.4,0.005257225,0.46666666700000003,0.6,0.006589866999999999,1
35.5099983215332,0.4,0.005257225,0.46666666700000003,0.4,0.006299457,1
12.899999618530273,0.4,0.005257225,0.46666666700000003,0.4,0.00460067,0
70.87000274658203,0.4,0.005257225,0.46666666700000003,0.6,0.0073942059999999995,1
145.00999450683594,0.2,0.004606534,0.37777777799999995,0.2,0.013488795,0
992.5900268554688,0.2,0.004606534,0.37777777799999995,0.4,0.010312217,0
950.6300048828124,0.2,0.004606534,0.37777777799999995,0.2,0.008019754,0
17.829999923706055,0.2,0.004606534,0.37777777799999995,0.6,0.01175597,1
154.9499969482422,0.2,0.004606534,0.37777777799999995,0.6,0.003445148900236656,1
45.84000015258789,0.2,0.004606534,0.37777777799999995,0.6,0.00649124,1
34.860000610351555,0.2,0.004606534,0.37777777799999995,0.2,0.009120745,0
12.800000190734865,0.2,0.004606534,0.37777777799999995,0.2,0.0049221709999999995,0
69.91000366210939,0.2,0.004606534,0.37777777799999995,0.4,0.00760983,0
145.8699951171875,0.2,0.004827135,0.488888889,0.4,0.012723911000000001,1
1002.22998046875,0.2,0.004827135,0.488888889,0.6,0.011373676999999999,1
959.4500122070312,0.2,0.004827135,0.488888889,0.4,0.009321556,1
17.709999084472656,0.2,0.004827135,0.488888889,0.6,0.009268878000000001,0
153.7899932861328,0.2,0.004827135,0.488888889,0.6,0.004371905239651047,0
46.33000183105469,0.2,0.004827135,0.488888889,0.8,0.007873234,1
34.580001831054695,0.2,0.004827135,0.488888889,0.2,0.008776204000000001,0
12.789999961853027,0.2,0.004827135,0.488888889,0.2,0.0041623879999999995,0
70.26999664306639,0.2,0.004827135,0.488888889,0.6,0.0075639669999999996,1
145.6300048828125,0.2,0.005205039,0.533333333,0.4,0.011854266,0
1001.2999877929688,0.2,0.005205039,0.533333333,0.6,0.009039985,0
957.0900268554688,0.2,0.005205039,0.533333333,0.4,0.008035974,0
17.709999084472656,0.2,0.005205039,0.533333333,0.6,0.007774635,0
154.39999389648438,0.2,0.005205039,0.533333333,0.6,0.004632065563950365,1
50.29999923706055,0.2,0.005205039,0.533333333,1.0,0.024430913999999998,1
34.360000610351555,0.2,0.005205039,0.533333333,0.2,0.008810247,0
12.850000381469727,0.2,0.005205039,0.533333333,0.4,0.00280002,1
70.26000213623047,0.2,0.005205039,0.533333333,0.6,0.006539345,0
146.27999877929688,0.2,0.00556229,0.533333333,0.6,0.009947029,1
1003.739990234375,0.2,0.00556229,0.533333333,0.6,0.004644388,1
965.5900268554688,0.2,0.00556229,0.533333333,0.6,0.00927522,1
17.799999237060547,0.2,0.00556229,0.533333333,0.6,0.00786455,1
154.11000061035156,0.2,0.00556229,0.533333333,0.4,0.003503355370176505,0
50.95000076293945,0.2,0.00556229,0.533333333,1.0,0.025180141,1
34.189998626708984,0.2,0.00556229,0.533333333,0.2,0.009233357,0
12.829999923706055,0.2,0.00556229,0.533333333,0.2,0.002956163,0
71.20999908447266,0.2,0.00556229,0.533333333,0.6,0.008957459000000001,1
145.82000732421875,0.4,0.006765736,0.42222222200000004,0.4,0.004854444,0
993.97998046875,0.4,0.006765736,0.42222222200000004,0.4,0.00507856,0
952.27001953125,0.4,0.006765736,0.42222222200000004,0.4,0.008290734000000001,0
18.15999984741211,0.4,0.006765736,0.42222222200000004,0.6,0.007990190999999999,1
155.22999572753906,0.4,0.006765736,0.42222222200000004,0.6,0.0042617751352264695,1
50.86000061035156,0.4,0.006765736,0.42222222200000004,0.8,0.022694664,0
34.06999969482422,0.4,0.006765736,0.42222222200000004,0.0,0.008231253000000001,0
12.829999923706055,0.4,0.006765736,0.42222222200000004,0.2,0.002956163,0
70.52999877929688,0.4,0.006765736,0.42222222200000004,0.4,0.008381582,0
143.72999572753906,0.6,0.00540092,0.355555556,0.4,0.00590332,0
976.780029296875,0.6,0.00540092,0.355555556,0.4,0.008020888,0
927.3300170898438,0.6,0.00540092,0.355555556,0.4,0.012120723,0
17.770000457763672,0.6,0.00540092,0.355555556,0.4,0.01070253,0
154.75,0.6,0.00540092,0.355555556,0.4,0.004738123864289128,0
50.75,0.6,0.00540092,0.355555556,0.6,0.02264614,0
33.650001525878906,0.6,0.00540092,0.355555556,0.0,0.007035827,0
12.770000457763672,0.6,0.00540092,0.355555556,0.2,0.002341084,0
69.20999908447266,0.6,0.00540092,0.355555556,0.4,0.009415485999999999,0
145.8300018310547,0.8,0.006637555,0.444444444,0.4,0.007639349,1
990.3300170898438,0.8,0.006637555,0.444444444,0.4,0.008852924,1
940.489990234375,0.8,0.006637555,0.444444444,0.4,0.01310336,1
18.030000686645508,0.8,0.006637555,0.444444444,0.6,0.012282758000000001,1
155.32000732421875,0.8,0.006637555,0.444444444,0.6,0.003977543445806442,1
50.86999893188477,0.8,0.006637555,0.444444444,0.6,0.020981164,1
34.200000762939446,0.8,0.006637555,0.444444444,0.2,0.008698348,1
12.800000190734865,0.8,0.006637555,0.444444444,0.4,0.0026546770000000003,1
69.80000305175781,0.8,0.006637555,0.444444444,0.4,0.010090578000000001,1
143.67999267578125,0.8,0.006229423,0.37777777799999995,0.4,0.010258953000000001,0
975.9299926757812,0.8,0.006229423,0.37777777799999995,0.4,0.011575466000000001,0
917.7899780273438,0.8,0.006229423,0.37777777799999995,0.4,0.017438688,0
17.569999694824222,0.8,0.006229423,0.37777777799999995,0.6,0.017385375,0
154.1300048828125,0.8,0.006229423,0.37777777799999995,0.4,0.004716576509042664,0
50.20000076293945,0.8,0.006229423,0.37777777799999995,0.4,0.00647741,0
33.540000915527344,0.8,0.006229423,0.37777777799999995,0.2,0.011285578000000001,0
12.670000076293945,0.8,0.006229423,0.37777777799999995,0.2,0.0037476890000000002,0
68.48999786376953,0.8,0.006229423,0.37777777799999995,0.4,0.013815728999999999,0
144.02000427246094,0.6,0.0054199769999999994,0.333333333,0.4,0.009839578,1
968.0,0.6,0.0054199769999999994,0.333333333,0.2,0.012713213999999999,0
908.72998046875,0.6,0.0054199769999999994,0.333333333,0.2,0.017636778,0
17.479999542236328,0.6,0.0054199769999999994,0.333333333,0.4,0.017393474,0
153.8300018310547,0.6,0.0054199769999999994,0.333333333,0.4,0.004730223245290208,0
50.13999938964844,0.6,0.0054199769999999994,0.333333333,0.2,0.00413196,0
33.740001678466804,0.6,0.0054199769999999994,0.333333333,0.4,0.011488654,1
12.710000038146973,0.6,0.0054199769999999994,0.333333333,0.4,0.004067811,1
68.93000030517578,0.6,0.0054199769999999994,0.333333333,0.4,0.012396362,1
143.5,0.6,0.004607934,0.355555556,0.4,0.009932787,0
953.6599731445312,0.6,0.004607934,0.355555556,0.2,0.013731301000000001,0
898.7000122070312,0.6,0.004607934,0.355555556,0.2,0.017085311000000002,0
17.559999465942386,0.6,0.004607934,0.355555556,0.4,0.014263854,1
155.5800018310547,0.6,0.004607934,0.355555556,0.4,0.005551961225745728,1
49.36000061035156,0.6,0.004607934,0.355555556,0.2,0.006889956,0
33.459999084472656,0.6,0.004607934,0.355555556,0.4,0.012446467,0
12.760000228881836,0.6,0.004607934,0.355555556,0.6,0.004854596,1
68.16999816894531,0.6,0.004607934,0.355555556,0.4,0.012691659,0
144.08999633789062,0.6,0.003610597,0.533333333,0.6,0.007888518,1
971.4000244140624,0.6,0.003610597,0.533333333,0.4,0.013990891,1
911.7100219726562,0.6,0.003610597,0.533333333,0.4,0.014742596,1
17.649999618530273,0.6,0.003610597,0.533333333,0.6,0.010993765,1
153.6699981689453,0.6,0.003610597,0.533333333,0.4,0.007388862682818952,0
49.459999084472656,0.6,0.003610597,0.533333333,0.4,0.006862574000000001,1
34.34000015258789,0.6,0.003610597,0.533333333,0.6,0.015240983999999999,1
12.770000457763672,0.6,0.003610597,0.533333333,0.8,0.004076039,1
69.08000183105469,0.6,0.003610597,0.533333333,0.6,0.011618379,1
142.72999572753906,0.4,0.002094304,0.333333333,0.4,0.006854074,0
965.1400146484376,0.4,0.002094304,0.333333333,0.2,0.012505335,0
906.6900024414062,0.4,0.002094304,0.333333333,0.2,0.013005576999999999,0
17.190000534057614,0.4,0.002094304,0.333333333,0.4,0.013279937,0
152.36000061035156,0.4,0.002094304,0.333333333,0.2,0.008357130178334206,0
48.849998474121094,0.4,0.002094304,0.333333333,0.2,0.008856314,0
33.630001068115234,0.4,0.002094304,0.333333333,0.4,0.016107157,0
12.109999656677244,0.4,0.002094304,0.333333333,0.6,0.013942931,0
68.56999969482422,0.4,0.002094304,0.333333333,0.4,0.011389966000000001,0
144.17999267578125,0.6,0.00288146,0.533333333,0.6,0.005937227,1
978.760009765625,0.6,0.00288146,0.533333333,0.4,0.012419596000000001,1
918.5900268554688,0.6,0.00288146,0.533333333,0.4,0.010803242,1
17.350000381469727,0.6,0.00288146,0.533333333,0.6,0.010038865,1
152.94000244140625,0.6,0.00288146,0.533333333,0.4,0.0075861638228424426,1
49.349998474121094,0.6,0.00288146,0.533333333,0.4,0.008269238,1
33.880001068115234,0.6,0.00288146,0.533333333,0.6,0.013734277,1
12.199999809265135,0.6,0.00288146,0.533333333,0.8,0.013398057,1
69.45999908447266,0.6,0.00288146,0.533333333,0.6,0.010232256,1
145.05999755859375,0.6,0.003551388,0.622222222,0.6,0.00668464,1
996.469970703125,0.6,0.003551388,0.622222222,0.6,0.014413337,1
928.7999877929688,0.6,0.003551388,0.622222222,0.6,0.011051898000000001,1
17.8700008392334,0.6,0.003551388,0.622222222,0.8,0.015008631000000001,1
153.4199981689453,0.6,0.003551388,0.622222222,0.6,0.007824569639075652,1
49.61999893188477,0.6,0.003551388,0.622222222,0.6,0.009124416,1
33.650001525878906,0.6,0.003551388,0.622222222,0.4,0.013899396999999999,0
12.300000190734865,0.6,0.003551388,0.622222222,0.8,0.014405995,1
69.98000335693361,0.6,0.003551388,0.622222222,0.6,0.010444666,1
145.52999877929688,0.4,0.003496248,0.688888889,0.8,0.006610520999999999,1
994.1300048828124,0.4,0.003496248,0.688888889,0.6,0.011920173000000001,0
930.0900268554688,0.4,0.003496248,0.688888889,0.8,0.009122215,1
17.940000534057614,0.4,0.003496248,0.688888889,0.8,0.014876733,1
153.19000244140625,0.4,0.003496248,0.688888889,0.4,0.005849155730594528,0
49.88000106811523,0.4,0.003496248,0.688888889,0.8,0.007061105,1
33.919998168945305,0.4,0.003496248,0.688888889,0.6,0.013844365,1
12.279999732971193,0.4,0.003496248,0.688888889,0.6,0.013944421,0
69.98999786376953,0.4,0.003496248,0.688888889,0.8,0.008268088,1
145.74000549316406,0.4,0.003777693,0.7111111109999999,0.8,0.0060768359999999995,1
1006.510009765625,0.4,0.003777693,0.7111111109999999,0.6,0.010690379,1
943.8300170898438,0.4,0.003777693,0.7111111109999999,0.8,0.00918147,1
18.040000915527344,0.4,0.003777693,0.7111111109999999,0.8,0.014966505,1
153.6999969482422,0.4,0.003777693,0.7111111109999999,0.6,0.004059655227882497,1
50.45000076293945,0.4,0.003777693,0.7111111109999999,0.8,0.008941409,1
34.25,0.4,0.003777693,0.7111111109999999,0.6,0.010530113,1
12.4399995803833,0.4,0.003777693,0.7111111109999999,0.6,0.016393538,1
71.1500015258789,0.4,0.003777693,0.7111111109999999,0.8,0.008913051,1
147.77000427246094,0.6,0.0031946329999999997,0.8222222220000001,1.0,0.006974907,1
1000.6300048828124,0.6,0.0031946329999999997,0.8222222220000001,0.6,0.010569911000000001,0
947.1599731445312,0.6,0.0031946329999999997,0.8222222220000001,1.0,0.008785864000000001,1
18.07999992370605,0.6,0.0031946329999999997,0.8222222220000001,1.0,0.010197499,1
153.6300048828125,0.6,0.0031946329999999997,0.8222222220000001,0.6,0.002445782424062607,0
50.349998474121094,0.6,0.0031946329999999997,0.8222222220000001,0.8,0.006871208,0
34.240001678466804,0.6,0.0031946329999999997,0.8222222220000001,0.6,0.006453383,0
12.460000038146973,0.6,0.0031946329999999997,0.8222222220000001,0.8,0.00637835,1
71.7699966430664,0.6,0.0031946329999999997,0.8222222220000001,1.0,0.009179279,1
149.0399932861328,0.4,0.0034981120000000003,0.8222222220000001,1.0,0.006661976,1
1001.8099975585938,0.4,0.0034981120000000003,0.8222222220000001,0.6,0.007983373,1
955.989990234375,0.4,0.0034981120000000003,0.8222222220000001,1.0,0.008025451999999999,1
18.420000076293945,0.4,0.0034981120000000003,0.8222222220000001,1.0,0.012097017,1
154.24000549316406,0.4,0.0034981120000000003,0.8222222220000001,0.6,0.0024785418391918192,1
50.56000137329102,0.4,0.0034981120000000003,0.8222222220000001,0.8,0.005658297,1
34.68000030517578,0.4,0.0034981120000000003,0.8222222220000001,0.6,0.007536701,1
12.510000228881836,0.4,0.0034981120000000003,0.8222222220000001,0.8,0.005694544,1
72.77999877929688,0.4,0.0034981120000000003,0.8222222220000001,1.0,0.009397945999999999,1
149.55999755859375,0.6,0.003898639,0.7333333329999999,1.0,0.006139078,1
1010.0399780273438,0.6,0.003898639,0.7333333329999999,0.6,0.006007539,1
953.4199829101562,0.6,0.003898639,0.7333333329999999,0.8,0.006340152,0
18.46999931335449,0.6,0.003898639,0.7333333329999999,1.0,0.006645655,1
153.00999450683594,0.6,0.003898639,0.7333333329999999,0.4,0.003445781501590275,0
50.43999862670898,0.6,0.003898639,0.7333333329999999,0.6,0.005038765,0
34.470001220703125,0.6,0.003898639,0.7333333329999999,0.6,0.0073900369999999995,0
12.420000076293945,0.6,0.003898639,0.7333333329999999,0.6,0.005494045,0
73.3499984741211,0.6,0.003898639,0.7333333329999999,1.0,0.009467033,1
150.0800018310547,0.8,0.004093645999999999,0.7333333329999999,1.0,0.006186446999999999,1
1024.449951171875,0.8,0.004093645999999999,0.7333333329999999,0.8,0.008391235,1
965.4000244140624,0.8,0.004093645999999999,0.7333333329999999,0.8,0.008575433,1
18.38999938964844,0.8,0.004093645999999999,0.7333333329999999,0.8,0.006728491999999999,0
154.0,0.8,0.004093645999999999,0.7333333329999999,0.6,0.004439996833397564,1
50.45000076293945,0.8,0.004093645999999999,0.7333333329999999,0.6,0.004030451,1
34.529998779296875,0.8,0.004093645999999999,0.7333333329999999,0.6,0.0061334169999999995,1
12.380000114440918,0.8,0.004093645999999999,0.7333333329999999,0.6,0.005812956,0
73.30000305175781,0.8,0.004093645999999999,0.7333333329999999,0.8,0.009574789,0
151.02000427246094,0.8,0.0040353,0.7111111109999999,1.0,0.007150506,1
1026.8699951171877,0.8,0.0040353,0.7111111109999999,0.8,0.006373071,1
970.8900146484376,0.8,0.0040353,0.7111111109999999,0.8,0.006758233000000001,1
18.700000762939453,0.8,0.0040353,0.7111111109999999,0.8,0.008985073,1
147.52999877929688,0.8,0.0040353,0.7111111109999999,0.4,0.012176763196859838,0
51.0,0.8,0.0040353,0.7111111109999999,0.6,0.003925341,1
34.560001373291016,0.8,0.0040353,0.7111111109999999,0.6,0.004361429,1
12.420000076293945,0.8,0.0040353,0.7111111109999999,0.6,0.003853298,1
73.86000061035156,0.8,0.0040353,0.7111111109999999,0.8,0.00778798,1
150.33999633789062,0.8,0.004031364,0.7555555559999999,0.8,0.005265278000000001,0
1028.699951171875,0.8,0.004031364,0.7555555559999999,1.0,0.005561091,1
968.1500244140624,0.8,0.004031364,0.7555555559999999,0.6,0.006617035,0
18.940000534057614,0.8,0.004031364,0.7555555559999999,0.8,0.011108467,1
147.66000366210938,0.8,0.004031364,0.7555555559999999,0.6,0.012261928950434823,1
51.13000106811523,0.8,0.004031364,0.7555555559999999,0.8,0.004038708,1
34.75,0.8,0.004031364,0.7555555559999999,0.8,0.005402573000000001,1
12.449999809265135,0.8,0.004031364,0.7555555559999999,0.6,0.004014835,1
74.22000122070312,0.8,0.004031364,0.7555555559999999,0.8,0.007020016,1
150.27000427246094,1.0,0.004688896,0.622222222,0.6,0.003639517,0
1025.6700439453123,1.0,0.004688896,0.622222222,0.8,0.005914316,0
972.9199829101562,1.0,0.004688896,0.622222222,0.6,0.005737885999999999,1
19.149999618530273,1.0,0.004688896,0.622222222,0.8,0.009564923000000001,1
147.0800018310547,1.0,0.004688896,0.622222222,0.4,0.012253403423262938,0
50.79999923706055,1.0,0.004688896,0.622222222,0.6,0.00449537,0
34.72999954223633,1.0,0.004688896,0.622222222,0.6,0.0029475990000000004,0
12.630000114440918,1.0,0.004688896,0.622222222,0.6,0.006103835,1
73.79000091552734,1.0,0.004688896,0.622222222,0.6,0.005364181,0
152.08999633789062,0.8,0.003753598,0.622222222,0.6,0.005364008000000001,1
1038.949951171875,0.8,0.003753598,0.622222222,0.8,0.006860801999999999,1
980.3400268554688,0.8,0.003753598,0.622222222,0.8,0.006725536,1
19.239999771118164,0.8,0.003753598,0.622222222,0.8,0.009961992,1
145.99000549316406,0.8,0.003753598,0.622222222,0.4,0.012140653788790602,0
50.7599983215332,0.8,0.003753598,0.622222222,0.6,0.00417816,0
34.5,0.8,0.003753598,0.622222222,0.6,0.003061032,0
12.619999885559082,0.8,0.003753598,0.622222222,0.6,0.00482334,0
73.5999984741211,0.8,0.003753598,0.622222222,0.4,0.004312799,0
152.74000549316406,0.8,0.003441432,0.644444444,0.6,0.005523399,1
1039.8699951171877,0.8,0.003441432,0.644444444,0.8,0.004184566,1
950.7000122070312,0.8,0.003441432,0.644444444,0.6,0.010259354,0
19.40999984741211,0.8,0.003441432,0.644444444,1.0,0.010862876,1
146.19000244140625,0.8,0.003441432,0.644444444,0.4,0.011120600670648382,1
51.16999816894531,0.8,0.003441432,0.644444444,0.6,0.005753945,1
34.669998168945305,0.8,0.003441432,0.644444444,0.6,0.003698414,1
12.5600004196167,0.8,0.003441432,0.644444444,0.6,0.005130082,0
74.19000244140625,0.8,0.003441432,0.644444444,0.6,0.005779751,1
153.4600067138672,0.8,0.007836271,0.533333333,0.6,0.00521351,1
1052.800048828125,0.8,0.007836271,0.533333333,0.8,0.006198968000000001,1
947.7999877929688,0.8,0.007836271,0.533333333,0.4,0.009732085,0
19.26000022888184,0.8,0.007836271,0.533333333,0.8,0.009037055,0
145.36000061035156,0.8,0.007836271,0.533333333,0.4,0.003853512753511584,0
51.16999816894531,0.8,0.007836271,0.533333333,0.4,0.0035735709999999998,0
34.75,0.8,0.007836271,0.533333333,0.6,0.003986142,1
12.520000457763672,0.8,0.007836271,0.533333333,0.4,0.005120820999999999,0
74.05000305175781,0.8,0.007836271,0.533333333,0.4,0.004629198,0
150.55999755859375,0.6,0.007573748000000001,0.4,0.6,0.008092455,0
1046.0,0.6,0.007573748000000001,0.4,0.6,0.007134356,0
934.0900268554688,0.6,0.007573748000000001,0.4,0.4,0.012060663999999999,0
19.209999084472656,0.6,0.007573748000000001,0.4,0.6,0.006989435,0
145.07000732421875,0.6,0.007573748000000001,0.4,0.2,0.004076270907506863,0
50.45000076293945,0.6,0.007573748000000001,0.4,0.2,0.005877902,0
34.970001220703125,0.6,0.007573748000000001,0.4,0.6,0.0041528070000000005,1
12.4399995803833,0.6,0.007573748000000001,0.4,0.2,0.005915701999999999,0
73.16000366210938,0.6,0.007573748000000001,0.4,0.2,0.0060581590000000005,0
149.5,0.6,0.00568193,0.37777777799999995,0.6,0.009407417,0
1020.0399780273438,0.6,0.00568193,0.37777777799999995,0.6,0.011508957,0
941.530029296875,0.6,0.00568193,0.37777777799999995,0.4,0.012668283,1
19.170000076293945,0.6,0.00568193,0.37777777799999995,0.4,0.005188355,0
144.2899932861328,0.6,0.00568193,0.37777777799999995,0.2,0.004366042169874182,0
50.29999923706055,0.6,0.00568193,0.37777777799999995,0.2,0.005181722,0
35.310001373291016,0.6,0.00568193,0.37777777799999995,0.8,0.005982220999999999,1
12.369999885559082,0.6,0.00568193,0.37777777799999995,0.0,0.0041495279999999996,0
73.04000091552734,0.6,0.00568193,0.37777777799999995,0.2,0.005227496,0
148.72999572753906,0.6,0.005406983000000001,0.333333333,0.4,0.008015227,0
987.780029296875,0.6,0.005406983000000001,0.333333333,0.4,0.01524468,0
930.5,0.6,0.005406983000000001,0.333333333,0.2,0.013485968999999999,0
19.100000381469727,0.6,0.005406983000000001,0.333333333,0.2,0.00497871,0
144.6699981689453,0.6,0.005406983000000001,0.333333333,0.4,0.0034105844237131253,1
49.93000030517578,0.6,0.005406983000000001,0.333333333,0.2,0.006495407,0
35.470001220703125,0.6,0.005406983000000001,0.333333333,1.0,0.005563978000000001,1
12.3100004196167,0.6,0.005406983000000001,0.333333333,0.0,0.004961252,0
72.69999694824219,0.6,0.005406983000000001,0.333333333,0.2,0.005643522,0
150.0500030517578,0.6,0.006234241,0.355555556,0.4,0.008935496,1
996.1900024414062,0.6,0.006234241,0.355555556,0.4,0.016770373,1
930.8300170898438,0.6,0.006234241,0.355555556,0.4,0.007510018,1
19.13999938964844,0.6,0.006234241,0.355555556,0.2,0.0036303959999999997,1
145.3000030517578,0.6,0.006234241,0.355555556,0.4,0.004007551680843766,1
50.15999984741211,0.6,0.006234241,0.355555556,0.2,0.00580125,1
36.349998474121094,0.6,0.006234241,0.355555556,1.0,0.009540405,1
12.31999969482422,0.6,0.006234241,0.355555556,0.2,0.004172846,1
72.58000183105469,0.6,0.006234241,0.355555556,0.0,0.004370361,0
157.13999938964844,0.4,0.001826764,0.333333333,0.4,0.017442894,1
995.8900146484376,0.4,0.001826764,0.333333333,0.2,0.01434374,0
930.3900146484376,0.4,0.001826764,0.333333333,0.4,0.0069944759999999995,0
19.100000381469727,0.4,0.001826764,0.333333333,0.2,0.002502767,0
144.4499969482422,0.4,0.001826764,0.333333333,0.4,0.004042042104428574,0
49.77000045776367,0.4,0.001826764,0.333333333,0.2,0.007356271,0
36.63999938964844,0.4,0.001826764,0.333333333,1.0,0.010674504,1
12.31999969482422,0.4,0.001826764,0.333333333,0.2,0.0035359040000000003,0
72.26000213623047,0.4,0.001826764,0.333333333,0.0,0.004874738,0
155.57000732421875,0.6,0.002629358,0.4,0.4,0.015661604,0
986.9199829101562,0.6,0.002629358,0.4,0.2,0.014853348,0
923.6500244140624,0.6,0.002629358,0.4,0.4,0.005550322,0
19.36000061035156,0.6,0.002629358,0.4,0.4,0.00470606,1
144.94000244140625,0.6,0.002629358,0.4,0.6,0.004321485052345109,1
50.22999954223633,0.6,0.002629358,0.4,0.4,0.006390631999999999,1
36.4900016784668,0.6,0.002629358,0.4,0.8,0.010227075,0
12.34000015258789,0.6,0.002629358,0.4,0.4,0.002582618,1
72.1500015258789,0.6,0.002629358,0.4,0.0,0.0027754159999999997,0
156.38999938964844,0.6,0.0025750079999999997,0.488888889,0.6,0.015307708,1
987.5800170898438,0.6,0.0025750079999999997,0.488888889,0.4,0.010023429,1
927.9600219726562,0.6,0.0025750079999999997,0.488888889,0.4,0.00489058,1
19.3700008392334,0.6,0.0025750079999999997,0.488888889,0.6,0.004392928,1
145.16000366210938,0.6,0.0025750079999999997,0.488888889,0.8,0.003549698387168497,1
49.959999084472656,0.6,0.0025750079999999997,0.488888889,0.4,0.006871034,0
36.29999923706055,0.6,0.0025750079999999997,0.488888889,0.6,0.009323945,0
12.300000190734865,0.6,0.0025750079999999997,0.488888889,0.4,0.002105518,0
72.68000030517578,0.6,0.0025750079999999997,0.488888889,0.2,0.003916519,1
158.80999755859375,0.6,0.00284128,0.533333333,0.8,0.017372427,1
992.27001953125,0.6,0.00284128,0.533333333,0.6,0.004647993,1
929.3599853515624,0.6,0.00284128,0.533333333,0.6,0.002849308,1
19.31999969482422,0.6,0.00284128,0.533333333,0.6,0.0041788979999999995,0
143.47000122070312,0.6,0.00284128,0.533333333,0.6,0.005351443013313582,0
49.63999938964844,0.6,0.00284128,0.533333333,0.4,0.006680889000000001,0
36.43000030517578,0.6,0.00284128,0.533333333,0.6,0.009133946,1
12.270000457763672,0.6,0.00284128,0.533333333,0.4,0.0016232389999999998,0
72.4000015258789,0.6,0.00284128,0.533333333,0.2,0.003756008,0
160.0800018310547,0.6,0.002378605,0.4,0.8,0.017196789,1
989.8400268554688,0.6,0.002378605,0.4,0.4,0.003434975,0
926.7899780273438,0.6,0.002378605,0.4,0.4,0.003331445,0
19.31999969482422,0.6,0.002378605,0.4,0.4,0.00376006,0
142.11000061035156,0.6,0.002378605,0.4,0.4,0.0063763561444290465,0
49.099998474121094,0.6,0.002378605,0.4,0.2,0.00793527,0
36.40999984741211,0.6,0.002378605,0.4,0.4,0.004281824,0
12.260000228881836,0.6,0.002378605,0.4,0.2,0.0016237839999999999,0
72.79000091552734,0.6,0.002378605,0.4,0.4,0.004503244,1
161.05999755859375,0.8,0.004742214,0.4,0.8,0.008970994,1
982.010009765625,0.8,0.004742214,0.4,0.4,0.004956825,0
922.9000244140624,0.8,0.004742214,0.4,0.4,0.004076352,0
19.31999969482422,0.8,0.004742214,0.4,0.4,0.003342098,0
141.77000427246094,0.8,0.004742214,0.4,0.4,0.0056848520625246285,0
49.06000137329102,0.8,0.004742214,0.4,0.2,0.006543169000000001,0
36.59000015258789,0.8,0.004742214,0.4,0.4,0.003674962,1
12.260000228881836,0.8,0.004742214,0.4,0.2,0.0016237839999999999,0
72.47000122070312,0.8,0.004742214,0.4,0.4,0.0045007,0
155.32000732421875,0.6,0.004482848,0.333333333,0.8,0.014100551999999999,0
956.9199829101562,0.6,0.004482848,0.333333333,0.4,0.008265348,0
907.239990234375,0.6,0.004482848,0.333333333,0.4,0.006021156999999999,0
18.899999618530273,0.6,0.004482848,0.333333333,0.2,0.004967409,0
141.83999633789062,0.6,0.004482848,0.333333333,0.4,0.0051051493001231995,1
48.099998474121094,0.6,0.004482848,0.333333333,0.0,0.008608257,0
36.13999938964844,0.6,0.004482848,0.333333333,0.4,0.00531589,0
12.050000190734865,0.6,0.004482848,0.333333333,0.0,0.004724875999999999,0
71.41000366210938,0.6,0.004482848,0.333333333,0.4,0.007121584,0
157.47999572753906,0.4,0.00553599,0.311111111,0.8,0.015827714,1
967.989990234375,0.4,0.00553599,0.311111111,0.4,0.010445266,1
914.3900146484376,0.4,0.00553599,0.311111111,0.4,0.0066641190000000005,1
18.899999618530273,0.4,0.00553599,0.311111111,0.0,0.004864101,0
141.83999633789062,0.4,0.00553599,0.311111111,0.2,0.004801573728166019,0
48.2400016784668,0.4,0.00553599,0.311111111,0.2,0.008115334,1
35.86999893188477,0.4,0.00553599,0.311111111,0.4,0.005768687,0
12.020000457763672,0.4,0.00553599,0.311111111,0.0,0.0045745,0
72.5,0.4,0.00553599,0.311111111,0.4,0.00870521,1
159.85000610351562,0.6,0.008713435,0.42222222200000004,0.8,0.015742809,1
983.2999877929688,0.6,0.008713435,0.42222222200000004,0.4,0.012658725,1
922.6699829101562,0.6,0.008713435,0.42222222200000004,0.4,0.008173426,1
19.100000381469727,0.6,0.008713435,0.42222222200000004,0.2,0.006464236999999999,1
142.32000732421875,0.6,0.008713435,0.42222222200000004,0.4,0.003149939740813225,1
48.849998474121094,0.6,0.008713435,0.42222222200000004,0.4,0.009363319,1
36.34000015258789,0.6,0.008713435,0.42222222200000004,0.4,0.007673009000000001,1
12.039999961853027,0.6,0.008713435,0.42222222200000004,0.2,0.00441947,1
73.58999633789062,0.6,0.008713435,0.42222222200000004,0.6,0.010941599,1
161.60000610351562,0.6,0.008594351,0.4,0.8,0.01633296,1
982.739990234375,0.6,0.008594351,0.4,0.4,0.012282841999999999,0
922.219970703125,0.6,0.008594351,0.4,0.4,0.007717901,0
19.040000915527344,0.6,0.008594351,0.4,0.2,0.007092504,0
142.07000732421875,0.6,0.008594351,0.4,0.4,0.0016053931231363315,0
48.83000183105469,0.6,0.008594351,0.4,0.4,0.00726952,0
36.0,0.6,0.008594351,0.4,0.4,0.009434424,0
11.90999984741211,0.6,0.008594351,0.4,0.2,0.006415936999999999,0
73.22000122070312,0.6,0.008594351,0.4,0.4,0.01086981,0
160.9499969482422,0.6,0.006248239,0.46666666700000003,0.6,0.015913045,0
978.1799926757812,0.6,0.006248239,0.46666666700000003,0.4,0.011628781999999999,0
926.9600219726562,0.6,0.006248239,0.46666666700000003,0.6,0.00790642,1
18.96999931335449,0.6,0.006248239,0.46666666700000003,0.2,0.007827815,0
142.5,0.6,0.006248239,0.46666666700000003,0.6,0.0017322207667848308,1
49.25,0.6,0.006248239,0.46666666700000003,0.6,0.008826845,1
35.810001373291016,0.6,0.006248239,0.46666666700000003,0.2,0.009501231,0
11.93000030517578,0.6,0.006248239,0.46666666700000003,0.4,0.0067517969999999995,1
73.6500015258789,0.6,0.006248239,0.46666666700000003,0.6,0.011165113,1
157.86000061035156,0.6,0.007561094,0.444444444,0.6,0.012624975,0
960.5700073242188,0.6,0.007561094,0.444444444,0.4,0.01011941,0
910.97998046875,0.6,0.007561094,0.444444444,0.6,0.007960600000000002,0
18.63999938964844,0.6,0.007561094,0.444444444,0.2,0.006959165,0
140.69999694824222,0.6,0.007561094,0.444444444,0.4,0.00415980053707794,0
48.54999923706055,0.6,0.007561094,0.444444444,0.6,0.007755901,0
35.169998168945305,0.6,0.007561094,0.444444444,0.2,0.010615976000000001,0
11.880000114440918,0.6,0.007561094,0.444444444,0.4,0.004164248,0
72.4000015258789,0.6,0.007561094,0.444444444,0.6,0.011634203999999999,0
157.5,0.6,0.010046688,0.37777777799999995,0.4,0.010299737,0
958.469970703125,0.6,0.010046688,0.37777777799999995,0.2,0.008242983,0
910.6699829101562,0.6,0.010046688,0.37777777799999995,0.4,0.006452444,0
18.51000022888184,0.6,0.010046688,0.37777777799999995,0.2,0.008354006,0
139.69999694824222,0.6,0.010046688,0.37777777799999995,0.4,0.005581264675940515,0
48.61999893188477,0.6,0.010046688,0.37777777799999995,0.6,0.007462128,1
35.009998321533196,0.6,0.010046688,0.37777777799999995,0.2,0.01003165,0
11.520000457763672,0.6,0.010046688,0.37777777799999995,0.4,0.009726927,0
72.48999786376953,0.6,0.010046688,0.37777777799999995,0.6,0.00883003,1
157.2100067138672,0.6,0.007617514000000001,0.24444444399999998,0.2,0.0076580630000000005,0
953.2899780273438,0.6,0.007617514000000001,0.24444444399999998,0.0,0.006160616,0
906.6599731445312,0.6,0.007617514000000001,0.24444444399999998,0.2,0.00552208,0
18.56999969482422,0.6,0.007617514000000001,0.24444444399999998,0.2,0.006885888000000001,1
140.33000183105472,0.6,0.007617514000000001,0.24444444399999998,0.4,0.005806369939463761,1
48.9000015258789,0.6,0.007617514000000001,0.24444444399999998,0.6,0.00608492,1
34.919998168945305,0.6,0.007617514000000001,0.24444444399999998,0.0,0.007925209,0
11.199999809265137,0.6,0.007617514000000001,0.24444444399999998,0.2,0.014949723,0
72.1500015258789,0.6,0.007617514000000001,0.24444444399999998,0.4,0.006761194,0
159.77999877929688,0.6,0.010151548,0.37777777799999995,0.2,0.008738012,1
966.9000244140624,0.6,0.010151548,0.37777777799999995,0.2,0.008902099,1
924.6900024414062,0.6,0.010151548,0.37777777799999995,0.4,0.009401776,1
19.020000457763672,0.6,0.010151548,0.37777777799999995,0.4,0.011104156,1
141.00999450683594,0.6,0.010151548,0.37777777799999995,0.6,0.006424182699692379,1
49.2599983215332,0.6,0.010151548,0.37777777799999995,0.8,0.00747543,1
34.650001525878906,0.6,0.010151548,0.37777777799999995,0.0,0.007600364,0
11.130000114440918,0.6,0.010151548,0.37777777799999995,0.2,0.014040246999999999,0
73.16000366210938,0.6,0.010151548,0.37777777799999995,0.6,0.008555364000000001,1
159.97999572753906,0.4,0.011802175,0.355555556,0.4,0.008183886,1
958.0,0.4,0.011802175,0.355555556,0.2,0.009815021,0
927.0,0.4,0.011802175,0.355555556,0.4,0.008873437,1
18.86000061035156,0.4,0.011802175,0.355555556,0.4,0.012051283000000001,0
142.13999938964844,0.4,0.011802175,0.355555556,0.6,0.00742158784261365,1
49.06999969482422,0.4,0.011802175,0.355555556,0.6,0.006526595,0
34.65999984741211,0.4,0.011802175,0.355555556,0.2,0.0066025269999999995,1
11.039999961853027,0.4,0.011802175,0.355555556,0.0,0.015321641,0
72.72000122070312,0.4,0.011802175,0.355555556,0.4,0.00858367,0
159.27000427246094,0.4,0.01160551,0.444444444,0.4,0.005231789000000001,0
952.4500122070312,0.4,0.01160551,0.444444444,0.2,0.007373121,0
921.280029296875,0.4,0.01160551,0.444444444,0.4,0.006659681,0
19.40999984741211,0.4,0.01160551,0.444444444,0.6,0.014404547,1
142.94000244140625,0.4,0.01160551,0.444444444,0.8,0.006020922835671215,1
49.18999862670898,0.4,0.01160551,0.444444444,0.8,0.004173045,1
34.709999084472656,0.4,0.01160551,0.444444444,0.4,0.0033166009999999998,1
10.989999771118164,0.4,0.01160551,0.444444444,0.0,0.015389215,0
72.69000244140625,0.4,0.01160551,0.444444444,0.4,0.005271741999999999,0
159.86000061035156,0.6,0.010175215999999999,0.5111111110000001,0.6,0.005516564,1
945.260009765625,0.6,0.010175215999999999,0.5111111110000001,0.2,0.008445664,0
915.8900146484376,0.6,0.010175215999999999,0.5111111110000001,0.4,0.0077617369999999995,0
19.309999465942386,0.6,0.010175215999999999,0.5111111110000001,0.6,0.014040107,0
143.74000549316406,0.6,0.010175215999999999,0.5111111110000001,1.0,0.0057188137242240745,1
49.2400016784668,0.6,0.010175215999999999,0.5111111110000001,0.8,0.00408799,1
34.669998168945305,0.6,0.010175215999999999,0.5111111110000001,0.4,0.0026372220000000003,0
11.079999923706056,0.6,0.010175215999999999,0.5111111110000001,0.2,0.010966471,1
72.81999969482422,0.6,0.010175215999999999,0.5111111110000001,0.4,0.005380809,1
161.47000122070312,0.4,0.009477511,0.5111111110000001,0.8,0.0071625809999999995,1
946.02001953125,0.4,0.009477511,0.5111111110000001,0.4,0.007525581,1
913.8099975585938,0.4,0.009477511,0.5111111110000001,0.4,0.007335271,0
19.18000030517578,0.4,0.009477511,0.5111111110000001,0.4,0.014738258999999998,0
142.50999450683594,0.4,0.009477511,0.5111111110000001,0.8,0.006528312625491265,0
49.2400016784668,0.4,0.009477511,0.5111111110000001,0.6,0.00293619,0
34.650001525878906,0.4,0.009477511,0.5111111110000001,0.4,0.002238436,0
10.899999618530273,0.4,0.009477511,0.5111111110000001,0.2,0.008660006999999999,0
72.83000183105469,0.4,0.009477511,0.5111111110000001,0.6,0.00447023,1
162.91000366210938,0.2,0.007533318000000001,0.5555555560000001,0.8,0.005676696,1
954.0599975585938,0.2,0.007533318000000001,0.5555555560000001,0.4,0.006369945,1
921.2899780273438,0.2,0.007533318000000001,0.5555555560000001,0.4,0.004995127,1
19.209999084472656,0.2,0.007533318000000001,0.5555555560000001,0.4,0.010204537,1
143.13999938964844,0.2,0.007533318000000001,0.5555555560000001,0.8,0.006443334283985534,1
49.45000076293945,0.2,0.007533318000000001,0.5555555560000001,0.6,0.002316771,1
34.72999954223633,0.2,0.007533318000000001,0.5555555560000001,0.6,0.001153813,1
10.90999984741211,0.2,0.007533318000000001,0.5555555560000001,0.4,0.007593503000000001,1
73.05000305175781,0.2,0.007533318000000001,0.5555555560000001,0.6,0.002274651,1
163.35000610351562,0.2,0.005916686,0.622222222,0.8,0.005966534,1
967.5900268554688,0.2,0.005916686,0.622222222,0.6,0.00736531,1
929.5700073242188,0.2,0.005916686,0.622222222,0.4,0.006292987,1
19.170000076293945,0.2,0.005916686,0.622222222,0.4,0.008938539,0
142.55999755859375,0.2,0.005916686,0.622222222,0.6,0.005651002063886688,0
49.79999923706055,0.2,0.005916686,0.622222222,0.8,0.002960925,1
34.889999389648445,0.2,0.005916686,0.622222222,0.6,0.002017495,1
10.920000076293944,0.2,0.005916686,0.622222222,0.6,0.0061595719999999994,1
74.01000213623047,0.2,0.005916686,0.622222222,0.8,0.0037001359999999997,1
164.0,0.4,0.0047340540000000006,0.688888889,1.0,0.005874763000000001,1
980.5999755859376,0.4,0.0047340540000000006,0.688888889,0.8,0.008895794,1
939.3300170898438,0.4,0.0047340540000000006,0.688888889,0.6,0.007158802,1
19.07999992370605,0.4,0.0047340540000000006,0.688888889,0.2,0.004045066,0
143.02999877929688,0.4,0.0047340540000000006,0.688888889,0.6,0.005184720214729989,1
50.33000183105469,0.4,0.0047340540000000006,0.688888889,0.8,0.004600357,1
35.06999969482422,0.4,0.0047340540000000006,0.688888889,0.6,0.002760798,1
10.869999885559082,0.4,0.0047340540000000006,0.688888889,0.6,0.006169526,0
74.7699966430664,0.4,0.0047340540000000006,0.688888889,1.0,0.005671392,1
164.0500030517578,0.2,0.002598849,0.688888889,1.0,0.005194867,1
978.25,0.2,0.002598849,0.688888889,0.8,0.007865295999999999,0
937.3400268554688,0.2,0.002598849,0.688888889,0.6,0.006412391999999999,0
19.36000061035156,0.2,0.002598849,0.688888889,0.4,0.005949683000000001,1
144.0800018310547,0.2,0.002598849,0.688888889,0.6,0.005533592916768744,1
50.61999893188477,0.2,0.002598849,0.688888889,0.8,0.005549434000000001,1
35.09000015258789,0.2,0.002598849,0.688888889,0.8,0.0026443720000000003,1
10.84000015258789,0.2,0.002598849,0.688888889,0.4,0.005083643,0
73.94000244140625,0.2,0.002598849,0.688888889,0.8,0.007533843,0
162.0800018310547,0.2,0.004909064,0.644444444,0.8,0.005582312,0
965.27001953125,0.2,0.004909064,0.644444444,0.6,0.010358206,0
928.4500122070312,0.2,0.004909064,0.644444444,0.6,0.007855046,0
19.239999771118164,0.2,0.004909064,0.644444444,0.4,0.0058429169999999996,0
143.0399932861328,0.2,0.004909064,0.644444444,0.6,0.005265808556304235,0
50.93000030517578,0.2,0.004909064,0.644444444,1.0,0.006774250999999999,1
35.02000045776367,0.2,0.004909064,0.644444444,0.8,0.00292799,0
10.649999618530273,0.2,0.004909064,0.644444444,0.4,0.005340085,0
73.61000061035156,0.2,0.004909064,0.644444444,0.6,0.008398993,0
161.91000366210938,0.2,0.004309275,0.577777778,0.6,0.004008466,0
967.7999877929688,0.2,0.004309275,0.577777778,0.6,0.009182657,1
927.8099975585938,0.2,0.004309275,0.577777778,0.4,0.006355815,0
19.3700008392334,0.2,0.004309275,0.577777778,0.4,0.006881466,1
143.82000732421875,0.2,0.004309275,0.577777778,0.6,0.005472276895058543,1
51.0099983215332,0.2,0.004309275,0.577777778,1.0,0.006235439000000001,1
35.7599983215332,0.2,0.004309275,0.577777778,0.8,0.006692386,1
10.68000030517578,0.2,0.004309275,0.577777778,0.4,0.0057199880000000005,1
73.4000015258789,0.2,0.004309275,0.577777778,0.4,0.008365415,0
161.25999450683594,0.2,0.005230604,0.5111111110000001,0.4,0.004271214000000001,0
979.469970703125,0.2,0.005230604,0.5111111110000001,0.6,0.008758004,1
935.9500122070312,0.2,0.005230604,0.5111111110000001,0.4,0.006313002,1
19.280000686645508,0.2,0.005230604,0.5111111110000001,0.4,0.007394301,0
142.89999389648438,0.2,0.005230604,0.5111111110000001,0.6,0.0059412745229618725,0
51.72999954223633,0.2,0.005230604,0.5111111110000001,1.0,0.007642855,1
35.540000915527344,0.2,0.005230604,0.5111111110000001,0.6,0.007001403000000001,0
10.539999961853027,0.2,0.005230604,0.5111111110000001,0.2,0.008158395,0
74.33999633789062,0.2,0.005230604,0.5111111110000001,0.4,0.008298374,1
158.6300048828125,0.2,0.006140631,0.37777777799999995,0.2,0.006737185,0
965.9000244140624,0.2,0.006140631,0.37777777799999995,0.4,0.008839734,0
926.5,0.2,0.006140631,0.37777777799999995,0.2,0.006232446,0
19.1200008392334,0.2,0.006140631,0.37777777799999995,0.4,0.008115081,0
142.4499969482422,0.2,0.006140631,0.37777777799999995,0.4,0.0059117081188220936,0
51.58000183105469,0.2,0.006140631,0.37777777799999995,0.8,0.006094256,0
35.189998626708984,0.2,0.006140631,0.37777777799999995,0.4,0.007939212,0
10.630000114440918,0.2,0.006140631,0.37777777799999995,0.4,0.008950423,1
73.9800033569336,0.2,0.006140631,0.37777777799999995,0.2,0.007213117,0
161.5,0.2,0.00659831,0.46666666700000003,0.2,0.010294683,1
977.9600219726562,0.2,0.00659831,0.46666666700000003,0.6,0.010857593,1
929.0800170898438,0.2,0.00659831,0.46666666700000003,0.4,0.00636568,1
19.31999969482422,0.2,0.00659831,0.46666666700000003,0.4,0.007272102,1
144.86000061035156,0.2,0.00659831,0.46666666700000003,0.4,0.007827128987107117,1
52.4900016784668,0.2,0.00659831,0.46666666700000003,0.8,0.008470372,1
35.77000045776367,0.2,0.00659831,0.46666666700000003,0.4,0.011121553000000001,1
10.81999969482422,0.2,0.00659831,0.46666666700000003,0.6,0.01197323,1
74.76000213623047,0.2,0.00659831,0.46666666700000003,0.4,0.007101665,1
160.86000061035156,0.4,0.006290255,0.6,0.2,0.008685544,0
982.5800170898438,0.4,0.006290255,0.6,0.8,0.009148702,1
932.0700073242188,0.4,0.006290255,0.6,0.6,0.005112465,1
19.479999542236328,0.4,0.006290255,0.6,0.6,0.007688736999999999,1
145.75999450683594,0.4,0.006290255,0.6,0.6,0.007626045333038861,1
52.77000045776367,0.4,0.006290255,0.6,0.8,0.008312419,1
36.09000015258789,0.4,0.006290255,0.6,0.6,0.012511788000000001,1
10.890000343322754,0.4,0.006290255,0.6,0.8,0.009761598,1
74.68000030517578,0.4,0.006290255,0.6,0.4,0.0064230680000000005,0
159.64999389648438,0.4,0.006552405,0.6,0.2,0.009980195,0
999.5999755859376,0.4,0.006552405,0.6,0.8,0.012088843,1
935.0900268554688,0.4,0.006552405,0.6,0.8,0.005622622,1
19.280000686645508,0.4,0.006552405,0.6,0.4,0.008390751,0
145.99000549316406,0.4,0.006552405,0.6,0.6,0.006851023979984786,1
52.79999923706055,0.4,0.006552405,0.6,0.8,0.008111966,1
36.33000183105469,0.4,0.006552405,0.6,0.6,0.009615661,1
10.8100004196167,0.4,0.006552405,0.6,0.6,0.010667441000000001,0
75.20999908447266,0.4,0.006552405,0.6,0.6,0.0072718819999999995,1
158.27999877929688,0.4,0.005392425,0.5555555560000001,0.2,0.010893517,0
992.2100219726562,0.4,0.005392425,0.5555555560000001,0.6,0.011155773,0
925.1099853515624,0.4,0.005392425,0.5555555560000001,0.6,0.006002512,0
19.459999084472656,0.4,0.005392425,0.5555555560000001,0.6,0.00932868,1
145.5399932861328,0.4,0.005392425,0.5555555560000001,0.6,0.006188125653911606,0
52.790000915527344,0.4,0.005392425,0.5555555560000001,0.6,0.005326858,0
36.47999954223633,0.4,0.005392425,0.5555555560000001,0.8,0.009211002,1
10.800000190734863,0.4,0.005392425,0.5555555560000001,0.6,0.00823073,0
74.7699966430664,0.4,0.005392425,0.5555555560000001,0.4,0.005880651999999999,0
159.8800048828125,0.4,0.00381714,0.622222222,0.4,0.009653458,1
986.7899780273438,0.4,0.00381714,0.622222222,0.6,0.009477417,0
920.2899780273438,0.4,0.00381714,0.622222222,0.6,0.00502521,0
19.46999931335449,0.4,0.00381714,0.622222222,0.8,0.0077717080000000004,1
144.82000732421875,0.4,0.00381714,0.622222222,0.6,0.00654771831261911,0
48.7400016784668,0.4,0.00381714,0.622222222,0.6,0.020090745,0
37.0,0.4,0.00381714,0.622222222,1.0,0.010092257,1
10.789999961853027,0.4,0.00381714,0.622222222,0.4,0.006708136999999999,0
75.30999755859375,0.4,0.00381714,0.622222222,0.6,0.00635658,1
158.6699981689453,0.6,0.0042426320000000005,0.444444444,0.2,0.007548624,0
974.1900024414062,0.6,0.0042426320000000005,0.444444444,0.4,0.009533995,0
915.0,0.6,0.0042426320000000005,0.444444444,0.4,0.005617905,0
19.59000015258789,0.6,0.0042426320000000005,0.444444444,0.8,0.006912344,1
144.5500030517578,0.6,0.0042426320000000005,0.444444444,0.4,0.003536952270888142,0
48.33000183105469,0.6,0.0042426320000000005,0.444444444,0.4,0.018244642,0
37.0,0.6,0.0042426320000000005,0.444444444,0.8,0.006795855999999999,0
10.699999809265137,0.6,0.0042426320000000005,0.444444444,0.2,0.00480157,0
75.16000366210938,0.6,0.0042426320000000005,0.444444444,0.4,0.004646242,0
158.72999572753906,0.6,0.005199711,0.37777777799999995,0.4,0.006831681,1
969.8599853515624,0.6,0.005199711,0.37777777799999995,0.2,0.009478119,0
921.8099975585938,0.6,0.005199711,0.37777777799999995,0.4,0.006462784,1
19.489999771118164,0.6,0.005199711,0.37777777799999995,0.6,0.006276964,0
144.38999938964844,0.6,0.005199711,0.37777777799999995,0.2,0.00251576340957265,0
48.040000915527344,0.6,0.005199711,0.37777777799999995,0.2,0.018377863,0
37.22999954223633,0.6,0.005199711,0.37777777799999995,0.8,0.006249889000000001,1
10.649999618530273,0.6,0.005199711,0.37777777799999995,0.0,0.0044422409999999996,0
75.44000244140625,0.6,0.005199711,0.37777777799999995,0.6,0.0051772929999999995,1
156.07000732421875,0.8,0.005527308000000001,0.333333333,0.4,0.008678848000000001,0
973.2100219726562,0.8,0.005527308000000001,0.333333333,0.2,0.006704608000000001,1
931.5800170898438,0.8,0.005527308000000001,0.333333333,0.4,0.007934506,1
19.600000381469727,0.8,0.005527308000000001,0.333333333,0.8,0.0053523780000000005,1
145.8800048828125,0.8,0.005527308000000001,0.333333333,0.2,0.004264023511498462,1
47.97000122070313,0.8,0.005527308000000001,0.333333333,0.0,0.018555588999999997,0
37.06999969482422,0.8,0.005527308000000001,0.333333333,0.6,0.005779393000000001,0
10.630000114440918,0.8,0.005527308000000001,0.333333333,0.0,0.003348582,0
74.94000244140625,0.8,0.005527308000000001,0.333333333,0.4,0.005083464,0
153.38999938964844,0.8,0.0070882359999999995,0.37777777799999995,0.4,0.010396966,0
964.6500244140624,0.8,0.0070882359999999995,0.37777777799999995,0.2,0.006985152,0
932.4500122070312,0.8,0.0070882359999999995,0.37777777799999995,0.6,0.005986722,1
19.770000457763672,0.8,0.0070882359999999995,0.37777777799999995,0.8,0.005219869,1
145.25999450683594,0.8,0.0070882359999999995,0.37777777799999995,0.2,0.004497554137533156,0
47.97000122070313,0.8,0.0070882359999999995,0.37777777799999995,0.0,0.018517717,0
37.20000076293945,0.8,0.0070882359999999995,0.37777777799999995,0.6,0.005655023,1
10.649999618530273,0.8,0.0070882359999999995,0.37777777799999995,0.2,0.003539848,1
74.20999908447266,0.8,0.0070882359999999995,0.37777777799999995,0.4,0.005861634,0
151.88999938964844,0.8,0.007795356999999999,0.355555556,0.2,0.010331023,0
955.0999755859376,0.8,0.007795356999999999,0.355555556,0.2,0.007872635,0
928.530029296875,0.8,0.007795356999999999,0.355555556,0.6,0.0057854740000000005,0
19.940000534057614,0.8,0.007795356999999999,0.355555556,0.8,0.00683687,1
145.1300048828125,0.8,0.007795356999999999,0.355555556,0.2,0.00368712978543505,0
48.15999984741211,0.8,0.007795356999999999,0.355555556,0.2,0.003966061,1
37.18000030517578,0.8,0.007795356999999999,0.355555556,0.4,0.002911673,0
10.649999618530273,0.8,0.007795356999999999,0.355555556,0.2,0.0033546590000000003,0
74.41000366210938,0.8,0.007795356999999999,0.355555556,0.4,0.004956225,1
150.5500030517578,0.8,0.008717661,0.355555556,0.2,0.01058181,0
939.7899780273438,0.8,0.008717661,0.355555556,0.2,0.008524852,0
920.969970703125,0.8,0.008717661,0.355555556,0.6,0.0062642340000000005,0
19.850000381469727,0.8,0.008717661,0.355555556,0.6,0.006506906,0
145.8699951171875,0.8,0.008717661,0.355555556,0.4,0.004334009111158313,1
47.97000122070313,0.8,0.008717661,0.355555556,0.2,0.0030726959999999998,0
37.15999984741211,0.8,0.008717661,0.355555556,0.4,0.00301926,0
10.56999969482422,0.8,0.008717661,0.355555556,0.2,0.003188791,0
73.26000213623047,0.8,0.008717661,0.355555556,0.4,0.007648874,0
153.13999938964844,0.6,0.007386604000000001,0.4,0.2,0.013946897,1
938.5999755859376,0.6,0.007386604000000001,0.4,0.2,0.007889153000000001,0
924.8599853515624,0.6,0.007386604000000001,0.4,0.6,0.005620475,1
19.8799991607666,0.6,0.007386604000000001,0.4,0.8,0.005788227,1
146.55999755859375,0.6,0.007386604000000001,0.4,0.6,0.0050586785925207855,1
47.91999816894531,0.6,0.007386604000000001,0.4,0.2,0.0020810860000000002,0
37.47000122070313,0.6,0.007386604000000001,0.4,0.4,0.003444487,1
10.619999885559082,0.6,0.007386604000000001,0.4,0.4,0.003200285,1
73.26000213623047,0.6,0.007386604000000001,0.4,0.2,0.0069038,0
154.22999572753906,0.6,0.008276275999999999,0.46666666700000003,0.4,0.012018837,1
950.8699951171876,0.6,0.008276275999999999,0.46666666700000003,0.2,0.009812860999999999,1
944.489990234375,0.6,0.008276275999999999,0.46666666700000003,0.6,0.007745696,1
19.8700008392334,0.6,0.008276275999999999,0.46666666700000003,0.6,0.004760024,0
145.66000366210938,0.6,0.008276275999999999,0.46666666700000003,0.4,0.0042229737677066245,0
48.15999984741211,0.6,0.008276275999999999,0.46666666700000003,0.4,0.00279134,1
37.540000915527344,0.6,0.008276275999999999,0.46666666700000003,0.6,0.0029585970000000003,1
11.0,0.6,0.008276275999999999,0.46666666700000003,0.6,0.009981019,1
73.8499984741211,0.6,0.008276275999999999,0.46666666700000003,0.4,0.007188935,1
153.27999877929688,0.8,0.00790482,0.488888889,0.4,0.009816393,0
956.4000244140624,0.8,0.00790482,0.488888889,0.4,0.009216886,1
949.5,0.8,0.00790482,0.488888889,0.6,0.00861981,1
19.96999931335449,0.8,0.00790482,0.488888889,0.6,0.0040318559999999995,1
145.66000366210938,0.8,0.00790482,0.488888889,0.4,0.003372945860901129,0
48.08000183105469,0.8,0.00790482,0.488888889,0.4,0.0031235570000000003,0
37.83000183105469,0.8,0.00790482,0.488888889,0.6,0.0038022390000000002,1
10.970000267028807,0.8,0.00790482,0.488888889,0.4,0.010150184,0
73.87000274658203,0.8,0.00790482,0.488888889,0.6,0.005294877,1
154.1199951171875,0.6,0.007218395,0.577777778,0.6,0.008956623,1
961.3499755859376,0.6,0.007218395,0.577777778,0.6,0.008272005,1
959.1099853515624,0.6,0.007218395,0.577777778,0.8,0.009803238,1
19.959999084472656,0.6,0.007218395,0.577777778,0.4,0.002412231,0
145.0800018310547,0.6,0.007218395,0.577777778,0.4,0.0039903483561577755,0
48.349998474121094,0.6,0.007218395,0.577777778,0.4,0.003454515,1
38.08000183105469,0.6,0.007218395,0.577777778,0.8,0.0050164120000000005,1
10.989999771118164,0.6,0.007218395,0.577777778,0.6,0.010514806000000002,1
74.48999786376953,0.6,0.007218395,0.577777778,0.6,0.006434465,1
153.80999755859375,0.6,0.005953635,0.688888889,0.6,0.007594474,0
959.1900024414062,0.6,0.005953635,0.688888889,0.6,0.0055154209999999995,0
953.27001953125,0.6,0.005953635,0.688888889,0.8,0.009392633000000001,0
20.1200008392334,0.6,0.005953635,0.688888889,0.6,0.003112745,1
146.66000366210938,0.6,0.005953635,0.688888889,0.4,0.0051486976008578685,1
48.79999923706055,0.6,0.005953635,0.688888889,0.6,0.004526915,1
39.040000915527344,0.6,0.005953635,0.688888889,1.0,0.009950836,1
11.0600004196167,0.6,0.005953635,0.688888889,0.8,0.010286357,1
74.61000061035156,0.6,0.005953635,0.688888889,0.8,0.003665677,1
154.47999572753906,0.6,0.004111458,0.666666667,0.6,0.0050249629999999995,1
957.0999755859376,0.6,0.004111458,0.666666667,0.6,0.005697961999999999,0
957.7899780273438,0.6,0.004111458,0.666666667,0.8,0.009496175,1
20.09000015258789,0.6,0.004111458,0.666666667,0.4,0.003108708,0
146.77999877929688,0.6,0.004111458,0.666666667,0.4,0.0043662835102128905,1
48.68999862670898,0.6,0.004111458,0.666666667,0.6,0.0047692609999999995,0
39.38000106811523,0.6,0.004111458,0.666666667,1.0,0.010024172,1
11.15999984741211,0.6,0.004111458,0.666666667,0.8,0.011148588000000001,1
74.26000213623047,0.6,0.004111458,0.666666667,0.8,0.004603885,0
153.47999572753906,0.4,0.002584185,0.6,0.4,0.0048961000000000005,0
965.4500122070312,0.4,0.002584185,0.6,0.6,0.004828287,1
951.6799926757812,0.4,0.002584185,0.6,0.6,0.0065270580000000005,0
20.26000022888184,0.4,0.002584185,0.6,0.6,0.004700506,1
146.47999572753906,0.4,0.002584185,0.6,0.4,0.003546905079068253,0
48.9000015258789,0.4,0.002584185,0.6,0.6,0.004630196,1
39.34000015258789,0.4,0.002584185,0.6,0.8,0.009853695,0
11.0,0.4,0.002584185,0.6,0.6,0.006859657,0
74.69000244140625,0.4,0.002584185,0.6,0.8,0.004151287,1
155.38999938964844,0.4,0.001493943,0.666666667,0.6,0.006153106,1
980.8499755859376,0.4,0.001493943,0.666666667,0.6,0.00685535,1
969.9600219726562,0.4,0.001493943,0.666666667,0.6,0.009307799,1
20.350000381469727,0.4,0.001493943,0.666666667,0.6,0.004582431,1
146.72000122070312,0.4,0.001493943,0.666666667,0.6,0.003874602375852022,1
48.90999984741211,0.4,0.001493943,0.666666667,0.8,0.004338872,1
39.52999877929688,0.4,0.001493943,0.666666667,0.8,0.009274603000000001,1
11.0,0.4,0.001493943,0.666666667,0.6,0.006314208000000001,0
75.97000122070312,0.4,0.001493943,0.666666667,0.8,0.007524608,1
155.3000030517578,0.4,0.010998094,0.644444444,0.4,0.00517291,0
989.5800170898438,0.4,0.010998094,0.644444444,0.6,0.007600326,1
978.8900146484376,0.4,0.010998094,0.644444444,0.6,0.00912489,1
20.57999992370605,0.4,0.010998094,0.644444444,0.8,0.006742716,1
146.47999572753906,0.4,0.010998094,0.644444444,0.6,0.0034053860090840584,0
48.4000015258789,0.4,0.010998094,0.644444444,0.6,0.005301214,0
39.63000106811523,0.4,0.010998094,0.644444444,0.8,0.008458857,1
11.050000190734863,0.4,0.010998094,0.644444444,0.6,0.00685868,1
76.0,0.4,0.010998094,0.644444444,0.8,0.005924972,1
155.83999633789062,0.4,0.012054673,0.644444444,0.6,0.005466049000000001,1
990.989990234375,0.4,0.012054673,0.644444444,0.8,0.0074359280000000005,1
977.0,0.4,0.012054673,0.644444444,0.6,0.008293257,0
20.56999969482422,0.4,0.012054673,0.644444444,0.6,0.005236676,0
147.38999938964844,0.4,0.012054673,0.644444444,0.6,0.00246977036142354,1
48.36000061035156,0.4,0.012054673,0.644444444,0.4,0.0036050759999999996,0
39.86000061035156,0.4,0.012054673,0.644444444,0.8,0.004577579,1
11.109999656677246,0.4,0.012054673,0.644444444,0.6,0.006670746,1
76.29000091552734,0.4,0.012054673,0.644444444,0.8,0.006365934,1
155.89999389648438,0.6,0.012112897,0.6,0.6,0.0046718459999999995,1
987.2000122070312,0.6,0.012112897,0.6,0.8,0.007765025,0
972.5999755859376,0.6,0.012112897,0.6,0.4,0.008245671999999999,0
20.56999969482422,0.6,0.012112897,0.6,0.6,0.004938458,0
148.5,0.6,0.012112897,0.6,0.6,0.0038123420761922134,1
48.209999084472656,0.6,0.012112897,0.6,0.4,0.003774608,0
39.650001525878906,0.6,0.012112897,0.6,0.6,0.003889459,0
11.170000076293944,0.6,0.012112897,0.6,0.6,0.005942554,1
76.29000091552734,0.6,0.012112897,0.6,0.8,0.005427726999999999,0
156.5500030517578,0.8,0.014520045,0.622222222,0.8,0.0042110590000000005,1
995.0,0.8,0.014520045,0.622222222,0.8,0.007600386999999999,1
989.25,0.8,0.014520045,0.622222222,0.6,0.010393639,1
20.40999984741211,0.8,0.014520045,0.622222222,0.4,0.004801735,0
147.6199951171875,0.8,0.014520045,0.622222222,0.6,0.0045887546384104595,0
48.27999877929688,0.8,0.014520045,0.622222222,0.4,0.0032023909999999997,1
39.29999923706055,0.8,0.014520045,0.622222222,0.6,0.0054517640000000004,0
11.050000190734863,0.8,0.014520045,0.622222222,0.6,0.005223783,0
76.41999816894531,0.8,0.014520045,0.622222222,0.8,0.00461043,1
156.0,0.6,0.016217764,0.5111111110000001,0.6,0.002424786,0
1000.9299926757812,0.6,0.016217764,0.5111111110000001,0.8,0.005602131,1
987.8300170898438,0.6,0.016217764,0.5111111110000001,0.4,0.006839088,0
20.399999618530273,0.6,0.016217764,0.5111111110000001,0.2,0.004011277,0
147.02999877929688,0.6,0.016217764,0.5111111110000001,0.4,0.005060402088145966,0
48.22999954223633,0.6,0.016217764,0.5111111110000001,0.2,0.00336862,0
39.18999862670898,0.6,0.016217764,0.5111111110000001,0.4,0.005045633,0
11.109999656677246,0.6,0.016217764,0.5111111110000001,0.8,0.006309746999999999,1
77.12000274658203,0.6,0.016217764,0.5111111110000001,0.8,0.003014926,1
156.99000549316406,0.6,0.008080885,0.577777778,0.8,0.0035781909999999997,1
1002.9400024414062,0.6,0.008080885,0.577777778,0.8,0.004223662,1
989.6799926757812,0.6,0.008080885,0.577777778,0.4,0.00537233,1
21.709999084472656,0.6,0.008080885,0.577777778,0.2,0.014593972,1
147.10000610351562,0.6,0.008080885,0.577777778,0.6,0.004828469467183064,1
48.61000061035156,0.6,0.008080885,0.577777778,0.4,0.0028589509999999998,1
39.66999816894531,0.6,0.008080885,0.577777778,0.4,0.006989279,1
11.4399995803833,0.6,0.008080885,0.577777778,0.8,0.011341245,1
77.48999786376953,0.6,0.008080885,0.577777778,0.8,0.003895482,1
159.8800048828125,0.4,0.00707584,0.622222222,0.8,0.006564533000000001,1
1006.3400268554688,0.4,0.00707584,0.622222222,0.8,0.00461671,1
992.0,0.4,0.00707584,0.622222222,0.6,0.005455015,1
21.790000915527344,0.4,0.00707584,0.622222222,0.4,0.015233792,1
146.8300018310547,0.4,0.00707584,0.622222222,0.4,0.0039530769948808355,0
48.86000061035156,0.4,0.00707584,0.622222222,0.6,0.003722253,1
39.7599983215332,0.4,0.00707584,0.622222222,0.4,0.0062822880000000005,1
11.550000190734865,0.4,0.00707584,0.622222222,0.8,0.01217837,1
77.6500015258789,0.4,0.00707584,0.622222222,0.8,0.0035452879999999997,1
160.47000122070312,0.4,0.008533984,0.666666667,0.8,0.007225583000000001,1
1009.1300048828124,0.4,0.008533984,0.666666667,1.0,0.004406303,1
992.1799926757812,0.4,0.008533984,0.666666667,0.8,0.004590582,1
21.549999237060547,0.4,0.008533984,0.666666667,0.4,0.017436653,0
146.5399932861328,0.4,0.008533984,0.666666667,0.2,0.00284189441795286,0
49.18999862670898,0.4,0.008533984,0.666666667,0.8,0.004452689,1
39.790000915527344,0.4,0.008533984,0.666666667,0.6,0.005379524,1
11.5,0.4,0.008533984,0.666666667,0.6,0.011964058,0
77.58999633789062,0.4,0.008533984,0.666666667,0.8,0.0036998409999999997,0
159.75999450683594,0.2,0.005958286,0.688888889,0.6,0.007276613,0
997.0,0.2,0.005958286,0.688888889,0.8,0.00523013,0
992.8099975585938,0.2,0.005958286,0.688888889,0.8,0.001293759,1
21.71999931335449,0.2,0.005958286,0.688888889,0.6,0.017458718,1
159.52999877929688,0.2,0.005958286,0.688888889,0.4,0.019385658693593925,1
49.58000183105469,0.2,0.005958286,0.688888889,0.8,0.005747995,1
40.25,0.2,0.005958286,0.688888889,0.8,0.005926199,1
11.5,0.2,0.005958286,0.688888889,0.6,0.009815448000000001,0
77.61000061035156,0.2,0.005958286,0.688888889,0.8,0.003410607,1
155.97999572753906,0.2,0.008504689000000001,0.688888889,0.6,0.011306055,0
986.6099853515624,0.2,0.008504689000000001,0.688888889,0.6,0.006122428,0
984.4500122070312,0.2,0.008504689000000001,0.688888889,0.8,0.002690782,0
21.959999084472656,0.2,0.008504689000000001,0.688888889,0.8,0.019570667,1
160.89999389648438,0.2,0.008504689000000001,0.688888889,0.6,0.0203038531280068,1
49.349998474121094,0.2,0.008504689000000001,0.688888889,0.8,0.00646868,0
40.09000015258789,0.2,0.008504689000000001,0.688888889,0.8,0.006161429,0
11.449999809265135,0.2,0.008504689000000001,0.688888889,0.4,0.009599053,0
77.91000366210938,0.2,0.008504689000000001,0.688888889,0.8,0.002351718,1
156.25,0.2,0.007037694000000001,0.644444444,0.6,0.010383021,1
982.9099731445312,0.2,0.007037694000000001,0.644444444,0.4,0.006470845,0
988.2000122070312,0.2,0.007037694000000001,0.644444444,0.8,0.003078075,1
22.020000457763672,0.2,0.007037694000000001,0.644444444,0.8,0.007273995,1
162.07000732421875,0.2,0.007037694000000001,0.644444444,0.6,0.021662960700494987,1
49.25,0.2,0.007037694000000001,0.644444444,0.6,0.005298156,0
40.43000030517578,0.2,0.007037694000000001,0.644444444,0.8,0.005408011,1
11.640000343322756,0.2,0.007037694000000001,0.644444444,0.4,0.006977247,1
78.80999755859375,0.2,0.007037694000000001,0.644444444,0.8,0.0037025290000000004,1
156.1699981689453,0.4,0.007982283,0.5555555560000001,0.4,0.006803661,0
966.2999877929688,0.4,0.007982283,0.5555555560000001,0.2,0.009172590999999999,0
968.4500122070312,0.4,0.007982283,0.5555555560000001,0.6,0.006606402,0
22.1200008392334,0.4,0.007982283,0.5555555560000001,0.8,0.00744526,1
159.5500030517578,0.4,0.007982283,0.5555555560000001,0.6,0.024405630210318684,0
49.31000137329102,0.4,0.007982283,0.5555555560000001,0.6,0.0045132209999999996,1
40.83000183105469,0.4,0.007982283,0.5555555560000001,0.8,0.006933003,1
11.630000114440918,0.4,0.007982283,0.5555555560000001,0.2,0.005225985,0
78.83000183105469,0.4,0.007982283,0.5555555560000001,0.8,0.0033403290000000004,1
157.10000610351562,0.2,0.006471934,0.577777778,0.4,0.007256632,1
975.9000244140624,0.2,0.006471934,0.577777778,0.2,0.010605079,1
970.5399780273438,0.2,0.006471934,0.577777778,0.6,0.007001724,1
21.950000762939453,0.2,0.006471934,0.577777778,0.8,0.00677947,0
155.8800048828125,0.2,0.006471934,0.577777778,0.6,0.028611040283927906,0
49.97999954223633,0.2,0.006471934,0.577777778,0.6,0.005879925,1
40.95000076293945,0.2,0.006471934,0.577777778,0.8,0.007369883000000001,1
11.579999923706055,0.2,0.006471934,0.577777778,0.2,0.005220029,0
78.86000061035156,0.2,0.006471934,0.577777778,1.0,0.003261886,1
156.41000366210938,0.2,0.008927615,0.46666666700000003,0.4,0.007250146999999999,0
972.9099731445312,0.2,0.008927615,0.46666666700000003,0.2,0.008813805,0
973.3300170898438,0.2,0.008927615,0.46666666700000003,0.6,0.007449675,1
21.670000076293945,0.2,0.008927615,0.46666666700000003,0.6,0.007753001999999999,0
153.5,0.2,0.008927615,0.46666666700000003,0.4,0.013935721414309415,0
49.70000076293945,0.2,0.008927615,0.46666666700000003,0.4,0.005414667,0
40.77999877929688,0.2,0.008927615,0.46666666700000003,0.6,0.005888039,0
11.5600004196167,0.2,0.008927615,0.46666666700000003,0.2,0.005565444,0
78.62999725341797,0.2,0.008927615,0.46666666700000003,0.8,0.0037936429999999998,0
157.41000366210938,0.2,0.0048913640000000005,0.533333333,0.6,0.0037967409999999997,1
972.4299926757812,0.2,0.0048913640000000005,0.533333333,0.2,0.0068282180000000005,0
972.5599975585938,0.2,0.0048913640000000005,0.533333333,0.6,0.005923793,0
21.520000457763672,0.2,0.0048913640000000005,0.533333333,0.4,0.006927458,0
153.60000610351562,0.2,0.0048913640000000005,0.533333333,0.4,0.012348483345449742,1
50.1500015258789,0.2,0.0048913640000000005,0.533333333,0.6,0.006297728000000001,1
41.349998474121094,0.2,0.0048913640000000005,0.533333333,0.8,0.007888495,1
11.75,0.2,0.0048913640000000005,0.533333333,0.4,0.007983065,1
78.76000213623047,0.2,0.0048913640000000005,0.533333333,0.8,0.0033512140000000004,1
163.0500030517578,0.4,0.004974832,0.5555555560000001,0.6,0.010616536000000001,1
1100.949951171875,0.4,0.004974832,0.5555555560000001,0.4,0.032510915,1
1019.27001953125,0.4,0.004974832,0.5555555560000001,0.6,0.014767528,1
21.5,0.4,0.004974832,0.5555555560000001,0.2,0.006566876,0
153.67999267578125,0.4,0.004974832,0.5555555560000001,0.4,0.010998296324921792,1
50.88000106811523,0.4,0.004974832,0.5555555560000001,0.8,0.00880373,1
44.400001525878906,0.4,0.004974832,0.5555555560000001,0.8,0.020944442,1
11.779999732971193,0.4,0.004974832,0.5555555560000001,0.4,0.005174912,1
83.80999755859375,0.4,0.004974832,0.5555555560000001,0.8,0.013864628,1
166.72000122070312,0.4,0.003577373,0.5555555560000001,0.8,0.015015818,1
1110.8499755859377,0.4,0.003577373,0.5555555560000001,0.6,0.030929609,1
1017.1099853515624,0.4,0.003577373,0.5555555560000001,0.6,0.011194201,0
21.38999938964844,0.4,0.003577373,0.5555555560000001,0.0,0.0066818680000000005,0
154.36000061035156,0.4,0.003577373,0.5555555560000001,0.6,0.008773489929111727,1
50.68000030517578,0.4,0.003577373,0.5555555560000001,0.6,0.009346235999999999,0
44.36999893188477,0.4,0.003577373,0.5555555560000001,0.6,0.019100853,0
11.600000381469727,0.4,0.003577373,0.5555555560000001,0.4,0.008059103,0
83.88999938964844,0.4,0.003577373,0.5555555560000001,0.8,0.014004775,1
169.0399932861328,0.6,0.00415912,0.5111111110000001,0.8,0.016607898,1
1105.280029296875,0.6,0.00415912,0.5111111110000001,0.4,0.029945467000000003,0
1016.6400146484376,0.6,0.00415912,0.5111111110000001,0.4,0.010855003,0
21.549999237060547,0.6,0.00415912,0.5111111110000001,0.2,0.006640821999999999,1
154.05999755859375,0.6,0.00415912,0.5111111110000001,0.6,0.004561759267182833,0
50.9000015258789,0.6,0.00415912,0.5111111110000001,0.6,0.00749694,1
45.4900016784668,0.6,0.00415912,0.5111111110000001,0.6,0.023561524,1
11.539999961853027,0.6,0.00415912,0.5111111110000001,0.4,0.008233744,0
83.18000030517578,0.6,0.00415912,0.5111111110000001,0.6,0.015621355,0
166.88999938964844,0.6,0.002069661,0.5555555560000001,0.8,0.018273243,0
1103.6800537109377,0.6,0.002069661,0.5555555560000001,0.4,0.029622204,0
1025.5,0.6,0.002069661,0.5555555560000001,0.4,0.012023051000000002,1
21.46999931335449,0.6,0.002069661,0.5555555560000001,0.2,0.004832022,0
154.02999877929688,0.6,0.002069661,0.5555555560000001,0.6,0.0015470663809497708,0
50.63999938964844,0.6,0.002069661,0.5555555560000001,0.6,0.007398116,0
46.709999084472656,0.6,0.002069661,0.5555555560000001,0.8,0.028095038,1
11.5600004196167,0.6,0.002069661,0.5555555560000001,0.6,0.008234958,1
83.18000030517578,0.6,0.002069661,0.5555555560000001,0.6,0.015038033999999999,0
168.11000061035156,0.8,0.003754663,0.533333333,0.8,0.018456595,1
1094.219970703125,0.8,0.003754663,0.533333333,0.4,0.031237815,0
1025.5799560546877,0.8,0.003754663,0.533333333,0.6,0.011880421,1
21.440000534057614,0.8,0.003754663,0.533333333,0.2,0.0037270709999999998,0
153.35000610351562,0.8,0.003754663,0.533333333,0.4,0.0022997006466222284,0
50.27999877929688,0.8,0.003754663,0.533333333,0.4,0.007009051,0
47.099998474121094,0.8,0.003754663,0.533333333,0.8,0.026969427,1
12.100000381469727,0.8,0.003754663,0.533333333,0.6,0.014290328,1
84.05000305175781,0.8,0.003754663,0.533333333,0.6,0.016799215,1
172.5,0.6,0.005721021999999999,0.46666666700000003,0.8,0.016513366,1
1111.5999755859377,0.6,0.005721021999999999,0.46666666700000003,0.4,0.007981765,1
1032.47998046875,0.6,0.005721021999999999,0.46666666700000003,0.6,0.003620424,1
21.46999931335449,0.6,0.005721021999999999,0.46666666700000003,0.4,0.0038210329999999997,1
151.5800018310547,0.6,0.005721021999999999,0.46666666700000003,0.2,0.0045040016826815785,0
50.18000030517578,0.6,0.005721021999999999,0.46666666700000003,0.2,0.004495553,0
46.34000015258789,0.6,0.005721021999999999,0.46666666700000003,0.6,0.015444465,0
11.5600004196167,0.6,0.005721021999999999,0.46666666700000003,0.4,0.022705312999999998,0
84.13999938964844,0.6,0.005721021999999999,0.46666666700000003,0.6,0.004189608,1
174.25,0.4,0.0067429709999999995,0.5111111110000001,0.8,0.014040667,1
1120.6600341796877,0.4,0.0067429709999999995,0.5111111110000001,0.4,0.007813407,1
1025.9000244140623,0.4,0.0067429709999999995,0.5111111110000001,0.6,0.004471178,0
21.440000534057614,0.4,0.0067429709999999995,0.5111111110000001,0.4,0.00307722,0
150.83999633789062,0.4,0.0067429709999999995,0.5111111110000001,0.0,0.0045954249067365685,0
50.4000015258789,0.4,0.0067429709999999995,0.5111111110000001,0.4,0.004586235,1
46.70000076293945,0.4,0.0067429709999999995,0.5111111110000001,0.8,0.016863054,1
11.600000381469727,0.4,0.0067429709999999995,0.5111111110000001,0.6,0.020341338,1
84.47000122070312,0.4,0.0067429709999999995,0.5111111110000001,0.6,0.004783107,1
174.80999755859375,0.4,0.006191296999999999,0.5555555560000001,0.8,0.011900319,1
1123.1700439453123,0.4,0.006191296999999999,0.5555555560000001,0.6,0.007258533,1
1033.3299560546877,0.4,0.006191296999999999,0.5555555560000001,0.8,0.005827235,1
21.3799991607666,0.4,0.006191296999999999,0.5555555560000001,0.2,0.002140909,0
151.35000610351562,0.4,0.006191296999999999,0.5555555560000001,0.2,0.004882945388780278,1
50.4900016784668,0.4,0.006191296999999999,0.5555555560000001,0.4,0.004075181,1
46.77999877929688,0.4,0.006191296999999999,0.5555555560000001,0.8,0.012157188999999999,1
11.5600004196167,0.4,0.006191296999999999,0.5555555560000001,0.6,0.019996502,0
84.2699966430664,0.4,0.006191296999999999,0.5555555560000001,0.6,0.003563968,0
176.24000549316406,0.6,0.0075300490000000005,0.666666667,1.0,0.010992621000000001,1
1132.8800048828125,0.6,0.0075300490000000005,0.666666667,0.8,0.008698046,1
1039.8499755859377,0.6,0.0075300490000000005,0.666666667,0.8,0.005346185,1
21.420000076293945,0.6,0.0075300490000000005,0.666666667,0.4,0.00177264,1
151.57000732421875,0.6,0.0075300490000000005,0.666666667,0.4,0.005134719590390396,1
50.540000915527344,0.6,0.0075300490000000005,0.666666667,0.6,0.003251617,1
46.70000076293945,0.6,0.0075300490000000005,0.666666667,0.6,0.007135402,0
11.699999809265135,0.6,0.0075300490000000005,0.666666667,0.6,0.022072007999999997,1
84.55999755859375,0.6,0.0075300490000000005,0.666666667,0.8,0.004252234000000001,1
175.8800048828125,0.6,0.008152946,0.5555555560000001,0.8,0.009939113000000001,0
1129.1300048828125,0.6,0.008152946,0.5555555560000001,0.8,0.007645796,0
1031.260009765625,0.6,0.008152946,0.5555555560000001,0.6,0.006982746,0
21.34000015258789,0.6,0.008152946,0.5555555560000001,0.4,0.002240157,0
150.3000030517578,0.6,0.008152946,0.5555555560000001,0.4,0.005927583132077208,0
49.2400016784668,0.6,0.008152946,0.5555555560000001,0.6,0.006974251,0
46.29999923706055,0.6,0.008152946,0.5555555560000001,0.4,0.007178596,0
11.600000381469727,0.6,0.008152946,0.5555555560000001,0.4,0.014438841000000001,0
84.08999633789062,0.6,0.008152946,0.5555555560000001,0.6,0.003272018,0
174.6699981689453,0.6,0.006482293,0.488888889,0.6,0.006092289,0
1125.3499755859377,0.6,0.006482293,0.488888889,0.6,0.00513865,0
1028.0699462890623,0.6,0.006482293,0.488888889,0.4,0.006255835,0
21.229999542236328,0.6,0.006482293,0.488888889,0.2,0.002991251,0
149.16000366210938,0.6,0.006482293,0.488888889,0.4,0.005136098142404251,0
49.31999969482422,0.6,0.006482293,0.488888889,0.8,0.006901416,1
45.58000183105469,0.6,0.006482293,0.488888889,0.4,0.007061566,0
11.630000114440918,0.6,0.006482293,0.488888889,0.6,0.006030459,1
83.87000274658203,0.6,0.006482293,0.488888889,0.4,0.003581102,0
173.97000122070312,0.8,0.010296497,0.444444444,0.4,0.004864811,0
1129.1700439453125,0.8,0.010296497,0.444444444,0.6,0.004187469,1
1025.75,0.8,0.010296497,0.444444444,0.4,0.0054325630000000005,0
21.170000076293945,0.8,0.010296497,0.444444444,0.2,0.003277035,0
148.39999389648438,0.8,0.010296497,0.444444444,0.4,0.005178761824101132,0
49.4000015258789,0.8,0.010296497,0.444444444,0.8,0.0063489869999999995,1
45.75,0.8,0.010296497,0.444444444,0.4,0.006253764,1
11.539999961853027,0.8,0.010296497,0.444444444,0.4,0.006886142,0
83.93000030517578,0.8,0.010296497,0.444444444,0.4,0.002939764,1
171.33999633789062,0.8,0.01164277,0.444444444,0.2,0.007245575,0
1136.8399658203125,0.8,0.01164277,0.444444444,0.6,0.005098023,1
1026.0,0.8,0.01164277,0.444444444,0.4,0.004032837,1
21.36000061035156,0.8,0.01164277,0.444444444,0.4,0.004512319,1
148.88999938964844,0.8,0.01164277,0.444444444,0.4,0.00516292044215225,1
49.20000076293945,0.8,0.01164277,0.444444444,0.6,0.006801563,0
45.86000061035156,0.8,0.01164277,0.444444444,0.4,0.006392037,1
11.539999961853027,0.8,0.01164277,0.444444444,0.4,0.006196487,0
84.05000305175781,0.8,0.01164277,0.444444444,0.6,0.002752171,1
169.0800018310547,0.6,0.009748629,0.26666666699999997,0.0,0.008247527,0
1126.68994140625,0.6,0.009748629,0.26666666699999997,0.4,0.005154651,0
1020.9099731445312,0.6,0.009748629,0.26666666699999997,0.2,0.0037631009999999996,0
21.36000061035156,0.6,0.009748629,0.26666666699999997,0.2,0.004138129,0
147.10000610351562,0.6,0.009748629,0.26666666699999997,0.2,0.007276652618896829,0
48.81999969482422,0.6,0.009748629,0.26666666699999997,0.4,0.008148227,0
45.459999084472656,0.6,0.009748629,0.26666666699999997,0.4,0.007794465,0
11.390000343322756,0.6,0.009748629,0.26666666699999997,0.2,0.006374,0
82.9800033569336,0.6,0.009748629,0.26666666699999997,0.4,0.004610008,0
171.10000610351562,0.6,0.007131953000000001,0.444444444,0.2,0.010228399,1
1137.2900390625,0.6,0.007131953000000001,0.444444444,0.6,0.006374256,1
1032.5,0.6,0.007131953000000001,0.444444444,0.4,0.004381475,1
21.56999969482422,0.6,0.007131953000000001,0.444444444,0.4,0.005357448000000001,1
149.1199951171875,0.6,0.007131953000000001,0.444444444,0.4,0.008347269647606364,1
49.20000076293945,0.6,0.007131953000000001,0.444444444,0.6,0.004560533,1
45.6500015258789,0.6,0.007131953000000001,0.444444444,0.6,0.006917306999999999,1
11.3100004196167,0.6,0.007131953000000001,0.444444444,0.2,0.006069346999999999,0
83.19999694824219,0.6,0.007131953000000001,0.444444444,0.6,0.004028601,1
170.14999389648438,0.6,0.006750590999999999,0.42222222200000004,0.2,0.009962929,0
1129.8800048828125,0.6,0.006750590999999999,0.42222222200000004,0.6,0.007007813000000001,0
1019.0900268554688,0.6,0.006750590999999999,0.42222222200000004,0.4,0.006360376,0
21.75,0.6,0.006750590999999999,0.42222222200000004,0.6,0.005995502,1
148.97000122070312,0.6,0.006750590999999999,0.42222222200000004,0.4,0.007031476500773265,0
48.93999862670898,0.6,0.006750590999999999,0.42222222200000004,0.4,0.005292521999999999,0
44.63000106811523,0.6,0.006750590999999999,0.42222222200000004,0.6,0.008275953,0
11.25,0.6,0.006750590999999999,0.42222222200000004,0.0,0.0066131259999999996,0
82.4000015258789,0.6,0.006750590999999999,0.42222222200000004,0.6,0.005428433000000001,0
169.97999572753906,0.6,0.00422386,0.42222222200000004,0.2,0.009361243,0
1126.31005859375,0.6,0.00422386,0.42222222200000004,0.4,0.006960816999999999,0
1018.3800048828124,0.6,0.00422386,0.42222222200000004,0.4,0.006048399,0
22.1200008392334,0.6,0.00422386,0.42222222200000004,0.8,0.008832576,1
150.50999450683594,0.6,0.00422386,0.42222222200000004,0.6,0.008079944819123273,1
49.02000045776367,0.6,0.00422386,0.42222222200000004,0.4,0.0052950409999999995,1
44.61999893188477,0.6,0.00422386,0.42222222200000004,0.4,0.007574841999999999,0
11.220000267028807,0.6,0.00422386,0.42222222200000004,0.0,0.00559873,0
82.52999877929688,0.6,0.00422386,0.42222222200000004,0.6,0.005600888,1
173.13999938964844,0.6,0.00364904,0.46666666700000003,0.4,0.010055816,1
1139.489990234375,0.6,0.00364904,0.46666666700000003,0.4,0.007942684,1
1034.489990234375,0.6,0.00364904,0.46666666700000003,0.4,0.0091635,1
22.459999084472656,0.6,0.00364904,0.46666666700000003,0.8,0.010111703,1
151.9499969482422,0.6,0.00364904,0.46666666700000003,0.6,0.009333057464292877,1
48.63000106811523,0.6,0.00364904,0.46666666700000003,0.4,0.006076506,0
44.93999862670898,0.6,0.00364904,0.46666666700000003,0.4,0.008528298,1
11.25,0.6,0.00364904,0.46666666700000003,0.2,0.006133485,1
83.72000122070312,0.6,0.00364904,0.46666666700000003,0.6,0.008198735,1
174.9600067138672,0.6,0.003724985,0.5555555560000001,0.6,0.009520146,1
1156.1600341796875,0.6,0.003724985,0.5555555560000001,0.6,0.009082907,1
1035.9599609375,0.6,0.003724985,0.5555555560000001,0.6,0.008455484000000001,1
21.34000015258789,0.6,0.003724985,0.5555555560000001,0.8,0.020084979,0
151.77000427246094,0.6,0.003724985,0.5555555560000001,0.6,0.007165517208728721,0
48.58000183105469,0.6,0.003724985,0.5555555560000001,0.4,0.004737417,0
44.650001525878906,0.6,0.003724985,0.5555555560000001,0.4,0.008074449000000001,0
11.279999732971193,0.6,0.003724985,0.5555555560000001,0.4,0.004067167,1
83.11000061035156,0.6,0.003724985,0.5555555560000001,0.6,0.007109872,0
174.97000122070312,0.6,0.003826962,0.5555555560000001,0.6,0.007142165,1
1186.0,0.6,0.003826962,0.5555555560000001,0.6,0.012363181,1
1040.6099853515623,0.6,0.003826962,0.5555555560000001,0.6,0.007082679000000001,1
21.239999771118164,0.6,0.003826962,0.5555555560000001,0.6,0.019055907,0
151.83999633789062,0.6,0.003826962,0.5555555560000001,0.6,0.0045113356461173185,1
49.0099983215332,0.6,0.003826962,0.5555555560000001,0.4,0.004950935,1
44.75,0.6,0.003826962,0.5555555560000001,0.4,0.00768646,1
11.390000343322756,0.6,0.003826962,0.5555555560000001,0.6,0.004612793,1
83.26000213623047,0.6,0.003826962,0.5555555560000001,0.6,0.00694061,1
174.08999633789062,0.6,0.00382607,0.644444444,0.6,0.007037580999999999,0
1195.8299560546875,0.6,0.00382607,0.644444444,0.8,0.012717741999999999,1
1054.2099609375,0.6,0.00382607,0.644444444,0.8,0.0070989519999999995,1
21.25,0.6,0.00382607,0.644444444,0.6,0.017481083,1
151.97999572753906,0.6,0.00382607,0.644444444,0.8,0.004494567405031515,1
48.88000106811523,0.6,0.00382607,0.644444444,0.4,0.004424509,0
44.4900016784668,0.6,0.00382607,0.644444444,0.4,0.004379678,0
11.300000190734865,0.6,0.00382607,0.644444444,0.6,0.005132113,0
83.87000274658203,0.6,0.00382607,0.644444444,0.8,0.006482835,1
173.07000732421875,0.6,0.004225263,0.666666667,0.6,0.008009555,0
1193.5999755859375,0.6,0.004225263,0.666666667,0.8,0.012458786000000001,0
1047.4100341796877,0.6,0.004225263,0.666666667,0.8,0.008249659,0
21.65999984741211,0.6,0.004225263,0.666666667,0.6,0.017937599,1
152.47000122070312,0.6,0.004225263,0.666666667,0.8,0.0030718749944372748,1
49.0099983215332,0.6,0.004225263,0.666666667,0.4,0.004629474000000001,1
44.72999954223633,0.6,0.004225263,0.666666667,0.6,0.00541374,1
11.199999809265137,0.6,0.004225263,0.666666667,0.6,0.006368703000000001,0
84.87999725341797,0.6,0.004225263,0.666666667,0.8,0.008575784,1
169.47999572753906,0.6,0.0038765329999999997,0.533333333,0.4,0.008440089,0
1161.27001953125,0.6,0.0038765329999999997,0.533333333,0.6,0.01553563,0
1021.6599731445312,0.6,0.0038765329999999997,0.533333333,0.6,0.010002715,0
21.43000030517578,0.6,0.0038765329999999997,0.533333333,0.4,0.0169872,0
153.5500030517578,0.6,0.0038765329999999997,0.533333333,0.8,0.002575052083166462,1
48.52000045776367,0.6,0.0038765329999999997,0.533333333,0.4,0.0050378720000000005,0
43.95000076293945,0.6,0.0038765329999999997,0.533333333,0.4,0.007466993000000001,0
11.260000228881836,0.6,0.0038765329999999997,0.533333333,0.6,0.006905385,1
83.33999633789062,0.6,0.0038765329999999997,0.533333333,0.6,0.009320631999999999,0
171.85000610351562,0.8,0.005222791,0.622222222,0.4,0.009134538000000001,1
1176.75,0.8,0.005222791,0.622222222,0.6,0.015275795,1
1021.4099731445312,0.8,0.005222791,0.622222222,0.4,0.009767463,0
21.450000762939453,0.8,0.005222791,0.622222222,0.6,0.007200582,1
153.97000122070312,0.8,0.005222791,0.622222222,1.0,0.002885192360561729,1
49.06000137329102,0.8,0.005222791,0.622222222,0.6,0.007058131,1
44.84000015258789,0.8,0.005222791,0.622222222,0.6,0.01022645,1
11.3100004196167,0.8,0.005222791,0.622222222,0.6,0.007260159,1
84.16999816894531,0.8,0.005222791,0.622222222,0.8,0.009855238,1
171.0500030517578,0.8,0.005268101,0.5111111110000001,0.2,0.010054162,0
1162.3499755859375,0.8,0.005268101,0.5111111110000001,0.4,0.012561309,0
1010.1699829101562,0.8,0.005268101,0.5111111110000001,0.2,0.011070618,0
21.40999984741211,0.8,0.005268101,0.5111111110000001,0.6,0.00663634,0
154.75999450683594,0.8,0.005268101,0.5111111110000001,1.0,0.0038191231758756467,1
49.61000061035156,0.8,0.005268101,0.5111111110000001,0.6,0.007530019000000001,1
44.68000030517578,0.8,0.005268101,0.5111111110000001,0.4,0.010492177,0
11.239999771118164,0.8,0.005268101,0.5111111110000001,0.4,0.006547646999999999,0
84.26000213623047,0.8,0.005268101,0.5111111110000001,0.8,0.009708129,1
169.8000030517578,0.8,0.006049036,0.42222222200000004,0.2,0.01050983,0
1133.949951171875,0.8,0.006049036,0.42222222200000004,0.2,0.0157903,0
998.6799926757812,0.8,0.006049036,0.42222222200000004,0.0,0.010731633,0
21.07999992370605,0.8,0.006049036,0.42222222200000004,0.4,0.009624846999999999,0
156.4600067138672,0.8,0.006049036,0.42222222200000004,1.0,0.005831685308633517,1
48.4000015258789,0.8,0.006049036,0.42222222200000004,0.6,0.011877571000000002,0
44.4900016784668,0.8,0.006049036,0.42222222200000004,0.4,0.010180659,0
11.149999618530273,0.8,0.006049036,0.42222222200000004,0.4,0.006568737,0
81.08000183105469,0.8,0.006049036,0.42222222200000004,0.6,0.015790903999999998,0
169.63999938964844,0.6,0.004238754,0.37777777799999995,0.2,0.009526496,0
1141.5699462890625,0.6,0.004238754,0.37777777799999995,0.4,0.016761314,1
1005.1500244140624,0.6,0.004238754,0.37777777799999995,0.2,0.010737298000000001,1
21.06999969482422,0.6,0.004238754,0.37777777799999995,0.2,0.005860903000000001,0
155.35000610351562,0.6,0.004238754,0.37777777799999995,0.8,0.006605750101756064,0
47.9900016784668,0.6,0.004238754,0.37777777799999995,0.4,0.013039882,0
43.43999862670898,0.6,0.004238754,0.37777777799999995,0.2,0.01382195,0
11.140000343322754,0.6,0.004238754,0.37777777799999995,0.4,0.004978178,0
81.58999633789062,0.6,0.004238754,0.37777777799999995,0.6,0.014640431,1
169.00999450683594,0.4,0.004161117,0.444444444,0.2,0.006120628,0
1152.3499755859375,0.4,0.004161117,0.444444444,0.6,0.013232728999999999,1
1018.3800048828124,0.4,0.004161117,0.444444444,0.4,0.008452836,1
21.020000457763672,0.4,0.004161117,0.444444444,0.2,0.004211778,0
154.10000610351562,0.4,0.004161117,0.444444444,0.6,0.006798344907489703,0
48.41999816894531,0.4,0.004161117,0.444444444,0.6,0.012832323999999999,1
43.45000076293945,0.4,0.004161117,0.444444444,0.4,0.010380414000000001,1
11.079999923706056,0.4,0.004161117,0.444444444,0.2,0.0049839490000000005,0
82.77999877929688,0.4,0.004161117,0.444444444,0.8,0.013928807,1
169.32000732421875,0.2,0.003987025,0.355555556,0.2,0.0036906829999999997,1
1159.7900390625,0.2,0.003987025,0.355555556,0.6,0.011857971,1
1030.9300537109377,0.2,0.003987025,0.355555556,0.6,0.010868603999999999,1
20.96999931335449,0.2,0.003987025,0.355555556,0.0,0.004500868,0
153.57000732421875,0.2,0.003987025,0.355555556,0.4,0.006939157637318755,0
48.52000045776367,0.2,0.003987025,0.355555556,0.6,0.011019496,1
43.08000183105469,0.2,0.003987025,0.355555556,0.2,0.008033462,0
10.970000267028807,0.2,0.003987025,0.355555556,0.0,0.006081399999999999,0
82.48999786376953,0.2,0.003987025,0.355555556,0.6,0.012637616,0
169.3699951171875,0.2,0.006279685,0.46666666700000003,0.4,0.00281868,1
1162.0,0.2,0.006279685,0.46666666700000003,0.8,0.009791645,1
1037.050048828125,0.2,0.006279685,0.46666666700000003,0.8,0.009855003000000001,1
21.06999969482422,0.2,0.006279685,0.46666666700000003,0.2,0.0050816459999999996,1
154.80999755859375,0.2,0.006279685,0.46666666700000003,0.4,0.007527878384558711,1
49.599998474121094,0.2,0.006279685,0.46666666700000003,0.6,0.013229111000000002,1
43.349998474121094,0.2,0.006279685,0.46666666700000003,0.4,0.00857328,1
10.93000030517578,0.2,0.006279685,0.46666666700000003,0.0,0.005572807,0
84.16000366210938,0.2,0.006279685,0.46666666700000003,0.6,0.016472743999999997,1
172.6699981689453,0.4,0.006564019,0.644444444,0.6,0.0052539169999999994,1
1168.9200439453125,0.4,0.006564019,0.644444444,1.0,0.006096046,1
1041.0999755859377,0.4,0.006564019,0.644444444,1.0,0.008361188,1
21.299999237060547,0.4,0.006564019,0.644444444,0.4,0.00418217,1
155.41000366210938,0.4,0.006564019,0.644444444,0.4,0.0061060640367940604,1
50.47000122070313,0.4,0.006564019,0.644444444,0.8,0.011859141,1
43.65999984741211,0.4,0.006564019,0.644444444,0.6,0.00915302,1
10.960000038146973,0.4,0.006564019,0.644444444,0.2,0.004520323,1
85.2300033569336,0.4,0.006564019,0.644444444,0.8,0.011467453,1
171.6999969482422,0.6,0.005626009,0.622222222,0.6,0.006188987,0
1165.0799560546875,0.6,0.005626009,0.622222222,0.8,0.0054091040000000005,0
1040.47998046875,0.6,0.005626009,0.622222222,0.8,0.007184575,0
20.979999542236328,0.6,0.005626009,0.622222222,0.4,0.0070919830000000005,0
156.74000549316406,0.6,0.005626009,0.622222222,0.6,0.0063987741958074894,1
50.38999938964844,0.6,0.005626009,0.622222222,0.8,0.010481954,0
43.33000183105469,0.6,0.005626009,0.622222222,0.6,0.0059445159999999995,0
10.880000114440918,0.6,0.005626009,0.622222222,0.2,0.005800817,0
85.58000183105469,0.6,0.005626009,0.622222222,0.8,0.011030753,1
172.27000427246094,0.6,0.007816386,0.6,0.8,0.00611019,1
1164.1300048828125,0.6,0.007816386,0.6,0.6,0.003683542,0
1040.6099853515623,0.6,0.007816386,0.6,0.8,0.004577126,1
20.850000381469727,0.6,0.007816386,0.6,0.4,0.00785665,0
153.91000366210938,0.6,0.007816386,0.6,0.6,0.008400582743914684,0
50.04999923706055,0.6,0.007816386,0.6,0.6,0.010039404,0
43.34000015258789,0.6,0.007816386,0.6,0.6,0.005944616,1
10.989999771118164,0.6,0.007816386,0.6,0.4,0.0067456619999999995,1
85.3499984741211,0.6,0.007816386,0.6,0.6,0.008651239,0
172.22000122070312,0.6,0.008355303,0.6,0.6,0.005801384000000001,0
1174.260009765625,0.6,0.008355303,0.6,0.6,0.004132613,1
1049.1500244140623,0.6,0.008355303,0.6,0.8,0.00375377,1
20.739999771118164,0.6,0.008355303,0.6,0.4,0.008436063,0
154.0,0.6,0.008355303,0.6,0.8,0.007829666036338731,1
50.18999862670898,0.6,0.008355303,0.6,0.6,0.01018578,1
43.2599983215332,0.6,0.008355303,0.6,0.6,0.004610696,0
10.899999618530273,0.6,0.008355303,0.6,0.4,0.006397964,0
84.69000244140625,0.6,0.008355303,0.6,0.6,0.009497148,0
173.97000122070312,0.6,0.005913262,0.577777778,0.6,0.0077746230000000005,1
1179.1400146484375,0.6,0.005913262,0.577777778,0.6,0.004582679,1
1064.18994140625,0.6,0.005913262,0.577777778,0.8,0.00543356,1
20.920000076293945,0.6,0.005913262,0.577777778,0.4,0.009218095,1
152.5,0.6,0.005913262,0.577777778,0.6,0.008162832036306925,0
48.29999923706055,0.6,0.005913262,0.577777778,0.4,0.013265394,0
44.560001373291016,0.6,0.005913262,0.577777778,0.6,0.009367415,1
10.960000038146973,0.6,0.005913262,0.577777778,0.6,0.006769629,1
86.8499984741211,0.6,0.005913262,0.577777778,0.6,0.010549105,1
176.4199981689453,0.4,0.006189592,0.5111111110000001,0.6,0.006694399,1
1190.5799560546875,0.4,0.006189592,0.5111111110000001,0.6,0.005332008,1
1077.1400146484377,0.4,0.006189592,0.5111111110000001,0.8,0.007086303,1
21.290000915527344,0.4,0.006189592,0.5111111110000001,0.4,0.010572193,1
153.3300018310547,0.4,0.006189592,0.5111111110000001,0.6,0.008476207405894332,1
47.709999084472656,0.4,0.006189592,0.5111111110000001,0.2,0.012200383,0
46.2599983215332,0.4,0.006189592,0.5111111110000001,0.6,0.015567336999999999,1
10.920000076293944,0.4,0.006189592,0.5111111110000001,0.4,0.006950611999999999,0
86.37999725341797,0.4,0.006189592,0.5111111110000001,0.4,0.009088659,0
174.5399932861328,0.2,0.008298011,0.5555555560000001,0.6,0.007702151,0
1187.3800048828125,0.2,0.008298011,0.5555555560000001,0.6,0.005212522,0
1070.6800537109377,0.2,0.008298011,0.5555555560000001,0.8,0.008166664,0
21.420000076293945,0.2,0.008298011,0.5555555560000001,0.6,0.008788724,1
153.22999572753906,0.2,0.008298011,0.5555555560000001,0.4,0.006895049097699964,0
47.81999969482422,0.2,0.008298011,0.5555555560000001,0.4,0.012344478,1
47.040000915527344,0.2,0.008298011,0.5555555560000001,0.8,0.01742792,1
11.039999961853027,0.2,0.008298011,0.5555555560000001,0.6,0.007688559,1
85.83000183105469,0.2,0.008298011,0.5555555560000001,0.2,0.009540788,0
174.35000610351562,0.2,0.008409049,0.5555555560000001,0.4,0.007255894000000001,0
1177.6199951171875,0.2,0.008409049,0.5555555560000001,0.6,0.0066934080000000005,0
1064.949951171875,0.2,0.008409049,0.5555555560000001,0.6,0.009212042,0
21.459999084472656,0.2,0.008409049,0.5555555560000001,0.8,0.00792293,1
152.9499969482422,0.2,0.008409049,0.5555555560000001,0.4,0.0036494333200643102,0
47.9000015258789,0.2,0.008409049,0.5555555560000001,0.6,0.011329599,1
47.56000137329102,0.2,0.008409049,0.5555555560000001,0.8,0.019592657,1
11.0600004196167,0.2,0.008409049,0.5555555560000001,0.6,0.006028834,1
85.5199966430664,0.2,0.008409049,0.5555555560000001,0.2,0.009725642,0
175.00999450683594,0.4,0.0074494209999999995,0.5111111110000001,0.6,0.007954926,1
1174.760009765625,0.4,0.0074494209999999995,0.5111111110000001,0.4,0.005438775,0
1063.6300048828123,0.4,0.0074494209999999995,0.5111111110000001,0.4,0.007818578,0
21.25,0.4,0.0074494209999999995,0.5111111110000001,0.8,0.008824889,0
151.5,0.4,0.0074494209999999995,0.5111111110000001,0.2,0.005428527122746813,0
47.27999877929688,0.4,0.0074494209999999995,0.5111111110000001,0.4,0.013358898999999999,0
46.7599983215332,0.4,0.0074494209999999995,0.5111111110000001,0.8,0.022587659,0
11.279999732971193,0.4,0.0074494209999999995,0.5111111110000001,0.8,0.008369266,1
85.5,0.4,0.0074494209999999995,0.5111111110000001,0.2,0.008225843,0
175.00999450683594,0.4,0.009176377,0.46666666700000003,0.4,0.005922642,0
1168.3599853515625,0.4,0.009176377,0.46666666700000003,0.2,0.005697201,0
1060.1199951171877,0.4,0.009176377,0.46666666700000003,0.2,0.005611517,0
21.26000022888184,0.4,0.009176377,0.46666666700000003,0.8,0.00718323,1
152.5,0.4,0.009176377,0.46666666700000003,0.4,0.004800607187896185,1
47.36000061035156,0.4,0.009176377,0.46666666700000003,0.6,0.006165938,1
46.70000076293945,0.4,0.009176377,0.46666666700000003,0.6,0.016834093,0
11.65999984741211,0.4,0.009176377,0.46666666700000003,0.8,0.014005931999999999,1
85.51000213623047,0.4,0.009176377,0.46666666700000003,0.2,0.003148293,1
170.57000732421875,0.6,0.007888148000000001,0.4,0.2,0.008180049,0
1176.760009765625,0.6,0.007888148000000001,0.4,0.2,0.005194731,1
1056.739990234375,0.6,0.007888148000000001,0.4,0.0,0.003815392,0
21.229999542236328,0.6,0.007888148000000001,0.4,0.6,0.0039281640000000005,0
152.8300018310547,0.6,0.007888148000000001,0.4,0.4,0.004144869482978151,1
47.43000030517578,0.6,0.007888148000000001,0.4,0.8,0.004018479,1
46.08000183105469,0.6,0.007888148000000001,0.4,0.4,0.011859187,0
11.600000381469727,0.6,0.007888148000000001,0.4,0.8,0.014305156000000001,0
85.4000015258789,0.6,0.007888148000000001,0.4,0.2,0.002323246,0
170.60000610351562,0.8,0.006205195,0.444444444,0.4,0.006083941,1
1182.260009765625,0.8,0.006205195,0.444444444,0.4,0.0055919559999999995,1
1049.3699951171877,0.8,0.006205195,0.444444444,0.0,0.004010781,0
21.270000457763672,0.8,0.006205195,0.444444444,0.6,0.003083775,1
153.1300048828125,0.8,0.006205195,0.444444444,0.6,0.004407020971281428,1
47.38000106811523,0.8,0.006205195,0.444444444,0.6,0.0037681909999999997,0
46.11000061035156,0.8,0.006205195,0.444444444,0.4,0.008617134,1
11.539999961853027,0.8,0.006205195,0.444444444,0.6,0.013141846,0
85.70999908447266,0.8,0.006205195,0.444444444,0.4,0.0017758029999999998,1
171.0800018310547,1.0,0.004284317,0.488888889,0.6,0.006428955,1
1186.0999755859375,1.0,0.004284317,0.488888889,0.6,0.004597596,1
1048.1400146484377,1.0,0.004284317,0.488888889,0.0,0.0031748370000000002,0
21.149999618530273,1.0,0.004284317,0.488888889,0.4,0.0038386590000000003,0
154.0399932861328,1.0,0.004284317,0.488888889,0.8,0.005230076307596006,1
47.52000045776367,1.0,0.004284317,0.488888889,0.6,0.00402456,1
46.22000122070313,1.0,0.004284317,0.488888889,0.4,0.006883371,1
11.43000030517578,1.0,0.004284317,0.488888889,0.4,0.014685925,0
85.72000122070312,1.0,0.004284317,0.488888889,0.6,0.001076772,1
169.22999572753906,1.0,0.003768992,0.444444444,0.4,0.007834609000000001,0
1169.469970703125,1.0,0.003768992,0.444444444,0.6,0.006916021999999999,0
1046.4000244140623,1.0,0.003768992,0.444444444,0.0,0.0032589629999999997,0
21.01000022888184,1.0,0.003768992,0.444444444,0.4,0.003205409,0
153.4199981689453,1.0,0.003768992,0.444444444,0.8,0.004139015214733708,0
47.27999877929688,1.0,0.003768992,0.444444444,0.6,0.00244593,0
46.15999984741211,1.0,0.003768992,0.444444444,0.4,0.00377882,0
11.239999771118164,1.0,0.003768992,0.444444444,0.2,0.014032231000000001,0
85.54000091552734,1.0,0.003768992,0.444444444,0.6,0.00144998,0
172.25999450683594,0.8,0.002173061,0.5111111110000001,0.6,0.011415533,1
1189.010009765625,0.8,0.002173061,0.5111111110000001,0.8,0.009168125,1
1065.0,0.8,0.002173061,0.5111111110000001,0.2,0.006153998000000001,1
21.31999969482422,0.8,0.002173061,0.5111111110000001,0.4,0.00606226,1
154.25,0.8,0.002173061,0.5111111110000001,0.8,0.003900882733484792,1
46.63000106811523,0.8,0.002173061,0.5111111110000001,0.4,0.00485708,0
46.849998474121094,0.8,0.002173061,0.5111111110000001,0.6,0.006511795999999999,1
11.260000228881836,0.8,0.002173061,0.5111111110000001,0.2,0.0076505209999999995,1
85.94999694824219,0.8,0.002173061,0.5111111110000001,0.6,0.00238519,1
172.22999572753906,0.8,0.004465642,0.6,0.6,0.0063763809999999995,0
1204.199951171875,0.8,0.004465642,0.6,0.8,0.010285265,1
1082.47998046875,0.8,0.004465642,0.6,0.4,0.008798959,1
21.3700008392334,0.8,0.004465642,0.6,0.6,0.0062490869999999995,1
158.49000549316406,0.8,0.004465642,0.6,0.8,0.008965669450958206,1
47.709999084472656,0.8,0.004465642,0.6,0.4,0.009193676,1
45.2599983215332,0.8,0.004465642,0.6,0.6,0.010644176000000002,0
11.649999618530273,0.8,0.004465642,0.6,0.4,0.013548535,1
86.3499984741211,0.8,0.004465642,0.6,0.8,0.0030586859999999997,1
173.02999877929688,0.8,0.0065665409999999995,0.644444444,0.6,0.0072702,1
1209.5899658203125,0.8,0.0065665409999999995,0.644444444,0.8,0.010245697,1
1086.4000244140623,0.8,0.0065665409999999995,0.644444444,0.6,0.008128375,1
21.530000686645508,0.8,0.0065665409999999995,0.644444444,0.6,0.007369678,1
161.6999969482422,0.8,0.0065665409999999995,0.644444444,0.8,0.01262379021401443,1
48.18000030517578,0.8,0.0065665409999999995,0.644444444,0.6,0.010953083999999998,1
44.43000030517578,0.8,0.0065665409999999995,0.644444444,0.4,0.014181662,0
11.68000030517578,0.8,0.0065665409999999995,0.644444444,0.6,0.013029078000000001,1
87.11000061035156,0.8,0.0065665409999999995,0.644444444,0.8,0.004092979,1
175.0,0.8,0.007023616,0.688888889,0.6,0.008984549,1
1229.1400146484375,0.8,0.007023616,0.688888889,0.8,0.012828608,1
1102.22998046875,0.8,0.007023616,0.688888889,0.8,0.010808156000000001,1
21.75,0.8,0.007023616,0.688888889,0.8,0.008284974,1
162.49000549316406,0.8,0.007023616,0.688888889,0.8,0.012412401486033212,1
48.47000122070313,0.8,0.007023616,0.688888889,0.6,0.011565943,1
44.7400016784668,0.8,0.007023616,0.688888889,0.4,0.015099999,1
11.630000114440918,0.8,0.007023616,0.688888889,0.6,0.011978839,0
88.19000244140625,0.8,0.007023616,0.688888889,0.8,0.006549266999999999,1
174.35000610351562,0.8,0.008499934,0.8444444440000001,0.6,0.0075646609999999994,0
1246.8699951171875,0.8,0.008499934,0.8444444440000001,1.0,0.0129094,1
1106.93994140625,0.8,0.008499934,0.8444444440000001,1.0,0.011330765,1
21.84000015258789,0.8,0.008499934,0.8444444440000001,1.0,0.00778869,1
163.47000122070312,0.8,0.008499934,0.8444444440000001,1.0,0.012813644848679985,1
48.97999954223633,0.8,0.008499934,0.8444444440000001,0.8,0.012660221999999999,1
44.7400016784668,0.8,0.008499934,0.8444444440000001,0.4,0.014840365,0
11.850000381469727,0.8,0.008499934,0.8444444440000001,0.8,0.012437568999999999,1
88.27999877929688,0.8,0.008499934,0.8444444440000001,1.0,0.006333391,1
174.3300018310547,1.0,0.008790901,0.7333333329999999,0.4,0.004006684,0
1252.699951171875,1.0,0.008790901,0.7333333329999999,1.0,0.010502843000000001,1
1106.260009765625,1.0,0.008790901,0.7333333329999999,0.8,0.007898573,0
21.809999465942386,1.0,0.008790901,0.7333333329999999,0.8,0.005112451,0
163.8300018310547,1.0,0.008790901,0.7333333329999999,1.0,0.01217209384876805,1
49.06000137329102,1.0,0.008790901,0.7333333329999999,1.0,0.010237326,1
43.61999893188477,1.0,0.008790901,0.7333333329999999,0.2,0.016857487,0
11.850000381469727,1.0,0.008790901,0.7333333329999999,0.6,0.012081689,0
88.22000122070312,1.0,0.008790901,0.7333333329999999,0.8,0.00551071,0
174.2899932861328,1.0,0.009037573,0.644444444,0.4,0.004017754,0
1254.3299560546875,1.0,0.009037573,0.644444444,1.0,0.008208025,1
1102.6099853515623,1.0,0.009037573,0.644444444,0.6,0.005275833000000001,0
22.049999237060547,1.0,0.009037573,0.644444444,0.8,0.006844221,1
164.17999267578125,1.0,0.009037573,0.644444444,1.0,0.0071017788357109765,1
48.79999923706055,1.0,0.009037573,0.644444444,0.8,0.006665059,0
42.5,1.0,0.009037573,0.644444444,0.2,0.015205121,0
11.65999984741211,1.0,0.009037573,0.644444444,0.4,0.008361284,0
87.81999969482422,1.0,0.009037573,0.644444444,0.6,0.00548676,0
175.27999877929688,0.8,0.008280849,0.644444444,0.4,0.004224804,1
1276.6800537109375,0.8,0.008280849,0.644444444,1.0,0.010876493999999999,1
1105.52001953125,0.8,0.008280849,0.644444444,0.6,0.005079407,1
22.40999984741211,0.8,0.008280849,0.644444444,0.8,0.008612108,1
164.1999969482422,0.8,0.008280849,0.644444444,1.0,0.0030754297155845,1
48.95000076293945,0.8,0.008280849,0.644444444,0.8,0.005309576999999999,1
43.40999984741211,0.8,0.008280849,0.644444444,0.4,0.015819784,1
11.529999732971193,0.8,0.008280849,0.644444444,0.2,0.010076099,0
88.08000183105469,0.8,0.008280849,0.644444444,0.6,0.004318602,1
177.08999633789062,0.8,0.009370355,0.622222222,0.4,0.004013005,1
1305.199951171875,0.8,0.009370355,0.622222222,1.0,0.012111806999999999,1
1122.260009765625,0.8,0.009370355,0.622222222,0.6,0.00519364,1
22.920000076293945,0.8,0.009370355,0.622222222,0.8,0.011119996000000002,1
163.13999938964844,0.8,0.009370355,0.622222222,0.8,0.0033894064629923486,0
49.5099983215332,0.8,0.009370355,0.622222222,0.8,0.006393794,1
43.2400016784668,0.8,0.009370355,0.622222222,0.2,0.015207545,0
11.630000114440918,0.8,0.009370355,0.622222222,0.4,0.010954543,1
89.5999984741211,0.8,0.009370355,0.622222222,0.6,0.005290375,1
176.19000244140625,0.6,0.009957318,0.5111111110000001,0.4,0.004286580999999999,0
1304.8599853515625,0.6,0.009957318,0.5111111110000001,0.8,0.009278961,0
1121.760009765625,0.6,0.009957318,0.5111111110000001,0.4,0.0044281220000000005,0
22.8799991607666,0.6,0.009957318,0.5111111110000001,0.6,0.010641456,0
163.85000610351562,0.6,0.009957318,0.5111111110000001,0.8,0.0030536099668444536,1
49.59000015258789,0.6,0.009957318,0.5111111110000001,0.8,0.004612581,1
43.13999938964844,0.6,0.009957318,0.5111111110000001,0.2,0.015670091,0
11.5,0.6,0.009957318,0.5111111110000001,0.2,0.009406819,0
88.3499984741211,0.6,0.009957318,0.5111111110000001,0.4,0.007876457,0
179.10000610351562,0.6,0.009531538,0.6,0.6,0.00756689,1
1295.0,0.6,0.009531538,0.6,0.6,0.009855097,0
1131.97998046875,0.6,0.009531538,0.6,0.6,0.006127405,1
23.459999084472656,0.6,0.009531538,0.6,0.8,0.015436654,1
168.64999389648438,0.6,0.009531538,0.6,0.8,0.008472163710258595,1
50.27000045776367,0.6,0.009531538,0.6,0.8,0.007028399,1
44.38999938964844,0.6,0.009531538,0.6,0.4,0.016458458999999998,1
11.5,0.6,0.009531538,0.6,0.2,0.009406819,0
90.13999938964844,0.6,0.009531538,0.6,0.6,0.011792598999999999,1
179.25999450683594,0.4,0.008453133,0.622222222,0.8,0.007699648000000001,1
1293.3199462890625,0.4,0.008453133,0.622222222,0.4,0.009854326,0
1129.7900390625,0.4,0.008453133,0.622222222,0.6,0.005854442,0
23.290000915527344,0.4,0.008453133,0.622222222,0.6,0.014685091,0
169.1199951171875,0.4,0.008453133,0.622222222,0.8,0.008602271515789106,1
50.22999954223633,0.4,0.008453133,0.622222222,0.8,0.0061276080000000005,0
44.47999954223633,0.4,0.008453133,0.622222222,0.6,0.011728701999999999,1
11.619999885559082,0.4,0.008453133,0.622222222,0.4,0.008287014,1
90.0999984741211,0.4,0.008453133,0.622222222,0.6,0.010974525,0
178.4600067138672,0.6,0.007158544,0.577777778,0.6,0.0074561490000000005,0
1294.5799560546875,0.6,0.007158544,0.577777778,0.4,0.0064855040000000004,1
1137.510009765625,0.6,0.007158544,0.577777778,0.6,0.006693217,1
23.70000076293945,0.6,0.007158544,0.577777778,0.6,0.014940601999999999,1
162.3699951171875,0.6,0.007158544,0.577777778,0.6,0.016560400671909597,0
50.58000183105469,0.6,0.007158544,0.577777778,0.8,0.006906446,1
44.81999969482422,0.6,0.007158544,0.577777778,0.6,0.008975127,1
11.65999984741211,0.6,0.007158544,0.577777778,0.6,0.006745634,1
90.0,0.6,0.007158544,0.577777778,0.4,0.010604371999999999,0
177.0,0.6,0.006146175,0.577777778,0.4,0.007027113000000001,0
1327.31005859375,0.6,0.006146175,0.577777778,0.4,0.007074164,1
1155.81005859375,0.6,0.006146175,0.577777778,0.6,0.006882343000000001,1
23.85000038146973,0.6,0.006146175,0.577777778,0.6,0.01165488,1
162.60000610351562,0.6,0.006146175,0.577777778,0.8,0.01555261232413715,1
50.709999084472656,0.6,0.006146175,0.577777778,0.8,0.005132433,1
45.75,0.6,0.006146175,0.577777778,0.8,0.012341841000000001,1
11.619999885559082,0.6,0.006146175,0.577777778,0.4,0.005697127,0
91.61000061035156,0.6,0.006146175,0.577777778,0.4,0.010730751,1
177.0399932861328,0.6,0.004707302,0.7111111109999999,0.6,0.006055878000000001,1
1362.5400390625,0.6,0.004707302,0.7111111109999999,0.6,0.012330548,1
1169.969970703125,0.6,0.004707302,0.7111111109999999,0.8,0.009243451,1
23.809999465942386,0.6,0.004707302,0.7111111109999999,0.6,0.011641269,0
166.25,0.6,0.004707302,0.7111111109999999,0.8,0.019171723263751928,1
51.11999893188477,0.6,0.004707302,0.7111111109999999,0.8,0.006426296,1
46.06000137329102,0.6,0.004707302,0.7111111109999999,1.0,0.013234493,1
11.649999618530273,0.6,0.004707302,0.7111111109999999,0.6,0.003977874,1
91.9000015258789,0.6,0.004707302,0.7111111109999999,0.6,0.008573693,1
174.22000122070312,0.6,0.0070015369999999995,0.6,0.4,0.0059383330000000005,0
1357.510009765625,0.6,0.0070015369999999995,0.6,0.6,0.011557608,0
1164.239990234375,0.6,0.0070015369999999995,0.6,0.6,0.008400829,0
23.65999984741211,0.6,0.0070015369999999995,0.6,0.4,0.007831311,0
165.3699951171875,0.6,0.0070015369999999995,0.6,0.6,0.014371373478898818,0
51.45000076293945,0.6,0.0070015369999999995,0.6,0.8,0.0049748940000000005,1
45.5099983215332,0.6,0.0070015369999999995,0.6,0.8,0.009827609000000001,0
11.899999618530273,0.6,0.0070015369999999995,0.6,0.8,0.00826972,1
91.81999969482422,0.6,0.0070015369999999995,0.6,0.4,0.004695731,0
171.11000061035156,0.8,0.005460193,0.644444444,0.2,0.009329874,0
1377.949951171875,0.8,0.005460193,0.644444444,0.8,0.014309526999999999,1
1170.3699951171875,0.8,0.005460193,0.644444444,0.8,0.009066955,1
23.31999969482422,0.8,0.005460193,0.644444444,0.4,0.009256101999999999,0
165.47000122070312,0.8,0.005460193,0.644444444,0.6,0.013934952987902436,1
51.599998474121094,0.8,0.005460193,0.644444444,1.0,0.005398831,1
45.29999923706055,0.8,0.005460193,0.644444444,0.6,0.010344981999999999,0
12.039999961853027,0.8,0.005460193,0.644444444,0.8,0.008535711999999999,1
92.33000183105469,0.8,0.005460193,0.644444444,0.6,0.005717852,1
171.50999450683594,0.8,0.00530238,0.688888889,0.4,0.008904858,1
1402.050048828125,0.8,0.00530238,0.688888889,0.8,0.017612643,1
1175.8399658203125,0.8,0.00530238,0.688888889,0.8,0.008635077,1
23.90999984741211,0.8,0.00530238,0.688888889,0.4,0.010795315,1
167.33999633789062,0.8,0.00530238,0.688888889,0.8,0.008212677644394184,1
52.75,0.8,0.00530238,0.688888889,1.0,0.008462603,1
50.08000183105469,0.8,0.00530238,0.688888889,0.6,0.029919968999999998,1
11.899999618530273,0.8,0.00530238,0.688888889,0.6,0.010172832,0
94.05999755859376,0.8,0.00530238,0.688888889,0.8,0.009243298,1
167.9600067138672,0.8,0.004616493,0.5555555560000001,0.4,0.011408316000000002,0
1417.6800537109375,0.8,0.004616493,0.5555555560000001,0.8,0.014785753,1
1175.5799560546875,0.8,0.004616493,0.5555555560000001,0.6,0.005461739,0
23.809999465942386,0.8,0.004616493,0.5555555560000001,0.2,0.010365968,0
166.8000030517578,0.8,0.004616493,0.5555555560000001,0.6,0.00857474514122506,0
51.93999862670898,0.8,0.004616493,0.5555555560000001,0.8,0.011019672,0
49.97999954223633,0.8,0.004616493,0.5555555560000001,0.4,0.026169405,0
11.75,0.8,0.004616493,0.5555555560000001,0.6,0.012007728,0
93.91999816894531,0.8,0.004616493,0.5555555560000001,0.6,0.0059632,0
166.97000122070312,1.0,0.004064590999999999,0.4,0.2,0.012541983999999999,0
1437.8199462890625,1.0,0.004064590999999999,0.4,0.8,0.012318522,1
1163.68994140625,1.0,0.004064590999999999,0.4,0.4,0.005034359,0
23.440000534057607,1.0,0.004064590999999999,0.4,0.2,0.01313846,0
163.6199951171875,1.0,0.004064590999999999,0.4,0.4,0.00789816700609863,0
50.959999084472656,1.0,0.004064590999999999,0.4,0.6,0.013176216999999999,0
48.790000915527344,1.0,0.004064590999999999,0.4,0.2,0.029576107,0
11.68000030517578,1.0,0.004064590999999999,0.4,0.4,0.012682866000000001,0
92.73999786376952,1.0,0.004064590999999999,0.4,0.4,0.007842857,0
167.42999267578125,0.8,0.003967748,0.488888889,0.4,0.009907259,1
1450.8900146484375,0.8,0.003967748,0.488888889,1.0,0.013398231000000002,1
1169.93994140625,0.8,0.003967748,0.488888889,0.6,0.005129019,1
23.31999969482422,0.8,0.003967748,0.488888889,0.2,0.012902386000000002,0
163.6999969482422,0.8,0.003967748,0.488888889,0.6,0.006937304313128385,1
51.59000015258789,0.8,0.003967748,0.488888889,0.6,0.014357662,1
48.13999938964844,0.8,0.003967748,0.488888889,0.2,0.029852391000000002,0
11.489999771118164,0.8,0.003967748,0.488888889,0.2,0.011644453999999999,0
95.01000213623048,0.8,0.003967748,0.488888889,0.6,0.012564167,1
167.77999877929688,0.8,0.005080167,0.4,0.6,0.006755153000000001,1
1390.0,0.8,0.005080167,0.4,0.8,0.018780314,0
1167.699951171875,0.8,0.005080167,0.4,0.4,0.004458895,0
23.29999923706055,0.8,0.005080167,0.4,0.2,0.010199866,0
162.39999389648438,0.8,0.005080167,0.4,0.4,0.008404630993490132,0
51.63000106811523,0.8,0.005080167,0.4,0.6,0.013929653,1
47.6500015258789,0.8,0.005080167,0.4,0.2,0.030965241,0
11.18000030517578,0.8,0.005080167,0.4,0.0,0.014687493999999999,0
94.26000213623048,0.8,0.005080167,0.4,0.4,0.013032074,0
160.5,0.6,0.0071683680000000005,0.24444444399999998,0.4,0.014965653999999998,0
1429.949951171875,0.6,0.0071683680000000005,0.24444444399999998,0.8,0.021030543999999998,1
1111.9000244140623,0.6,0.0071683680000000005,0.24444444399999998,0.2,0.01308139,0
22.479999542236328,0.6,0.0071683680000000005,0.24444444399999998,0.0,0.012178455,0
159.02999877929688,0.6,0.0071683680000000005,0.24444444399999998,0.2,0.010294648919795387,0
50.13000106811523,0.6,0.0071683680000000005,0.24444444399999998,0.4,0.015282858,0
46.1500015258789,0.6,0.0071683680000000005,0.24444444399999998,0.0,0.016157384,0
10.9399995803833,0.6,0.0071683680000000005,0.24444444399999998,0.0,0.016655301,0
91.77999877929688,0.6,0.0071683680000000005,0.24444444399999998,0.2,0.014546703999999999,0
156.49000549316406,0.4,0.013600108999999999,0.222222222,0.4,0.015822845,0
1390.0,0.4,0.013600108999999999,0.222222222,0.6,0.024388552999999997,0
1055.800048828125,0.4,0.013600108999999999,0.222222222,0.2,0.023127995,0
21.290000915527344,0.4,0.013600108999999999,0.222222222,0.0,0.021929157999999997,0
152.52999877929688,0.4,0.013600108999999999,0.222222222,0.2,0.01782382263824955,0
48.09000015258789,0.4,0.013600108999999999,0.222222222,0.4,0.020350605,0
44.52000045776367,0.4,0.013600108999999999,0.222222222,0.0,0.02282194,0
10.8100004196167,0.4,0.013600108999999999,0.222222222,0.0,0.016510883,0
88.0,0.4,0.013600108999999999,0.222222222,0.2,0.022486109,0
163.02999877929688,0.4,0.013755631,0.37777777799999995,0.6,0.023002339,1
1442.8399658203125,0.4,0.013755631,0.37777777799999995,0.6,0.029150179,1
1080.5999755859377,0.4,0.013755631,0.37777777799999995,0.4,0.025803007000000003,1
21.43000030517578,0.4,0.013755631,0.37777777799999995,0.2,0.020136395,1
155.33999633789062,0.4,0.013755631,0.37777777799999995,0.4,0.01769538145994363,1
49.4000015258789,0.4,0.013755631,0.37777777799999995,0.6,0.022025145,1
44.90999984741211,0.4,0.013755631,0.37777777799999995,0.2,0.01981206,1
10.720000267028807,0.4,0.013755631,0.37777777799999995,0.0,0.016984527,0
91.33000183105469,0.4,0.013755631,0.37777777799999995,0.4,0.027541517,1
159.5399932861328,0.4,0.012616773999999999,0.26666666699999997,0.4,0.02673278,0
1416.780029296875,0.4,0.012616773999999999,0.26666666699999997,0.4,0.030944451,0
1048.5799560546877,0.4,0.012616773999999999,0.26666666699999997,0.2,0.030655177999999998,0
21.209999084472656,0.4,0.012616773999999999,0.26666666699999997,0.2,0.021165705,0
153.85000610351562,0.4,0.012616773999999999,0.26666666699999997,0.2,0.01951595173634511,0
48.86999893188477,0.4,0.012616773999999999,0.26666666699999997,0.4,0.021698372999999996,0
45.20000076293945,0.4,0.012616773999999999,0.26666666699999997,0.4,0.018439049,1
10.5,0.4,0.012616773999999999,0.26666666699999997,0.0,0.017835576000000002,0
89.61000061035156,0.4,0.012616773999999999,0.26666666699999997,0.2,0.026412665,0
155.14999389648438,0.2,0.016811657,0.222222222,0.2,0.031818009,0
1350.5,0.2,0.016811657,0.222222222,0.4,0.031907412,0
1001.52001953125,0.2,0.016811657,0.222222222,0.2,0.039248191,0
19.920000076293945,0.2,0.016811657,0.222222222,0.2,0.033158239,0
147.58999633789062,0.2,0.016811657,0.222222222,0.2,0.026065485677643024,0
46.84000015258789,0.2,0.016811657,0.222222222,0.2,0.029851051,0
42.75,0.2,0.016811657,0.222222222,0.4,0.02724404,0
10.34000015258789,0.2,0.016811657,0.222222222,0.0,0.015487205,0
85.01000213623047,0.2,0.016811657,0.222222222,0.2,0.035100592,0
156.41000366210938,0.4,0.016673299,0.355555556,0.4,0.024764227000000003,1
1339.5999755859375,0.4,0.016673299,0.355555556,0.2,0.027773437999999998,0
1037.780029296875,0.4,0.016673299,0.355555556,0.4,0.036931949,1
20.11000061035156,0.4,0.016673299,0.355555556,0.4,0.028027251,1
149.50999450683594,0.4,0.016673299,0.355555556,0.4,0.024517045102974543,1
47.72999954223633,0.4,0.016673299,0.355555556,0.4,0.027840643999999998,1
43.95000076293945,0.4,0.016673299,0.355555556,0.6,0.026562171000000002,1
10.140000343322754,0.4,0.016673299,0.355555556,0.0,0.015062279,0
88.18000030517578,0.4,0.016673299,0.355555556,0.4,0.037296485,1
162.7100067138672,0.6,0.013338942,0.533333333,0.6,0.027823103,1
1386.22998046875,0.6,0.013338942,0.533333333,0.4,0.029147617,1
1051.93994140625,0.6,0.013338942,0.533333333,0.6,0.029570004,1
20.40999984741211,0.6,0.013338942,0.533333333,0.6,0.020423656999999998,1
151.39999389648438,0.6,0.013338942,0.533333333,0.6,0.018870745036533604,1
48.1500015258789,0.6,0.013338942,0.533333333,0.6,0.02146171,1
44.83000183105469,0.6,0.013338942,0.533333333,0.8,0.0235028,1
10.039999961853027,0.6,0.013338942,0.533333333,0.0,0.014658089,0
89.12999725341797,0.6,0.013338942,0.533333333,0.6,0.031214076,1
164.33999633789062,0.6,0.015117466999999999,0.488888889,0.6,0.021468302999999998,1
1414.510009765625,0.6,0.015117466999999999,0.488888889,0.4,0.02562488,1
1052.0999755859377,0.6,0.015117466999999999,0.488888889,0.6,0.024902585,1
20.57999992370605,0.6,0.015117466999999999,0.488888889,0.6,0.020774342,1
150.75,0.6,0.015117466999999999,0.488888889,0.4,0.016044871678244692,0
48.4900016784668,0.6,0.015117466999999999,0.488888889,0.6,0.01742584,1
44.459999084472656,0.6,0.015117466999999999,0.488888889,0.6,0.023401474,0
9.81999969482422,0.6,0.015117466999999999,0.488888889,0.0,0.017375436,0
89.83000183105469,0.6,0.015117466999999999,0.488888889,0.6,0.025216639,1
167.3699951171875,0.8,0.017169649,0.666666667,0.8,0.020874351,1
1451.050048828125,0.8,0.017169649,0.666666667,0.6,0.027179027,1
1069.699951171875,0.8,0.017169649,0.666666667,0.8,0.022321929,1
21.290000915527344,0.8,0.017169649,0.666666667,0.8,0.025621046,1
154.75999450683594,0.8,0.017169649,0.666666667,0.6,0.019446570651423814,1
49.45000076293945,0.8,0.017169649,0.666666667,0.8,0.019239656,1
45.38000106811523,0.8,0.017169649,0.666666667,0.6,0.026248557999999998,1
9.979999542236328,0.8,0.017169649,0.666666667,0.2,0.016529606999999998,1
90.80999755859376,0.8,0.017169649,0.666666667,0.8,0.023631965,1
172.99000549316406,1.0,0.013392353999999999,0.8666666670000001,1.0,0.022086702000000003,1
1461.760009765625,1.0,0.013392353999999999,0.8666666670000001,0.8,0.019298762,1
1089.52001953125,1.0,0.013392353999999999,0.8666666670000001,1.0,0.017051717,1
21.450000762939453,1.0,0.013392353999999999,0.8666666670000001,1.0,0.014960033000000001,1
156.00999450683594,1.0,0.013392353999999999,0.8666666670000001,0.8,0.01292416627880905,1
50.63999938964844,1.0,0.013392353999999999,0.8666666670000001,1.0,0.015744842,1
45.91999816894531,1.0,0.013392353999999999,0.8666666670000001,0.8,0.017787736999999998,1
10.029999732971193,1.0,0.013392353999999999,0.8666666670000001,0.4,0.014483998,1
92.66000366210938,1.0,0.013392353999999999,0.8666666670000001,1.0,0.017439712,1
172.42999267578125,0.8,0.014382978999999999,0.8,0.8,0.021109906,0
1448.68994140625,0.8,0.014382978999999999,0.8,0.8,0.019472806000000002,0
1094.800048828125,0.8,0.014382978999999999,0.8,1.0,0.010779961000000001,1
21.399999618530273,0.8,0.014382978999999999,0.8,0.8,0.013518609,0
156.17999267578125,0.8,0.014382978999999999,0.8,0.8,0.010540298813485793,1
50.709999084472656,0.8,0.014382978999999999,0.8,1.0,0.012221134,1
45.56000137329102,0.8,0.014382978999999999,0.8,0.6,0.013741628999999998,0
10.130000114440918,0.8,0.014382978999999999,0.8,0.6,0.012609556000000001,1
92.0,0.8,0.014382978999999999,0.8,0.8,0.011406341,0
171.85000610351562,0.6,0.011129517,0.7333333329999999,0.6,0.013726872,0
1468.3499755859375,0.6,0.011129517,0.7333333329999999,0.8,0.015225207,1
1102.4599609375,0.6,0.011129517,0.7333333329999999,1.0,0.009450402,1
21.38999938964844,0.6,0.011129517,0.7333333329999999,0.6,0.010628486000000001,0
155.16000366210938,0.6,0.011129517,0.7333333329999999,0.6,0.009318211721139473,0
49.88999938964844,0.6,0.011129517,0.7333333329999999,0.8,0.013695301000000002,0
46.31999969482422,0.6,0.011129517,0.7333333329999999,0.6,0.013073326000000001,1
10.15999984741211,0.6,0.011129517,0.7333333329999999,0.8,0.011229457,1
92.72000122070312,0.6,0.011129517,0.7333333329999999,0.8,0.010816885,1
171.07000732421875,0.6,0.009517763,0.644444444,0.4,0.012631088,0
1482.9200439453125,0.6,0.009517763,0.644444444,0.8,0.013129621000000001,1
1111.3399658203123,0.6,0.009517763,0.644444444,1.0,0.011030918999999998,1
21.170000076293945,0.6,0.009517763,0.644444444,0.4,0.011019665,0
153.9600067138672,0.6,0.009517763,0.644444444,0.6,0.01000635361303536,0
49.43000030517578,0.6,0.009517763,0.644444444,0.6,0.014127100000000002,0
45.93999862670898,0.6,0.009517763,0.644444444,0.6,0.013063398,0
10.149999618530273,0.6,0.009517763,0.644444444,0.8,0.0070438359999999995,0
91.48999786376952,0.6,0.009517763,0.644444444,0.6,0.011899291999999999,0
172.5,0.4,0.008633162,0.5555555560000001,0.4,0.010615433,1
1485.3399658203125,0.4,0.008633162,0.5555555560000001,0.8,0.008289535,1
1106.6300048828123,0.4,0.008633162,0.5555555560000001,0.8,0.008532853,0
21.38999938964844,0.4,0.008633162,0.5555555560000001,0.4,0.006198159,1
153.17999267578125,0.4,0.008633162,0.5555555560000001,0.4,0.0056995629525099034,0
49.59000015258789,0.4,0.008633162,0.5555555560000001,0.6,0.010814905,1
45.79999923706055,0.4,0.008633162,0.5555555560000001,0.4,0.009534326,0
10.109999656677246,0.4,0.008633162,0.5555555560000001,0.6,0.00457336,0
91.7300033569336,0.4,0.008633162,0.5555555560000001,0.6,0.010242061,1
175.5,0.4,0.012909728999999998,0.5555555560000001,0.4,0.007378022,1
1500.0,0.4,0.012909728999999998,0.5555555560000001,0.8,0.008787332,1
1126.7900390625,0.4,0.012909728999999998,0.5555555560000001,0.8,0.008470628000000001,1
22.1299991607666,0.4,0.012909728999999998,0.5555555560000001,0.4,0.011614226000000002,1
155.52000427246094,0.4,0.012909728999999998,0.5555555560000001,0.4,0.007139402827401145,1
50.5,0.4,0.012909728999999998,0.5555555560000001,0.6,0.009672062,1
47.72999954223633,0.4,0.012909728999999998,0.5555555560000001,0.4,0.015582384,1
10.260000228881836,0.4,0.012909728999999998,0.5555555560000001,0.6,0.006538721999999999,1
94.05999755859376,0.4,0.012909728999999998,0.5555555560000001,0.6,0.01124772,1
178.97000122070312,0.6,0.012458208,0.666666667,0.6,0.010684988000000001,1
1521.949951171875,0.6,0.012458208,0.666666667,1.0,0.009925726999999999,1
1143.75,0.6,0.012458208,0.666666667,0.8,0.010511703,1
23.459999084472656,0.6,0.012458208,0.666666667,0.6,0.023167897000000003,1
158.5800018310547,0.6,0.012458208,0.666666667,0.4,0.010856652356719577,1
51.16999816894531,0.6,0.012458208,0.666666667,0.6,0.01204906,1
49.11000061035156,0.6,0.012458208,0.666666667,0.6,0.019796985,1
10.4399995803833,0.6,0.012458208,0.666666667,0.6,0.008053456,1
95.41999816894531,0.6,0.012458208,0.666666667,0.8,0.012714922,1
178.38999938964844,0.8,0.011974875,0.6,0.6,0.010660422,0
1511.97998046875,0.8,0.011974875,0.6,0.8,0.008521703,0
1118.2900390625,0.8,0.011974875,0.6,0.6,0.013564392,0
23.520000457763672,0.8,0.011974875,0.6,0.8,0.023585957999999997,1
156.5500030517578,0.8,0.011974875,0.6,0.4,0.012110701594191095,0
50.72999954223633,0.8,0.011974875,0.6,0.6,0.010534736999999999,0
49.90999984741211,0.8,0.011974875,0.6,0.6,0.019718722,1
10.4399995803833,0.8,0.011974875,0.6,0.4,0.007461161,0
94.1999969482422,0.8,0.011974875,0.6,0.6,0.013706821000000001,0
178.1199951171875,0.6,0.013464081999999999,0.577777778,0.6,0.010055368,0
1512.449951171875,0.6,0.013464081999999999,0.577777778,0.8,0.00659932,1
1104.72998046875,0.6,0.013464081999999999,0.577777778,0.4,0.01437859,0
23.38999938964844,0.6,0.013464081999999999,0.577777778,0.8,0.02263438,0
155.8300018310547,0.6,0.013464081999999999,0.577777778,0.4,0.011483750614940951,0
50.66999816894531,0.6,0.013464081999999999,0.577777778,0.6,0.008927236,0
49.290000915527344,0.6,0.013464081999999999,0.577777778,0.6,0.020562425,0
10.390000343322754,0.6,0.013464081999999999,0.577777778,0.4,0.008222146,0
93.7699966430664,0.6,0.013464081999999999,0.577777778,0.6,0.011966616000000001,0
175.0,0.6,0.013986786999999999,0.46666666700000003,0.4,0.011886797,0
1493.449951171875,0.6,0.013986786999999999,0.46666666700000003,0.6,0.008785427,0
1069.52001953125,0.6,0.013986786999999999,0.46666666700000003,0.4,0.019905373,0
23.35000038146973,0.6,0.013986786999999999,0.46666666700000003,0.6,0.020897991,0
153.80999755859375,0.6,0.013986786999999999,0.46666666700000003,0.4,0.013063056506282162,0
49.709999084472656,0.6,0.013986786999999999,0.46666666700000003,0.4,0.012069077,0
47.84000015258789,0.6,0.013986786999999999,0.46666666700000003,0.6,0.025836487,0
10.31999969482422,0.6,0.013986786999999999,0.46666666700000003,0.4,0.008781431,0
92.8499984741211,0.6,0.013986786999999999,0.46666666700000003,0.4,0.013404201000000001,0
176.2100067138672,0.6,0.010643001000000001,0.46666666700000003,0.4,0.009791401,1
1500.25,0.6,0.010643001000000001,0.46666666700000003,0.6,0.007722113,1
1078.9200439453123,0.6,0.010643001000000001,0.46666666700000003,0.4,0.018019675,1
23.56999969482422,0.6,0.010643001000000001,0.46666666700000003,0.6,0.015863235,1
154.49000549316406,0.6,0.010643001000000001,0.46666666700000003,0.4,0.010892030196997896,1
50.31999969482422,0.6,0.010643001000000001,0.46666666700000003,0.4,0.01085322,1
48.97999954223633,0.6,0.010643001000000001,0.46666666700000003,0.6,0.022174421,1
10.369999885559082,0.6,0.010643001000000001,0.46666666700000003,0.4,0.0067830569999999995,1
93.0500030517578,0.6,0.010643001000000001,0.46666666700000003,0.4,0.008754899,1
176.82000732421875,0.6,0.010638998,0.444444444,0.4,0.00652934,1
1523.6099853515625,0.6,0.010638998,0.444444444,0.6,0.007909599,1
1090.9300537109377,0.6,0.010638998,0.444444444,0.4,0.017235662,1
23.690000534057607,0.6,0.010638998,0.444444444,0.6,0.004861603,1
156.9499969482422,0.6,0.010638998,0.444444444,0.4,0.010141509231313722,1
51.290000915527344,0.6,0.010638998,0.444444444,0.4,0.012055093000000001,1
49.75,0.6,0.010638998,0.444444444,0.6,0.019536032,1
10.34000015258789,0.6,0.010638998,0.444444444,0.2,0.003852885,0
93.63999938964844,0.6,0.010638998,0.444444444,0.4,0.007131254,1
176.6699981689453,0.6,0.015799737,0.533333333,0.4,0.0060508590000000004,0
1537.6400146484375,0.6,0.015799737,0.533333333,0.8,0.008441124,1
1095.06005859375,0.6,0.015799737,0.533333333,0.6,0.013540799999999999,1
23.95000076293945,0.6,0.015799737,0.533333333,0.6,0.006545103000000001,1
155.72000122070312,0.6,0.015799737,0.533333333,0.4,0.009148661562457505,0
51.5,0.6,0.015799737,0.533333333,0.6,0.01115421,1
50.709999084472656,0.6,0.015799737,0.533333333,0.6,0.020137336000000002,1
10.399999618530273,0.6,0.015799737,0.533333333,0.4,0.005013416,1
93.31999969482422,0.6,0.015799737,0.533333333,0.4,0.005257604,0
175.02999877929688,0.8,0.013593672,0.666666667,0.4,0.007604715,0
1545.0,0.8,0.013593672,0.666666667,0.8,0.009336266999999999,1
1109.6400146484377,0.8,0.013593672,0.666666667,0.8,0.013778518,1
24.040000915527344,0.8,0.013593672,0.666666667,0.8,0.006191219,1
158.32000732421875,0.8,0.013593672,0.666666667,0.6,0.011568160912094368,1
51.72000122070313,0.8,0.013593672,0.666666667,0.8,0.011772032,1
51.31999969482422,0.8,0.013593672,0.666666667,0.8,0.020058708,1
10.300000190734863,0.8,0.013593672,0.666666667,0.4,0.005978641999999999,0
93.86000061035156,0.8,0.013593672,0.666666667,0.6,0.005501961999999999,1
176.94000244140625,1.0,0.012913336999999999,0.8,0.6,0.006283950999999999,1
1551.8599853515625,1.0,0.012913336999999999,0.8,1.0,0.007711811,1
1126.0,1.0,0.012913336999999999,0.8,1.0,0.010352819000000001,1
23.95000076293945,1.0,0.012913336999999999,0.8,0.8,0.0065979540000000005,0
156.2100067138672,1.0,0.012913336999999999,0.8,0.6,0.011641074901801052,0
52.13000106811523,1.0,0.012913336999999999,0.8,1.0,0.009568271,1
50.7400016784668,1.0,0.012913336999999999,0.8,0.8,0.016435478,0
10.420000076293944,1.0,0.012913336999999999,0.8,0.6,0.006961275,1
94.43000030517578,1.0,0.012913336999999999,0.8,0.8,0.004754292,1
179.97999572753906,1.0,0.014361795,0.8,0.6,0.008337271,1
1578.8900146484375,1.0,0.014361795,0.8,1.0,0.010284726999999999,1
1160.0400390625,1.0,0.014361795,0.8,1.0,0.014641204,1
24.649999618530273,1.0,0.014361795,0.8,0.8,0.010559094,1
159.30999755859375,1.0,0.014361795,0.8,0.6,0.01472586095734546,1
52.97000122070313,1.0,0.014361795,0.8,1.0,0.010336745999999999,1
52.18999862670898,1.0,0.014361795,0.8,0.8,0.017384993999999997,1
10.470000267028807,1.0,0.014361795,0.8,0.6,0.0069519759999999995,1
96.54000091552734,1.0,0.014361795,0.8,0.8,0.008792399999999999,1
181.72000122070312,0.8,0.012912645,0.7555555559999999,0.6,0.009578469000000001,1
1598.3900146484375,0.8,0.012912645,0.7555555559999999,1.0,0.009640671,1
1164.5,0.8,0.012912645,0.7555555559999999,1.0,0.013183833999999998,1
23.82999992370605,0.8,0.012912645,0.7555555559999999,0.6,0.016193985,0
160.25999450683594,0.8,0.012912645,0.7555555559999999,0.6,0.012733839446797988,1
52.9000015258789,0.8,0.012912645,0.7555555559999999,0.8,0.006745715,0
51.52000045776367,0.8,0.012912645,0.7555555559999999,0.6,0.016808386,0
10.59000015258789,0.8,0.012912645,0.7555555559999999,0.8,0.00866565,1
96.7699966430664,0.8,0.012912645,0.7555555559999999,0.8,0.00800075,1
179.97000122070312,0.6,0.009168711,0.666666667,0.6,0.011334835,0
1588.1800537109375,0.6,0.009168711,0.666666667,0.8,0.009076519,0
1138.1700439453125,0.6,0.009168711,0.666666667,0.8,0.016948786,0
23.6200008392334,0.6,0.009168711,0.666666667,0.4,0.01576144,0
159.32000732421875,0.6,0.009168711,0.666666667,0.6,0.012339544481948956,0
52.58000183105469,0.6,0.009168711,0.666666667,0.6,0.007136674,0
51.77999877929688,0.6,0.009168711,0.666666667,0.6,0.013958403999999999,1
10.619999885559082,0.6,0.009168711,0.666666667,0.8,0.008071686,1
94.41000366210938,0.6,0.009168711,0.666666667,0.8,0.012194812,0
178.44000244140625,0.4,0.011137896999999999,0.577777778,0.6,0.011178549,0
1591.0,0.4,0.011137896999999999,0.577777778,0.8,0.008474327,1
1149.489990234375,0.4,0.011137896999999999,0.577777778,0.8,0.016275075,1
23.479999542236328,0.4,0.011137896999999999,0.577777778,0.2,0.01619532,0
158.1199951171875,0.4,0.011137896999999999,0.577777778,0.4,0.010506627135914662,0
52.31999969482422,0.4,0.011137896999999999,0.577777778,0.4,0.007271278000000001,0
51.86000061035156,0.4,0.011137896999999999,0.577777778,0.6,0.011861571000000001,1
10.550000190734863,0.4,0.011137896999999999,0.577777778,0.8,0.007466881999999999,0
93.8499984741211,0.4,0.011137896999999999,0.577777778,0.6,0.012223828,0
178.64999389648438,0.2,0.009657381,0.5555555560000001,0.6,0.009231425,1
1582.3199462890625,0.2,0.009657381,0.5555555560000001,0.6,0.008677447,0
1149.5799560546875,0.2,0.009657381,0.5555555560000001,0.8,0.013342027,1
23.479999542236328,0.2,0.009657381,0.5555555560000001,0.2,0.015446567,0
159.61000061035156,0.2,0.009657381,0.5555555560000001,0.6,0.009725790448215864,1
52.36999893188477,0.2,0.009657381,0.5555555560000001,0.4,0.0058769469999999996,1
50.88000106811523,0.2,0.009657381,0.5555555560000001,0.6,0.013380656000000001,0
10.550000190734863,0.2,0.009657381,0.5555555560000001,0.6,0.005136787,0
94.18000030517578,0.2,0.009657381,0.5555555560000001,0.6,0.011712508,1
178.02000427246094,0.0,0.005983148000000001,0.444444444,0.4,0.006500518,0
1571.6800537109375,0.0,0.005983148000000001,0.444444444,0.4,0.006538729,0
1135.72998046875,0.0,0.005983148000000001,0.444444444,0.6,0.00970541,0
23.51000022888184,0.0,0.005983148000000001,0.444444444,0.2,0.009856608000000001,1
160.25999450683594,0.0,0.005983148000000001,0.444444444,0.6,0.0065712639292269176,1
52.27000045776367,0.0,0.005983148000000001,0.444444444,0.2,0.0030361259999999997,0
51.16999816894531,0.0,0.005983148000000001,0.444444444,0.6,0.008805182,1
10.520000457763672,0.0,0.005983148000000001,0.444444444,0.4,0.004745806,0
94.5999984741211,0.0,0.005983148000000001,0.444444444,0.6,0.008135493,1
175.3000030517578,0.0,0.005337521,0.311111111,0.2,0.007622802,0
1544.9300537109375,0.0,0.005337521,0.311111111,0.2,0.00747264,0
1099.8199462890623,0.0,0.005337521,0.311111111,0.4,0.01526017,0
23.20000076293945,0.0,0.005337521,0.311111111,0.2,0.005840636999999999,0
157.35000610351562,0.0,0.005337521,0.311111111,0.4,0.009010208772386018,0
51.95000076293945,0.0,0.005337521,0.311111111,0.2,0.003996237,0
50.83000183105469,0.0,0.005337521,0.311111111,0.6,0.007566536,0
10.40999984741211,0.0,0.005337521,0.311111111,0.2,0.00454481,0
92.88999938964844,0.0,0.005337521,0.311111111,0.4,0.011274235,0
175.24000549316406,0.2,0.005114881,0.37777777799999995,0.2,0.005765213000000001,0
1586.510009765625,0.2,0.005114881,0.37777777799999995,0.4,0.011577871000000002,1
1097.7099609375,0.2,0.005114881,0.37777777799999995,0.4,0.011121762,0
23.28000068664551,0.2,0.005114881,0.37777777799999995,0.4,0.004767815,1
156.1999969482422,0.2,0.005114881,0.37777777799999995,0.4,0.009298852150003943,0
47.04999923706055,0.2,0.005114881,0.37777777799999995,0.2,0.021650707,0
51.54999923706055,0.2,0.005114881,0.37777777799999995,0.6,0.009390188,1
10.489999771118164,0.2,0.005114881,0.37777777799999995,0.2,0.005515225,1
93.12999725341795,0.2,0.005114881,0.37777777799999995,0.6,0.006913440999999999,1
171.27000427246094,0.4,0.003192968,0.37777777799999995,0.2,0.008595861,0
1581.8599853515625,0.4,0.003192968,0.37777777799999995,0.2,0.01180895,0
1090.8800048828123,0.4,0.003192968,0.37777777799999995,0.2,0.010377014,0
23.28000068664551,0.4,0.003192968,0.37777777799999995,0.4,0.003582368,0
156.69000244140625,0.4,0.003192968,0.37777777799999995,0.6,0.008419842499955515,1
47.02000045776367,0.4,0.003192968,0.37777777799999995,0.2,0.020789248,0
51.56000137329102,0.4,0.003192968,0.37777777799999995,0.6,0.009119987,1
10.619999885559082,0.4,0.003192968,0.37777777799999995,0.4,0.006675517,1
92.4800033569336,0.4,0.003192968,0.37777777799999995,0.6,0.007123,0
168.85000610351562,0.4,0.007706806,0.26666666699999997,0.0,0.011186442,0
1544.9200439453125,0.4,0.007706806,0.26666666699999997,0.2,0.015388249,0
1049.0799560546877,0.4,0.007706806,0.26666666699999997,0.0,0.018024908,0
22.46999931335449,0.4,0.007706806,0.26666666699999997,0.4,0.010541143000000001,0
152.08999633789062,0.4,0.007706806,0.26666666699999997,0.4,0.012406664570877149,0
45.88999938964844,0.4,0.007706806,0.26666666699999997,0.0,0.025404588999999998,0
50.83000183105469,0.4,0.007706806,0.26666666699999997,0.6,0.008172234,0
10.539999961853027,0.4,0.007706806,0.26666666699999997,0.4,0.008182107,0
89.79000091552734,0.4,0.007706806,0.26666666699999997,0.4,0.012237225,0
164.94000244140625,0.4,0.010615096000000001,0.177777778,0.0,0.015112498,0
1495.56005859375,0.4,0.010615096000000001,0.177777778,0.2,0.020433375,0
1021.5700073242188,0.4,0.010615096000000001,0.177777778,0.0,0.020859922,0
21.850000381469727,0.4,0.010615096000000001,0.177777778,0.2,0.01580406,0
148.88999938964844,0.4,0.010615096000000001,0.177777778,0.2,0.015800217718605382,0
44.790000915527344,0.4,0.010615096000000001,0.177777778,0.0,0.029816763,0
49.36000061035156,0.4,0.010615096000000001,0.177777778,0.4,0.012816298,0
10.399999618530273,0.4,0.010615096000000001,0.177777778,0.4,0.010269945,0
87.18000030517578,0.4,0.010615096000000001,0.177777778,0.2,0.017158886,0
172.77000427246094,0.6,0.016669474,0.37777777799999995,0.2,0.021551024,1
1555.8599853515625,0.6,0.016669474,0.37777777799999995,0.4,0.025093233,1
1053.2099609375,0.6,0.016669474,0.37777777799999995,0.2,0.020730608,1
22.200000762939453,0.6,0.016669474,0.37777777799999995,0.4,0.016370553,1
153.3699951171875,0.6,0.016669474,0.37777777799999995,0.4,0.018186493238171345,1
46.47999954223633,0.6,0.016669474,0.37777777799999995,0.2,0.036138673999999996,1
52.47999954223633,0.6,0.016669474,0.37777777799999995,0.6,0.02412922,1
10.4399995803833,0.6,0.016669474,0.37777777799999995,0.6,0.008947908000000001,1
93.77999877929688,0.6,0.016669474,0.37777777799999995,0.4,0.02868475,1
168.33999633789062,0.4,0.019186273,0.288888889,0.2,0.026610787,0
1497.050048828125,0.4,0.019186273,0.288888889,0.2,0.027270269,0
1005.0999755859376,0.4,0.019186273,0.288888889,0.2,0.029482789,0
21.770000457763672,0.4,0.019186273,0.288888889,0.2,0.019554775,0
151.91000366210938,0.4,0.019186273,0.288888889,0.4,0.01862865355854133,0
45.38000106811523,0.4,0.019186273,0.288888889,0.2,0.022007587999999998,0
51.18999862670898,0.4,0.019186273,0.288888889,0.4,0.026212419,0
10.600000381469727,0.4,0.019186273,0.288888889,0.6,0.010476075999999999,1
89.47000122070312,0.4,0.019186273,0.288888889,0.2,0.037359735,0
166.47999572753906,0.4,0.022876683,0.24444444399999998,0.2,0.024289671000000002,0
1431.4200439453125,0.4,0.022876683,0.24444444399999998,0.2,0.035451984,0
1004.5599975585938,0.4,0.022876683,0.24444444399999998,0.2,0.028345835,0
21.690000534057614,0.4,0.022876683,0.24444444399999998,0.2,0.020289731000000002,0
152.52000427246094,0.4,0.022876683,0.24444444399999998,0.4,0.018804353631636014,1
44.97999954223633,0.4,0.022876683,0.24444444399999998,0.2,0.023642967,0
49.599998474121094,0.4,0.022876683,0.24444444399999998,0.2,0.032385765,0
10.3100004196167,0.4,0.022876683,0.24444444399999998,0.4,0.01346922,0
89.38999938964844,0.4,0.022876683,0.24444444399999998,0.2,0.036142684,0
167.77999877929688,0.6,0.024215109,0.42222222200000004,0.4,0.023025478999999998,1
1447.3399658203125,0.6,0.024215109,0.42222222200000004,0.4,0.033005894,1
1031.7900390625,0.6,0.024215109,0.42222222200000004,0.4,0.026103576,1
21.920000076293945,0.6,0.024215109,0.42222222200000004,0.4,0.015451745,1
153.42999267578125,0.6,0.024215109,0.42222222200000004,0.6,0.014126150866896163,1
45.75,0.6,0.024215109,0.42222222200000004,0.4,0.022260243,1
52.08000183105469,0.6,0.024215109,0.42222222200000004,0.4,0.039554129,1
10.25,0.6,0.024215109,0.42222222200000004,0.4,0.013126556000000001,0
91.2699966430664,0.6,0.024215109,0.42222222200000004,0.4,0.034531486,1
166.67999267578125,0.6,0.022645723,0.42222222200000004,0.4,0.019705393,0
1371.989990234375,0.6,0.022645723,0.42222222200000004,0.4,0.037028122999999996,0
1006.469970703125,0.6,0.022645723,0.42222222200000004,0.4,0.025766979,0
21.13999938964844,0.6,0.022645723,0.42222222200000004,0.4,0.01705008,0
150.07000732421875,0.6,0.022645723,0.42222222200000004,0.6,0.014297948664292803,0
45.0099983215332,0.6,0.022645723,0.42222222200000004,0.4,0.020701156999999998,0
48.91999816894531,0.6,0.022645723,0.42222222200000004,0.4,0.045905329,0
10.149999618530273,0.6,0.022645723,0.42222222200000004,0.4,0.01242123,0
88.5199966430664,0.6,0.022645723,0.42222222200000004,0.4,0.034743997,0
168.38999938964844,0.6,0.018376688999999998,0.37777777799999995,0.4,0.012262873,1
1392.050048828125,0.6,0.018376688999999998,0.37777777799999995,0.4,0.031888492000000004,1
1013.4099731445312,0.6,0.018376688999999998,0.37777777799999995,0.4,0.020951678999999997,1
21.31999969482422,0.6,0.018376688999999998,0.37777777799999995,0.4,0.015549351000000001,1
149.85000610351562,0.6,0.018376688999999998,0.37777777799999995,0.4,0.008573286961221905,0
44.88999938964844,0.6,0.018376688999999998,0.37777777799999995,0.2,0.013688046,0
49.75,0.6,0.018376688999999998,0.37777777799999995,0.4,0.036656821,1
10.460000038146973,0.6,0.018376688999999998,0.37777777799999995,0.4,0.017760383,1
89.70999908447266,0.6,0.018376688999999998,0.37777777799999995,0.4,0.022291576,1
171.61000061035156,0.6,0.015584753,0.533333333,0.6,0.010959116000000001,1
1410.5699462890625,0.6,0.015584753,0.533333333,0.6,0.026989502999999998,1
1025.1400146484377,0.6,0.015584753,0.533333333,0.6,0.014130766000000001,1
21.540000915527344,0.6,0.015584753,0.533333333,0.6,0.013739276000000002,1
154.1199951171875,0.6,0.015584753,0.533333333,0.6,0.012368422966532431,1
45.5099983215332,0.6,0.015584753,0.533333333,0.4,0.011717136999999999,1
49.9900016784668,0.6,0.015584753,0.533333333,0.6,0.032705489,1
10.4399995803833,0.6,0.015584753,0.533333333,0.2,0.015077651999999999,0
92.33000183105469,0.6,0.015584753,0.533333333,0.6,0.018940906,1
172.8000030517578,0.6,0.011960505,0.666666667,0.8,0.01013617,1
1451.75,0.6,0.011960505,0.666666667,0.8,0.024060374,1
1027.81005859375,0.6,0.011960505,0.666666667,0.8,0.014544231000000001,1
21.549999237060547,0.6,0.011960505,0.666666667,0.8,0.013097155,1
154.02999877929688,0.6,0.011960505,0.666666667,0.4,0.011682102440894244,0
45.959999084472656,0.6,0.011960505,0.666666667,0.6,0.01193183,1
50.38000106811523,0.6,0.011960505,0.666666667,0.8,0.028053647,1
10.399999618530273,0.6,0.011960505,0.666666667,0.2,0.010372237,0
92.37999725341795,0.6,0.011960505,0.666666667,0.8,0.018870368000000002,1
168.3800048828125,0.4,0.007992916999999999,0.488888889,0.6,0.013690156,0
1405.22998046875,0.4,0.007992916999999999,0.488888889,0.6,0.02824484,0
1007.0399780273438,0.4,0.007992916999999999,0.488888889,0.6,0.013164563,0
20.780000686645508,0.4,0.007992916999999999,0.488888889,0.6,0.018122525,0
150.57000732421875,0.4,0.007992916999999999,0.488888889,0.2,0.014981451800731503,0
44.83000183105469,0.4,0.007992916999999999,0.488888889,0.4,0.013425392,0
48.790000915527344,0.4,0.007992916999999999,0.488888889,0.6,0.024365663,0
10.119999885559082,0.4,0.007992916999999999,0.488888889,0.2,0.014592921000000002,0
90.2300033569336,0.4,0.007992916999999999,0.488888889,0.6,0.019318761,0
170.0500030517578,0.6,0.006603632,0.688888889,0.8,0.014362514,1
1406.0799560546875,0.6,0.006603632,0.688888889,0.8,0.017953612,1
1015.4500122070312,0.6,0.006603632,0.688888889,0.8,0.009926822,1
20.88999938964844,0.6,0.006603632,0.688888889,0.8,0.012064428,1
152.69000244140625,0.6,0.006603632,0.688888889,0.4,0.01341758257195381,1
44.900001525878906,0.6,0.006603632,0.688888889,0.6,0.010502701000000001,1
49.54999923706055,0.6,0.006603632,0.688888889,0.8,0.015345858,1
10.34000015258789,0.6,0.006603632,0.688888889,0.4,0.016989525,1
90.7699966430664,0.6,0.006603632,0.688888889,0.8,0.014489611000000001,1
173.25,0.6,0.0055323130000000005,0.7111111109999999,0.8,0.016074265,1
1436.219970703125,0.6,0.0055323130000000005,0.7111111109999999,0.8,0.019316482,1
1031.6400146484377,0.6,0.0055323130000000005,0.7111111109999999,0.8,0.011736479,1
21.75,0.6,0.0055323130000000005,0.7111111109999999,0.8,0.018595103,1
155.38999938964844,0.6,0.0055323130000000005,0.7111111109999999,0.6,0.01666095777625317,1
45.81999969482422,0.6,0.0055323130000000005,0.7111111109999999,0.8,0.014067478000000001,1
51.27000045776367,0.6,0.0055323130000000005,0.7111111109999999,0.8,0.018895042,1
10.260000228881836,0.6,0.0055323130000000005,0.7111111109999999,0.2,0.01242853,0
92.87999725341795,0.6,0.0055323130000000005,0.7111111109999999,0.8,0.016450061999999998,1
172.44000244140625,0.6,0.005005193,0.5555555560000001,0.6,0.013184871,0
1427.050048828125,0.6,0.005005193,0.5555555560000001,0.6,0.017932626,0
1019.969970703125,0.6,0.005005193,0.5555555560000001,0.6,0.01168394,0
21.59000015258789,0.6,0.005005193,0.5555555560000001,0.6,0.018002565,0
155.36000061035156,0.6,0.005005193,0.5555555560000001,0.4,0.011000551258112938,0
45.61000061035156,0.6,0.005005193,0.5555555560000001,0.6,0.012221801000000001,0
51.099998474121094,0.6,0.005005193,0.5555555560000001,0.6,0.018593375,0
10.270000457763672,0.6,0.005005193,0.5555555560000001,0.4,0.012241048000000001,1
91.86000061035156,0.6,0.005005193,0.5555555560000001,0.6,0.012805387,0
174.13999938964844,0.6,0.006825594,0.6,0.6,0.013769699,1
1448.5,0.6,0.006825594,0.6,0.6,0.015100038,1
1032.510009765625,0.6,0.006825594,0.6,0.6,0.01362193,1
21.940000534057614,0.6,0.006825594,0.6,0.6,0.021151975,1
158.07000732421875,0.6,0.006825594,0.6,0.6,0.014372443998635137,1
45.88000106811523,0.6,0.006825594,0.6,0.6,0.011428163,1
52.72000122070313,0.6,0.006825594,0.6,0.6,0.023373585,1
10.359999656677246,0.6,0.006825594,0.6,0.6,0.013227427,1
93.58000183105469,0.6,0.006825594,0.6,0.6,0.016441922,1
174.72999572753906,0.6,0.00584664,0.644444444,0.8,0.009331572,1
1430.7900390625,0.6,0.00584664,0.644444444,0.6,0.011136501000000002,0
1029.27001953125,0.6,0.00584664,0.644444444,0.6,0.010207906999999999,0
21.770000457763672,0.6,0.00584664,0.644444444,0.6,0.015555498000000001,0
156.7100067138672,0.6,0.00584664,0.644444444,0.6,0.011600581071914496,0
46.08000183105469,0.6,0.00584664,0.644444444,0.8,0.007382699,1
51.86000061035156,0.6,0.00584664,0.644444444,0.6,0.020324077,0
10.270000457763672,0.6,0.00584664,0.644444444,0.6,0.009580253,0
93.08000183105469,0.6,0.00584664,0.644444444,0.6,0.012855852,0
175.82000732421875,0.6,0.0057517440000000005,0.6,0.8,0.008595618000000001,1
1441.5,0.6,0.0057517440000000005,0.6,0.6,0.012512598,1
1037.97998046875,0.6,0.0057517440000000005,0.6,0.6,0.010230113,1
21.850000381469727,0.6,0.0057517440000000005,0.6,0.6,0.015231756,1
157.88999938964844,0.6,0.0057517440000000005,0.6,0.6,0.010290578721596165,1
46.04999923706055,0.6,0.0057517440000000005,0.6,0.6,0.007200629,0
52.4000015258789,0.6,0.0057517440000000005,0.6,0.6,0.019291225,1
10.109999656677246,0.6,0.0057517440000000005,0.6,0.4,0.008348309,0
94.16999816894531,0.6,0.0057517440000000005,0.6,0.6,0.014000988999999998,1
178.24000549316406,0.4,0.004390187,0.6,0.8,0.007584836,1
1503.8299560546875,0.4,0.004390187,0.6,0.6,0.016873429,1
1074.1600341796877,0.4,0.004390187,0.6,0.6,0.014012621000000001,1
22.049999237060547,0.4,0.004390187,0.6,0.6,0.008828799,1
160.91000366210938,0.4,0.004390187,0.6,0.6,0.010579458919975752,1
46.65999984741211,0.4,0.004390187,0.6,0.6,0.005751939,1
53.540000915527344,0.4,0.004390187,0.6,0.6,0.016699881,1
10.050000190734863,0.4,0.004390187,0.6,0.4,0.007987855,0
96.06999969482422,0.4,0.004390187,0.6,0.6,0.013387133,1
177.83999633789062,0.4,0.004506879,0.666666667,0.8,0.007098617,0
1527.8399658203125,0.4,0.004506879,0.666666667,0.8,0.018789659,1
1072.0799560546877,0.4,0.004506879,0.666666667,0.6,0.012137489,0
22.030000686645508,0.4,0.004506879,0.666666667,0.6,0.007538928,0
148.7899932861328,0.4,0.004506879,0.666666667,0.6,0.02560518219191818,0
47.08000183105469,0.4,0.004506879,0.666666667,0.8,0.0066355780000000005,1
53.61000061035156,0.4,0.004506879,0.666666667,0.8,0.016298203,1
9.949999809265137,0.4,0.004506879,0.666666667,0.2,0.009782976,0
96.44000244140624,0.4,0.004506879,0.666666667,0.8,0.011961036000000001,1
172.8000030517578,0.4,0.00548998,0.5111111110000001,0.6,0.010794928999999998,0
1556.9100341796875,0.4,0.00548998,0.5111111110000001,0.8,0.019588845,1
1087.699951171875,0.4,0.00548998,0.5111111110000001,0.6,0.012592546999999999,1
21.65999984741211,0.4,0.00548998,0.5111111110000001,0.4,0.007655746,0
147.6999969482422,0.4,0.00548998,0.5111111110000001,0.4,0.02358164946149842,0
46.81999969482422,0.4,0.00548998,0.5111111110000001,0.6,0.006556136999999999,0
52.22000122070313,0.4,0.00548998,0.5111111110000001,0.6,0.01514328,0
9.93000030517578,0.4,0.00548998,0.5111111110000001,0.0,0.008432314,0
96.11000061035156,0.4,0.00548998,0.5111111110000001,0.6,0.008900571,0
165.72000122070312,0.6,0.0050010079999999995,0.46666666700000003,0.4,0.018311763999999998,0
1527.489990234375,0.6,0.0050010079999999995,0.46666666700000003,0.8,0.020922849,0
1072.9599609375,0.6,0.0050010079999999995,0.46666666700000003,0.6,0.014675256000000001,0
21.530000686645508,0.6,0.0050010079999999995,0.46666666700000003,0.4,0.0073064259999999995,0
144.89999389648438,0.6,0.0050010079999999995,0.46666666700000003,0.4,0.025652365547189717,0
46.22999954223633,0.6,0.0050010079999999995,0.46666666700000003,0.4,0.008204585,0
51.52999877929688,0.6,0.0050010079999999995,0.46666666700000003,0.6,0.014523433999999998,0
9.56999969482422,0.6,0.0050010079999999995,0.46666666700000003,0.0,0.013945645,0
95.0,0.6,0.0050010079999999995,0.46666666700000003,0.6,0.010141821,0
165.24000549316406,0.4,0.005959899,0.355555556,0.2,0.017643396999999998,0
1517.8599853515625,0.4,0.005959899,0.355555556,0.6,0.020686672,0
1067.449951171875,0.4,0.005959899,0.355555556,0.4,0.014009869,0
21.3799991607666,0.4,0.005959899,0.355555556,0.2,0.007964889000000001,0
145.86000061035156,0.4,0.005959899,0.355555556,0.4,0.025471469606920344,1
45.79999923706055,0.4,0.005959899,0.355555556,0.4,0.009934631,0
51.099998474121094,0.4,0.005959899,0.355555556,0.4,0.014109832,0
9.539999961853027,0.4,0.005959899,0.355555556,0.0,0.011456711999999999,0
95.3499984741211,0.4,0.005959899,0.355555556,0.6,0.008536597,1
162.94000244140625,0.4,0.007383919,0.222222222,0.0,0.017674416999999998,0
1460.0899658203125,0.4,0.007383919,0.222222222,0.4,0.019650777,0
1019.97998046875,0.4,0.007383919,0.222222222,0.2,0.015932715,0
21.200000762939453,0.4,0.007383919,0.222222222,0.0,0.007818038000000001,0
145.55999755859375,0.4,0.007383919,0.222222222,0.2,0.022057373618721118,0
45.52999877929688,0.4,0.007383919,0.222222222,0.2,0.008464375,0
51.45000076293945,0.4,0.007383919,0.222222222,0.4,0.011128562,1
9.5600004196167,0.4,0.007383919,0.222222222,0.2,0.010689075,1
93.12000274658205,0.4,0.007383919,0.222222222,0.4,0.009178833,0
163.64999389648438,0.6,0.010372863000000001,0.26666666699999997,0.2,0.01809705,1
1460.1700439453125,0.6,0.010372863000000001,0.26666666699999997,0.4,0.016468565,1
1021.1799926757812,0.6,0.010372863000000001,0.26666666699999997,0.4,0.015780722,1
21.309999465942386,0.6,0.010372863000000001,0.26666666699999997,0.2,0.008674369,1
145.94000244140625,0.6,0.010372863000000001,0.26666666699999997,0.4,0.007515167574146876,1
45.75,0.6,0.010372863000000001,0.26666666699999997,0.2,0.0076305109999999995,1
51.38000106811523,0.6,0.010372863000000001,0.26666666699999997,0.2,0.011139184,0
9.43000030517578,0.6,0.010372863000000001,0.26666666699999997,0.2,0.011418685,0
92.30999755859376,0.6,0.010372863000000001,0.26666666699999997,0.2,0.010148256999999999,0
164.22000122070312,0.6,0.008203529000000001,0.4,0.4,0.013125658,1
1517.9599609375,0.6,0.008203529000000001,0.4,0.4,0.020578688,1
1040.0400390625,0.6,0.008203529000000001,0.4,0.4,0.016560536,1
21.479999542236328,0.6,0.008203529000000001,0.4,0.4,0.006910800999999999,1
146.72000122070312,0.6,0.008203529000000001,0.4,0.6,0.007118950949806098,1
45.959999084472656,0.6,0.008203529000000001,0.4,0.4,0.007444028,1
53.04999923706055,0.6,0.008203529000000001,0.4,0.4,0.012454163,1
9.119999885559082,0.6,0.008203529000000001,0.4,0.2,0.017591455,0
94.26000213623048,0.6,0.008203529000000001,0.4,0.4,0.013688795,1
162.32000732421875,0.6,0.008551233,0.488888889,0.4,0.007245174,0
1572.6199951171875,0.6,0.008551233,0.488888889,0.6,0.024001177999999998,1
1030.050048828125,0.6,0.008551233,0.488888889,0.4,0.01577131,0
21.61000061035156,0.6,0.008551233,0.488888889,0.6,0.006920878,1
146.47999572753906,0.6,0.008551233,0.488888889,0.6,0.003654638792282581,0
45.52999877929688,0.6,0.008551233,0.488888889,0.4,0.00679493,0
52.72999954223633,0.6,0.008551233,0.488888889,0.4,0.011017896000000001,0
9.300000190734863,0.6,0.008551233,0.488888889,0.4,0.014288063,1
95.81999969482422,0.6,0.008551233,0.488888889,0.6,0.014688929,1
165.25999450683594,0.6,0.00855705,0.5111111110000001,0.6,0.010288346,1
1566.1300048828125,0.6,0.00855705,0.5111111110000001,0.6,0.023565658,0
1017.3300170898438,0.6,0.00855705,0.5111111110000001,0.4,0.017214032,0
21.489999771118164,0.6,0.00855705,0.5111111110000001,0.6,0.006638064,0
144.9600067138672,0.6,0.00855705,0.5111111110000001,0.4,0.004404931420831536,0
45.66999816894531,0.6,0.00855705,0.5111111110000001,0.6,0.005549641,1
51.61999893188477,0.6,0.00855705,0.5111111110000001,0.4,0.013559093999999999,0
9.420000076293944,0.6,0.00855705,0.5111111110000001,0.6,0.016241751999999998,1
93.5199966430664,0.6,0.00855705,0.5111111110000001,0.4,0.018752763999999998,0
169.10000610351562,0.8,0.008509441999999999,0.644444444,0.8,0.01215175,1
1582.260009765625,0.8,0.008509441999999999,0.644444444,0.8,0.018013478,1
1037.31005859375,0.8,0.008509441999999999,0.644444444,0.6,0.01224788,1
21.81999969482422,0.8,0.008509441999999999,0.644444444,0.8,0.008025458000000001,1
145.0,0.8,0.008509441999999999,0.644444444,0.6,0.004048752257872048,1
45.95000076293945,0.8,0.008509441999999999,0.644444444,0.8,0.005596799,1
53.33000183105469,0.8,0.008509441999999999,0.644444444,0.4,0.018814571999999998,1
9.399999618530273,0.8,0.008509441999999999,0.644444444,0.4,0.016247094,0
95.0,0.8,0.008509441999999999,0.644444444,0.6,0.017240375,1
176.57000732421875,0.6,0.007410054,0.5555555560000001,0.8,0.020115284,1
1569.6800537109375,0.6,0.007410054,0.5555555560000001,0.6,0.019592633999999998,0
1024.3800048828123,0.6,0.007410054,0.5555555560000001,0.4,0.014505576000000001,0
21.549999237060547,0.6,0.007410054,0.5555555560000001,0.6,0.009462532,0
142.4499969482422,0.6,0.007410054,0.5555555560000001,0.4,0.00704386966680286,0
45.5099983215332,0.6,0.007410054,0.5555555560000001,0.6,0.006545534,0
52.31000137329102,0.6,0.007410054,0.5555555560000001,0.4,0.022367705,0
9.449999809265137,0.6,0.007410054,0.5555555560000001,0.6,0.01459126,1
93.51000213623048,0.6,0.007410054,0.5555555560000001,0.6,0.01863751,0
176.88999938964844,0.4,0.010889733,0.444444444,0.8,0.01978112,1
1572.0799560546875,0.4,0.010889733,0.444444444,0.6,0.011982911,1
1023.719970703125,0.4,0.010889733,0.444444444,0.2,0.010940666000000002,0
21.31999969482422,0.4,0.010889733,0.444444444,0.4,0.010001603000000001,0
141.99000549316406,0.4,0.010889733,0.444444444,0.2,0.006620767582174318,0
45.06000137329102,0.4,0.010889733,0.444444444,0.4,0.007605079,0
52.27999877929688,0.4,0.010889733,0.444444444,0.2,0.015981838999999998,0
9.359999656677246,0.4,0.010889733,0.444444444,0.6,0.009921255,0
94.06999969482422,0.4,0.010889733,0.444444444,0.6,0.015610333999999998,1
183.8300018310547,0.4,0.013367592,0.533333333,1.0,0.025313846,1
1580.949951171875,0.4,0.013367592,0.533333333,0.6,0.005909576,1
1048.2099609375,0.4,0.013367592,0.533333333,0.4,0.013804098,1
21.68000030517578,0.4,0.013367592,0.533333333,0.4,0.012168281000000001,1
143.91000366210938,0.4,0.013367592,0.533333333,0.4,0.00899801945484503,1
45.709999084472656,0.4,0.013367592,0.533333333,0.6,0.008618917,1
52.77999877929688,0.4,0.013367592,0.533333333,0.4,0.016688209,1
9.149999618530273,0.4,0.013367592,0.533333333,0.4,0.01046106,0
95.16000366210938,0.4,0.013367592,0.533333333,0.6,0.014617777,1
185.16000366210938,0.6,0.014475801000000002,0.622222222,1.0,0.023138377999999998,1
1600.1400146484375,0.6,0.014475801000000002,0.622222222,0.8,0.007511866,1
1054.7900390625,0.6,0.014475801000000002,0.622222222,0.6,0.012589797,1
21.790000915527344,0.6,0.014475801000000002,0.622222222,0.6,0.012072442,1
143.22000122070312,0.6,0.014475801000000002,0.622222222,0.4,0.007881601778559809,0
46.06999969482422,0.6,0.014475801000000002,0.622222222,0.6,0.009579091,1
53.33000183105469,0.6,0.014475801000000002,0.622222222,0.6,0.014562213999999999,1
9.149999618530273,0.6,0.014475801000000002,0.622222222,0.2,0.007880418,0
96.22000122070312,0.6,0.014475801000000002,0.622222222,0.8,0.012044923999999999,1
186.0500030517578,0.4,0.013590045,0.533333333,1.0,0.019452472,1
1592.3900146484375,0.4,0.013590045,0.533333333,0.6,0.006420676,0
1053.9100341796877,0.4,0.013590045,0.533333333,0.4,0.008828719,0
21.959999084472656,0.4,0.013590045,0.533333333,0.6,0.010561579,1
143.0,0.4,0.013590045,0.533333333,0.2,0.008133644770302503,0
45.93999862670898,0.4,0.013590045,0.533333333,0.4,0.008917255,0
53.63000106811523,0.4,0.013590045,0.533333333,0.6,0.009061931,1
9.31999969482422,0.4,0.013590045,0.533333333,0.4,0.011171628000000001,1
95.80999755859376,0.4,0.013590045,0.533333333,0.6,0.00973204,0
187.3600006103516,0.6,0.015034205,0.666666667,1.0,0.012025683,1
1608.0,0.6,0.015034205,0.666666667,0.8,0.006791124,1
1082.760009765625,0.6,0.015034205,0.666666667,0.6,0.011810568,1
22.57999992370605,0.6,0.015034205,0.666666667,0.8,0.013733418999999998,1
142.61000061035156,0.6,0.015034205,0.666666667,0.2,0.005161852873487034,0
46.58000183105469,0.6,0.015034205,0.666666667,0.6,0.009788376,1
54.34000015258789,0.6,0.015034205,0.666666667,0.8,0.007884458,1
9.420000076293944,0.6,0.015034205,0.666666667,0.4,0.012253725,1
96.94000244140624,0.6,0.015034205,0.666666667,0.8,0.008954048000000001,1
190.0399932861328,0.8,0.011333214,0.8,1.0,0.014524023999999998,1
1609.0799560546875,0.8,0.011333214,0.8,0.8,0.006619664,1
1097.5699462890623,0.8,0.011333214,0.8,0.8,0.014417293000000001,1
22.75,0.8,0.011333214,0.8,1.0,0.01310461,1
144.24000549316406,0.8,0.011333214,0.8,0.4,0.006801985750527262,1
46.93000030517578,0.8,0.011333214,0.8,0.8,0.009313587,1
54.97999954223633,0.8,0.011333214,0.8,1.0,0.010125284,1
9.6899995803833,0.8,0.011333214,0.8,0.6,0.016081434,1
97.91000366210938,0.8,0.011333214,0.8,0.8,0.00975756,1
188.58999633789062,0.8,0.007779678000000001,0.644444444,0.8,0.008203328000000001,0
1602.9100341796875,0.8,0.007779678000000001,0.644444444,0.6,0.006258112,0
1098.260009765625,0.8,0.007779678000000001,0.644444444,0.8,0.009758527,1
22.709999084472656,0.8,0.007779678000000001,0.644444444,0.8,0.01007915,0
144.13999938964844,0.8,0.007779678000000001,0.644444444,0.2,0.004236238880641955,0
46.81999969482422,0.8,0.007779678000000001,0.644444444,0.6,0.0068973409999999995,0
54.66999816894531,0.8,0.007779678000000001,0.644444444,0.8,0.009340195,0
9.6899995803833,0.8,0.007779678000000001,0.644444444,0.6,0.011594253,0
97.6999969482422,0.8,0.007779678000000001,0.644444444,0.6,0.007869108,0
188.1499938964844,0.6,0.005899635,0.6,0.6,0.007222961,0
1601.5400390625,0.6,0.005899635,0.6,0.4,0.004001388,0
1100.199951171875,0.6,0.005899635,0.6,0.8,0.008856314,1
22.56999969482422,0.6,0.005899635,0.6,0.6,0.010297315999999999,0
144.3000030517578,0.6,0.005899635,0.6,0.4,0.003499314310778297,1
46.81999969482422,0.6,0.005899635,0.6,0.4,0.00532219,0
54.9000015258789,0.6,0.005899635,0.6,0.8,0.008097485,1
9.829999923706056,0.6,0.005899635,0.6,0.8,0.014483837,1
98.02999877929688,0.6,0.005899635,0.6,0.6,0.006316827,1
186.44000244140625,0.6,0.006218471,0.5111111110000001,0.4,0.00807932,0
1576.1199951171875,0.6,0.006218471,0.5111111110000001,0.4,0.006207173000000001,0
1079.22998046875,0.6,0.006218471,0.5111111110000001,0.8,0.012501483999999998,0
22.040000915527344,0.6,0.006218471,0.5111111110000001,0.4,0.013433473000000001,0
143.74000549316406,0.6,0.006218471,0.5111111110000001,0.4,0.0039682503226375135,0
46.81000137329102,0.6,0.006218471,0.5111111110000001,0.4,0.004800537,0
53.91999816894531,0.6,0.006218471,0.5111111110000001,0.6,0.010542557,0
9.760000228881836,0.6,0.006218471,0.5111111110000001,0.6,0.012192193999999998,0
97.31999969482422,0.6,0.006218471,0.5111111110000001,0.6,0.00691314,0
188.17999267578125,0.6,0.0029474859999999996,0.488888889,0.4,0.008537641,1
1587.280029296875,0.6,0.0029474859999999996,0.488888889,0.4,0.00566274,1
1081.77001953125,0.6,0.0029474859999999996,0.488888889,0.8,0.007497351,1
22.229999542236328,0.6,0.0029474859999999996,0.488888889,0.4,0.009510961,1
144.6300048828125,0.6,0.0029474859999999996,0.488888889,0.6,0.004661142749697604,1
46.72999954223633,0.6,0.0029474859999999996,0.488888889,0.2,0.002356095,0
54.63999938964844,0.6,0.0029474859999999996,0.488888889,0.6,0.010565416999999999,1
9.880000114440918,0.6,0.0029474859999999996,0.488888889,0.6,0.012505276999999999,1
97.1500015258789,0.6,0.0029474859999999996,0.488888889,0.4,0.004903654,0
186.9900054931641,0.6,0.0030572579999999998,0.333333333,0.2,0.006941579,0
1581.760009765625,0.6,0.0030572579999999998,0.333333333,0.2,0.006223949,0
1078.5899658203123,0.6,0.0030572579999999998,0.333333333,0.6,0.005349697,0
22.299999237060547,0.6,0.0030572579999999998,0.333333333,0.4,0.008634979000000001,1
144.5,0.6,0.0030572579999999998,0.333333333,0.4,0.002554957022029537,0
46.540000915527344,0.6,0.0030572579999999998,0.333333333,0.0,0.0016664870000000001,0
54.81000137329102,0.6,0.0030572579999999998,0.333333333,0.6,0.008832142,1
9.65999984741211,0.6,0.0030572579999999998,0.333333333,0.4,0.01122625,0
96.18000030517578,0.6,0.0030572579999999998,0.333333333,0.2,0.004899328,0
186.30999755859366,0.4,0.00378515,0.333333333,0.2,0.006142908000000001,0
1574.3699951171875,0.4,0.00378515,0.333333333,0.2,0.006391465,0
1066.3599853515623,0.4,0.00378515,0.333333333,0.4,0.007491725,0
22.13999938964844,0.4,0.00378515,0.333333333,0.4,0.009718299,0
144.0800018310547,0.4,0.00378515,0.333333333,0.4,0.002997603116303441,0
46.31999969482422,0.4,0.00378515,0.333333333,0.0,0.002143129,0
53.5,0.4,0.00378515,0.333333333,0.6,0.012484608000000001,0
9.5,0.4,0.00378515,0.333333333,0.4,0.014538876000000001,0
96.36000061035156,0.4,0.00378515,0.333333333,0.4,0.004844648,1
187.6300048828125,0.6,0.006007259,0.4,0.4,0.007093285,1
1585.4599609375,0.6,0.006007259,0.4,0.4,0.007629339000000001,1
1079.5799560546877,0.6,0.006007259,0.4,0.4,0.009617907,1
22.09000015258789,0.6,0.006007259,0.4,0.4,0.008937032,0
145.49000549316406,0.6,0.006007259,0.4,0.4,0.004732842684380607,1
47.209999084472656,0.6,0.006007259,0.4,0.2,0.005985959,1
54.31999969482422,0.6,0.006007259,0.4,0.6,0.014708603,1
9.739999771118164,0.6,0.006007259,0.4,0.4,0.016701919,1
97.5999984741211,0.6,0.006007259,0.4,0.4,0.006742784,1
187.16000366210938,0.8,0.005669503,0.42222222200000004,0.4,0.005776583,0
1581.4000244140625,0.8,0.005669503,0.42222222200000004,0.4,0.004967035,0
1069.72998046875,0.8,0.005669503,0.42222222200000004,0.4,0.007630657,0
22.06999969482422,0.8,0.005669503,0.42222222200000004,0.4,0.004421624,0
145.08999633789062,0.8,0.005669503,0.42222222200000004,0.4,0.004506563843268668,0
46.36999893188477,0.8,0.005669503,0.42222222200000004,0.2,0.009501819,0
54.45000076293945,0.8,0.005669503,0.42222222200000004,0.8,0.011617113,1
9.729999542236328,0.8,0.005669503,0.42222222200000004,0.4,0.015483057,0
97.5,0.8,0.005669503,0.42222222200000004,0.4,0.005499165,0
188.3600006103516,0.8,0.0058552019999999995,0.42222222200000004,0.4,0.005192363,1
1601.8599853515625,0.8,0.0058552019999999995,0.42222222200000004,0.4,0.0061384709999999995,1
1079.68994140625,0.8,0.0058552019999999995,0.42222222200000004,0.4,0.009022089,1
21.899999618530273,0.8,0.0058552019999999995,0.42222222200000004,0.2,0.004238052,0
144.6699981689453,0.8,0.0058552019999999995,0.42222222200000004,0.2,0.0038471662109129134,0
46.9000015258789,0.8,0.0058552019999999995,0.42222222200000004,0.4,0.011445975,1
55.209999084472656,0.8,0.0058552019999999995,0.42222222200000004,0.8,0.011738031000000001,1
9.75,0.8,0.0058552019999999995,0.42222222200000004,0.4,0.013435151999999999,1
98.66000366210938,0.8,0.0058552019999999995,0.42222222200000004,0.6,0.007529300000000001,1
188.1499938964844,0.8,0.006690909,0.444444444,0.4,0.004150615,0
1603.0699462890625,0.8,0.006690909,0.444444444,0.6,0.0055940090000000005,1
1079.239990234375,0.8,0.006690909,0.444444444,0.4,0.008517502,0
21.920000076293945,0.8,0.006690909,0.444444444,0.2,0.003790928,1
144.07000732421875,0.8,0.006690909,0.444444444,0.2,0.004496851727930501,0
46.459999084472656,0.8,0.006690909,0.444444444,0.4,0.012509142,0
54.75,0.8,0.006690909,0.444444444,0.6,0.01278213,0
9.829999923706056,0.8,0.006690909,0.444444444,0.6,0.01062273,1
98.30999755859376,0.8,0.006690909,0.444444444,0.6,0.006241906,0
188.5800018310547,1.0,0.005953918000000001,0.5555555560000001,0.6,0.003880385,1
1610.1500244140625,1.0,0.005953918000000001,0.5555555560000001,0.8,0.005542919,1
1075.6600341796877,1.0,0.005953918000000001,0.5555555560000001,0.4,0.006913151,0
21.90999984741211,1.0,0.005953918000000001,0.5555555560000001,0.2,0.002447195,0
143.63999938964844,1.0,0.005953918000000001,0.5555555560000001,0.2,0.0045124824148258975,0
47.0,1.0,0.005953918000000001,0.5555555560000001,0.6,0.013888298,1
55.43999862670898,1.0,0.005953918000000001,0.5555555560000001,0.8,0.010522519,1
10.56999969482422,1.0,0.005953918000000001,0.5555555560000001,0.8,0.02236605,1
98.36000061035156,1.0,0.005953918000000001,0.5555555560000001,0.6,0.005969332,1
187.8999938964844,0.8,0.0046728279999999995,0.4,0.4,0.003184572,0
1612.8699951171875,0.8,0.0046728279999999995,0.4,0.8,0.004471959,1
1060.3199462890623,0.8,0.0046728279999999995,0.4,0.2,0.007285913000000001,0
21.299999237060547,0.8,0.0046728279999999995,0.4,0.2,0.00756377,0
141.22000122070312,0.8,0.0046728279999999995,0.4,0.0,0.0059247637950970685,0
46.2599983215332,0.8,0.0046728279999999995,0.4,0.4,0.013194411000000001,0
55.31999969482422,0.8,0.0046728279999999995,0.4,0.6,0.007889996,0
10.4399995803833,0.8,0.0046728279999999995,0.4,0.6,0.019773217,0
98.01000213623048,0.8,0.0046728279999999995,0.4,0.4,0.0041073229999999995,0
187.5,0.8,0.006704815,0.533333333,0.4,0.003109337,0
1624.8900146484375,0.8,0.006704815,0.533333333,1.0,0.005450326,1
1067.800048828125,0.8,0.006704815,0.533333333,0.4,0.006872048,1
22.15999984741211,0.8,0.006704815,0.533333333,0.4,0.015457812,1
142.6199951171875,0.8,0.006704815,0.533333333,0.2,0.007357598593186788,1
47.04999923706055,0.8,0.006704815,0.533333333,0.6,0.013051324,1
55.68000030517578,0.8,0.006704815,0.533333333,0.6,0.008712867,1
10.4399995803833,0.8,0.006704815,0.533333333,0.6,0.019567874,0
98.9499969482422,0.8,0.006704815,0.533333333,0.6,0.005820569,1
186.8699951171875,0.6,0.009256164,0.444444444,0.2,0.00249902,0
1629.6199951171875,0.6,0.009256164,0.444444444,1.0,0.003444941,1
1084.989990234375,0.6,0.009256164,0.444444444,0.4,0.008229596,1
22.030000686645508,0.6,0.009256164,0.444444444,0.4,0.015090536000000002,0
141.30999755859375,0.6,0.009256164,0.444444444,0.2,0.008615696248082116,0
46.72000122070313,0.6,0.009256164,0.444444444,0.4,0.012168107,0
55.20000076293945,0.6,0.009256164,0.444444444,0.4,0.007645458000000001,0
10.5,0.6,0.009256164,0.444444444,0.6,0.020306198,1
98.83999633789062,0.6,0.009256164,0.444444444,0.4,0.00366341,0
190.2400054931641,0.6,0.008189823,0.577777778,0.4,0.005882831999999999,1
1641.5400390625,0.6,0.008189823,0.577777778,1.0,0.004756795,1
1119.5,0.6,0.008189823,0.577777778,0.6,0.014507598,1
22.68000030517578,0.6,0.008189823,0.577777778,0.4,0.020808924,1
141.9499969482422,0.6,0.008189823,0.577777778,0.4,0.008692043992349472,1
47.349998474121094,0.6,0.008189823,0.577777778,0.6,0.01298867,1
57.08000183105469,0.6,0.008189823,0.577777778,0.6,0.012790693999999998,1
10.539999961853027,0.6,0.008189823,0.577777778,0.6,0.019427078,1
100.79000091552734,0.6,0.008189823,0.577777778,0.6,0.006899671,1
191.8300018310547,0.6,0.01003793,0.6,0.4,0.00709731,1
1665.27001953125,0.6,0.01003793,0.6,1.0,0.006764665,1
1139.2900390625,0.6,0.01003793,0.6,0.8,0.017379691000000003,1
22.739999771118164,0.6,0.01003793,0.6,0.6,0.021246777,1
143.0399932861328,0.6,0.01003793,0.6,0.6,0.00963084785955355,1
47.31999969482422,0.6,0.01003793,0.6,0.4,0.010790797,0
56.83000183105469,0.6,0.01003793,0.6,0.4,0.011146115,0
10.649999618530273,0.6,0.01003793,0.6,0.6,0.006458411999999999,1
101.66999816894531,0.6,0.01003793,0.6,0.6,0.008544145,1
193.30999755859366,0.8,0.009195781,0.7333333329999999,0.6,0.007919151,1
1696.3499755859375,0.8,0.009195781,0.7333333329999999,1.0,0.010159535,1
1139.6600341796875,0.8,0.009195781,0.7333333329999999,1.0,0.014592424,1
23.420000076293945,0.8,0.009195781,0.7333333329999999,0.8,0.021659191,1
143.6999969482422,0.8,0.009195781,0.7333333329999999,0.8,0.007184139401918675,1
47.13000106811523,0.8,0.009195781,0.7333333329999999,0.4,0.008444891,0
56.52999877929688,0.8,0.009195781,0.7333333329999999,0.4,0.01176901,0
10.729999542236328,0.8,0.009195781,0.7333333329999999,0.8,0.005500963,1
102.19000244140624,0.8,0.009195781,0.7333333329999999,0.8,0.008855402,1
193.97999572753903,0.8,0.009871451,0.7333333329999999,0.8,0.008186584,1
1695.75,0.8,0.009871451,0.7333333329999999,0.8,0.008739759,0
1136.8800048828125,0.8,0.009871451,0.7333333329999999,0.8,0.013669378999999999,0
23.51000022888184,0.8,0.009871451,0.7333333329999999,0.8,0.014352643,1
144.7100067138672,0.8,0.009871451,0.7333333329999999,0.8,0.0066071460231620725,1
47.75,0.8,0.009871451,0.7333333329999999,0.4,0.007660425,1
57.02999877929688,0.8,0.009871451,0.7333333329999999,0.4,0.012236461,1
10.760000228881836,0.8,0.009871451,0.7333333329999999,1.0,0.006060156,1
102.48999786376952,0.8,0.009871451,0.7333333329999999,0.8,0.007524374,1
193.4600067138672,1.0,0.007248531999999999,0.7111111109999999,0.8,0.008050706,0
1689.300048828125,1.0,0.007248531999999999,0.7111111109999999,0.6,0.008918288,0
1123.8599853515623,1.0,0.007248531999999999,0.7111111109999999,0.6,0.012740168999999999,0
23.54999923706055,1.0,0.007248531999999999,0.7111111109999999,1.0,0.013519637,1
145.36000061035156,1.0,0.007248531999999999,0.7111111109999999,1.0,0.0056684398255342616,1
47.68000030517578,1.0,0.007248531999999999,0.7111111109999999,0.4,0.0065508630000000005,0
55.88000106811523,1.0,0.007248531999999999,0.7111111109999999,0.4,0.014545282,0
10.649999618530273,1.0,0.007248531999999999,0.7111111109999999,0.8,0.0069553440000000005,0
100.87999725341795,1.0,0.007248531999999999,0.7111111109999999,0.8,0.010443809,0
191.6999969482422,0.8,0.00695781,0.6,0.6,0.006263416999999999,0
1683.989990234375,0.8,0.00695781,0.6,0.4,0.008084034,0
1120.8699951171877,0.8,0.00695781,0.6,0.4,0.006910911,0
23.709999084472656,0.8,0.00695781,0.6,1.0,0.008977407,1
146.13999938964844,0.8,0.00695781,0.6,1.0,0.005835826646644232,1
48.18000030517578,0.8,0.00695781,0.6,0.4,0.005951272,1
55.04999923706055,0.8,0.00695781,0.6,0.2,0.010704342,0
10.609999656677246,0.8,0.00695781,0.6,0.6,0.0069446130000000005,0
101.62999725341795,0.8,0.00695781,0.6,0.8,0.007984944,1
191.22999572753903,0.6,0.004784617,0.5555555560000001,0.4,0.005082198,0
1689.1199951171875,0.6,0.004784617,0.5555555560000001,0.4,0.005802117,1
1129.989990234375,0.6,0.004784617,0.5555555560000001,0.4,0.005002704,1
24.01000022888184,0.6,0.004784617,0.5555555560000001,1.0,0.010978898,1
146.5800018310547,0.6,0.004784617,0.5555555560000001,1.0,0.0049022454018005385,1
48.18999862670898,0.6,0.004784617,0.5555555560000001,0.6,0.005866065,1
54.52000045776367,0.6,0.004784617,0.5555555560000001,0.2,0.011753896000000002,0
10.529999732971193,0.6,0.004784617,0.5555555560000001,0.4,0.006365343000000001,0
101.0500030517578,0.6,0.004784617,0.5555555560000001,0.6,0.007380129,0
192.27999877929688,0.6,0.004818085,0.577777778,0.4,0.004637327,1
1698.75,0.6,0.004818085,0.577777778,0.4,0.0032096340000000003,1
1139.3199462890625,0.6,0.004818085,0.577777778,0.4,0.006589086,1
23.6200008392334,0.6,0.004818085,0.577777778,0.8,0.008246886,0
146.8699951171875,0.6,0.004818085,0.577777778,1.0,0.00437510064181571,1
48.45000076293945,0.6,0.004818085,0.577777778,0.8,0.006142099,1
54.81999969482422,0.6,0.004818085,0.577777778,0.4,0.011798616000000001,1
10.75,0.6,0.004818085,0.577777778,0.4,0.009041539,1
101.30999755859376,0.6,0.004818085,0.577777778,0.6,0.0068717890000000005,1
190.6999969482422,0.4,0.001473584,0.488888889,0.2,0.0055875809999999995,0
1704.8599853515625,0.4,0.001473584,0.488888889,0.6,0.003858247,1
1134.7900390625,0.4,0.001473584,0.488888889,0.4,0.006896411,0
23.540000915527344,0.4,0.001473584,0.488888889,0.6,0.008155701999999999,0
146.35000610351562,0.4,0.001473584,0.488888889,0.8,0.0036774749627949133,0
48.27000045776367,0.4,0.001473584,0.488888889,0.6,0.004254118,0
55.02999877929688,0.4,0.001473584,0.488888889,0.4,0.010795784,1
10.760000228881836,0.4,0.001473584,0.488888889,0.4,0.008668397,1
100.8499984741211,0.4,0.001473584,0.488888889,0.4,0.0071927580000000005,0
190.8000030517578,0.2,0.001847796,0.6,0.4,0.005156337,1
1723.8599853515625,0.2,0.001847796,0.6,0.8,0.00532645,1
1152.1199951171875,0.2,0.001847796,0.6,0.6,0.00766023,1
23.79999923706055,0.2,0.001847796,0.6,0.6,0.010024422,1
145.1999969482422,0.2,0.001847796,0.6,0.6,0.004350722456400154,0
45.9000015258789,0.2,0.001847796,0.6,0.6,0.013780685,0
55.540000915527344,0.2,0.001847796,0.6,0.6,0.008616369,1
10.960000038146973,0.2,0.001847796,0.6,0.6,0.010341245,1
101.41999816894531,0.2,0.001847796,0.6,0.6,0.0051813779999999995,1
188.83999633789062,0.4,0.001954325,0.6,0.4,0.005391344,0
1715.969970703125,0.4,0.001954325,0.6,0.8,0.005613169,0
1152.260009765625,0.4,0.001954325,0.6,0.8,0.0071524430000000005,1
23.59000015258789,0.4,0.001954325,0.6,0.4,0.01043031,0
145.38999938964844,0.4,0.001954325,0.6,0.6,0.0035392379193387173,1
46.27999877929688,0.4,0.001954325,0.6,0.6,0.013339131,1
55.11000061035156,0.4,0.001954325,0.6,0.6,0.007194145999999999,0
11.050000190734863,0.4,0.001954325,0.6,0.8,0.01123241,1
100.12999725341795,0.4,0.001954325,0.6,0.4,0.006238341999999999,0
188.7400054931641,0.4,0.003408279,0.6,0.4,0.005006893,0
1723.7900390625,0.4,0.003408279,0.6,0.8,0.005915347,1
1173.4599609375,0.4,0.003408279,0.6,0.8,0.009204853,1
23.649999618530273,0.4,0.003408279,0.6,0.4,0.008408408000000001,1
144.47999572753906,0.4,0.003408279,0.6,0.4,0.004188882797098531,0
46.52000045776367,0.4,0.003408279,0.6,0.6,0.014334798999999999,1
53.22000122070313,0.4,0.003408279,0.6,0.6,0.012127635,0
10.970000267028807,0.4,0.003408279,0.6,0.8,0.011172363000000001,0
100.86000061035156,0.4,0.003408279,0.6,0.6,0.006555069,1
185.69000244140625,0.2,0.0034337309999999998,0.444444444,0.2,0.007140699,0
1734.780029296875,0.2,0.0034337309999999998,0.444444444,0.8,0.006050204,1
1168.06005859375,0.2,0.0034337309999999998,0.444444444,0.6,0.008473857,0
23.520000457763672,0.2,0.0034337309999999998,0.444444444,0.4,0.006259125,0
143.89999389648438,0.2,0.0034337309999999998,0.444444444,0.2,0.004596085451099667,0
46.27000045776367,0.2,0.0034337309999999998,0.444444444,0.4,0.014330535,0
52.93000030517578,0.2,0.0034337309999999998,0.444444444,0.4,0.012116944,0
10.68000030517578,0.2,0.0034337309999999998,0.444444444,0.6,0.012280966,0
100.86000061035156,0.2,0.0034337309999999998,0.444444444,0.4,0.006040483,0
186.5,0.2,0.00362553,0.5111111110000001,0.4,0.0063696790000000005,1
1750.0799560546875,0.2,0.00362553,0.5111111110000001,0.8,0.007094756999999999,1
1169.8399658203125,0.2,0.00362553,0.5111111110000001,0.8,0.007983425,1
23.29999923706055,0.2,0.00362553,0.5111111110000001,0.4,0.007452493,0
142.6300048828125,0.2,0.00362553,0.5111111110000001,0.2,0.005653090644379917,0
42.81999969482422,0.2,0.00362553,0.5111111110000001,0.4,0.028499972999999998,0
53.459999084472656,0.2,0.00362553,0.5111111110000001,0.4,0.013353443000000001,1
10.81999969482422,0.2,0.00362553,0.5111111110000001,0.6,0.014716627,1
101.87000274658205,0.2,0.00362553,0.5111111110000001,0.6,0.007135161,1
185.4600067138672,0.4,0.0030036159999999998,0.42222222200000004,0.2,0.00738007,0
1730.219970703125,0.4,0.0030036159999999998,0.42222222200000004,0.6,0.007135444,0
1157.6600341796875,0.4,0.0030036159999999998,0.42222222200000004,0.6,0.007011448000000001,0
23.5,0.4,0.0030036159999999998,0.42222222200000004,0.4,0.006960246,1
141.25,0.4,0.0030036159999999998,0.42222222200000004,0.2,0.006016586759632481,0
43.099998474121094,0.4,0.0030036159999999998,0.42222222200000004,0.6,0.019988008,1
52.18999862670898,0.4,0.0030036159999999998,0.42222222200000004,0.2,0.016251118999999998,0
10.829999923706056,0.4,0.0030036159999999998,0.42222222200000004,0.6,0.011184005,1
101.13999938964844,0.4,0.0030036159999999998,0.42222222200000004,0.4,0.007437976,0
184.9199981689453,0.2,0.003813156,0.42222222200000004,0.2,0.005907901,0
1715.6700439453125,0.2,0.003813156,0.42222222200000004,0.6,0.007901913,0
1155.47998046875,0.2,0.003813156,0.42222222200000004,0.4,0.007363774,0
23.79999923706055,0.2,0.003813156,0.42222222200000004,0.6,0.007748733000000001,1
141.27999877929688,0.2,0.003813156,0.42222222200000004,0.2,0.005797351550009681,1
44.099998474121094,0.2,0.003813156,0.42222222200000004,0.6,0.022972617999999997,1
52.5,0.2,0.003813156,0.42222222200000004,0.4,0.015890657,1
10.800000190734863,0.2,0.003813156,0.42222222200000004,0.4,0.010095678,0
100.41000366210938,0.2,0.003813156,0.42222222200000004,0.4,0.006337631999999999,0
182.1699981689453,0.2,0.006013733,0.333333333,0.2,0.00877626,0
1663.1500244140625,0.2,0.006013733,0.333333333,0.4,0.013112859,0
1124.81005859375,0.2,0.006013733,0.333333333,0.2,0.00899266,0
23.09000015258789,0.2,0.006013733,0.333333333,0.4,0.013206426,0
138.78999328613278,0.2,0.006013733,0.333333333,0.2,0.008070463887457038,0
44.27999877929688,0.2,0.006013733,0.333333333,0.6,0.022751774,1
50.709999084472656,0.2,0.006013733,0.333333333,0.4,0.015850701000000002,0
10.770000457763672,0.2,0.006013733,0.333333333,0.4,0.009203267,0
98.38999938964844,0.2,0.006013733,0.333333333,0.2,0.008903033000000001,0
184.42999267578125,0.2,0.006025629,0.42222222200000004,0.4,0.00802549,1
1691.0899658203125,0.2,0.006025629,0.42222222200000004,0.4,0.015197645,1
1118.4599609375,0.2,0.006025629,0.42222222200000004,0.2,0.009201418000000001,0
23.04999923706055,0.2,0.006025629,0.42222222200000004,0.4,0.012453546000000001,0
139.08000183105472,0.2,0.006025629,0.42222222200000004,0.4,0.007685491914502334,1
44.40999984741211,0.2,0.006025629,0.42222222200000004,0.8,0.022264145,1
49.66999816894531,0.2,0.006025629,0.42222222200000004,0.4,0.01886264,0
10.600000381469727,0.2,0.006025629,0.42222222200000004,0.4,0.007073039000000001,0
99.08000183105469,0.2,0.006025629,0.42222222200000004,0.4,0.01030562,1
184.16000366210938,0.2,0.006969415,0.288888889,0.2,0.0074458530000000005,0
1660.510009765625,0.2,0.006969415,0.288888889,0.2,0.017050338999999998,0
1103.97998046875,0.2,0.006969415,0.288888889,0.0,0.011485926,0
22.809999465942386,0.2,0.006969415,0.288888889,0.4,0.012665215,0
137.47999572753906,0.2,0.006969415,0.288888889,0.4,0.008221235245105783,0
43.45000076293945,0.2,0.006969415,0.288888889,0.8,0.011675018,0
48.7599983215332,0.2,0.006969415,0.288888889,0.2,0.020524183,0
10.380000114440918,0.2,0.006969415,0.288888889,0.2,0.008602275999999999,0
97.54000091552734,0.2,0.006969415,0.288888889,0.2,0.01141144,0
185.5,0.2,0.007401994,0.4,0.4,0.007785831,1
1701.449951171875,0.2,0.007401994,0.4,0.4,0.019711738,1
1114.219970703125,0.2,0.007401994,0.4,0.2,0.011258706,1
22.670000076293945,0.2,0.007401994,0.4,0.2,0.012175996000000001,0
140.03999328613278,0.2,0.007401994,0.4,0.6,0.010010326318806759,1
43.84000015258789,0.2,0.007401994,0.4,0.8,0.012162387,1
49.25,0.2,0.007401994,0.4,0.4,0.017782816,1
10.420000076293944,0.2,0.007401994,0.4,0.2,0.009188141,1
98.62999725341795,0.2,0.007401994,0.4,0.4,0.012213208,1
185.1100006103516,0.2,0.006887596,0.42222222200000004,0.4,0.007623970999999999,0
1699.800048828125,0.2,0.006887596,0.42222222200000004,0.4,0.01822382,0
1115.6500244140623,0.2,0.006887596,0.42222222200000004,0.4,0.011138766999999999,1
22.690000534057607,0.2,0.006887596,0.42222222200000004,0.2,0.00979926,1
139.69999694824222,0.2,0.006887596,0.42222222200000004,0.4,0.01045342051416153,0
44.060001373291016,0.2,0.006887596,0.42222222200000004,0.8,0.008525671,1
49.709999084472656,0.2,0.006887596,0.42222222200000004,0.4,0.018462861,1
10.81999969482422,0.2,0.006887596,0.42222222200000004,0.4,0.016311666000000002,1
98.61000061035156,0.2,0.006887596,0.42222222200000004,0.4,0.010810221,0
187.17999267578125,0.4,0.004067548,0.577777778,0.6,0.006886211,1
1713.780029296875,0.4,0.004067548,0.577777778,0.6,0.013746325,1
1127.4599609375,0.4,0.004067548,0.577777778,0.6,0.007947304,1
22.86000061035156,0.4,0.004067548,0.577777778,0.4,0.005331339,1
139.86000061035156,0.4,0.004067548,0.577777778,0.6,0.007157565169267355,1
44.95000076293945,0.4,0.004067548,0.577777778,0.8,0.011749286000000001,1
50.20000076293945,0.4,0.004067548,0.577777778,0.6,0.013615251,1
10.81999969482422,0.4,0.004067548,0.577777778,0.4,0.015756115,0
100.01000213623048,0.4,0.004067548,0.577777778,0.6,0.009626181,1
183.9199981689453,0.4,0.006926665,0.46666666700000003,0.4,0.007888291,0
1693.9599609375,0.4,0.006926665,0.46666666700000003,0.4,0.012699466999999999,0
1102.8900146484377,0.4,0.006926665,0.46666666700000003,0.6,0.011176667,0
22.59000015258789,0.4,0.006926665,0.46666666700000003,0.4,0.007347069,0
139.57000732421878,0.4,0.006926665,0.46666666700000003,0.4,0.007154346104596827,0
44.72000122070313,0.4,0.006926665,0.46666666700000003,0.6,0.012185466,0
49.47000122070313,0.4,0.006926665,0.46666666700000003,0.6,0.012421857,0
10.729999542236328,0.4,0.006926665,0.46666666700000003,0.4,0.014262785,0
99.0500030517578,0.4,0.006926665,0.46666666700000003,0.4,0.010143401,0
185.3999938964844,0.6,0.006191666,0.644444444,0.6,0.009204899,1
1699.72998046875,0.6,0.006191666,0.644444444,0.6,0.009764116,1
1124.27001953125,0.6,0.006191666,0.644444444,0.8,0.012464483,1
22.75,0.6,0.006191666,0.644444444,0.6,0.006681197,1
141.42999267578125,0.6,0.006191666,0.644444444,0.6,0.007518811400358841,1
45.40999984741211,0.6,0.006191666,0.644444444,0.8,0.01094798,1
50.75,0.6,0.006191666,0.644444444,0.8,0.013932522,1
10.5,0.6,0.006191666,0.644444444,0.4,0.014398873999999999,0
99.76000213623048,0.6,0.006191666,0.644444444,0.6,0.008468416999999999,1
187.97000122070312,0.4,0.00573496,0.644444444,0.6,0.010522038999999999,1
1710.6300048828125,0.4,0.00573496,0.644444444,0.6,0.006115666999999999,1
1140.1700439453125,0.4,0.00573496,0.644444444,0.8,0.013437885,1
23.01000022888184,0.4,0.00573496,0.644444444,0.8,0.007739386,1
142.47999572753906,0.4,0.00573496,0.644444444,0.6,0.005279474653011289,1
46.0,0.4,0.00573496,0.644444444,0.8,0.011751363999999999,1
51.36999893188477,0.4,0.00573496,0.644444444,0.8,0.014366016,1
10.460000038146973,0.4,0.00573496,0.644444444,0.2,0.014390066000000002,0
101.16000366210938,0.4,0.00573496,0.644444444,0.6,0.009040183,1
190.5800018310547,0.6,0.007498133000000001,0.7111111109999999,0.8,0.012878593999999998,1
1739.02001953125,0.6,0.007498133000000001,0.7111111109999999,0.8,0.009240973000000001,1
1154.050048828125,0.6,0.007498133000000001,0.7111111109999999,0.8,0.015615918999999999,1
23.3700008392334,0.6,0.007498133000000001,0.7111111109999999,0.8,0.010692017,1
144.38999938964844,0.6,0.007498133000000001,0.7111111109999999,0.8,0.007474987576941193,1
46.72999954223633,0.6,0.007498133000000001,0.7111111109999999,0.8,0.01392162,1
51.86000061035156,0.6,0.007498133000000001,0.7111111109999999,0.8,0.014405735,1
10.119999885559082,0.6,0.007498133000000001,0.7111111109999999,0.0,0.013213488999999998,0
101.8499984741211,0.6,0.007498133000000001,0.7111111109999999,0.8,0.0103638,1
190.3500061035156,0.4,0.00754286,0.688888889,0.6,0.010883459,0
1743.0699462890625,0.4,0.00754286,0.688888889,0.8,0.008061846999999999,1
1152.8399658203125,0.4,0.00754286,0.688888889,0.6,0.01370849,0
23.8700008392334,0.4,0.00754286,0.688888889,0.8,0.013472548999999999,1
144.7100067138672,0.4,0.00754286,0.688888889,0.8,0.007689174191701178,1
46.9900016784668,0.4,0.00754286,0.688888889,0.8,0.010994462,1
52.15999984741211,0.4,0.00754286,0.688888889,0.8,0.013591252,1
10.170000076293944,0.4,0.00754286,0.688888889,0.2,0.014201635,1
102.12000274658205,0.4,0.00754286,0.688888889,0.8,0.008054528,1
187.8800048828125,0.6,0.005571031999999999,0.7777777779999999,0.6,0.009995407,0
1755.0,0.6,0.005571031999999999,0.7777777779999999,1.0,0.007117679,1
1153.9000244140625,0.6,0.005571031999999999,0.7777777779999999,0.8,0.009533934,1
23.059999465942386,0.6,0.005571031999999999,0.7777777779999999,0.8,0.017897113,0
144.94000244140625,0.6,0.005571031999999999,0.7777777779999999,1.0,0.007592354593620677,1
47.63999938964844,0.6,0.005571031999999999,0.7777777779999999,1.0,0.012737641000000001,1
51.20000076293945,0.6,0.005571031999999999,0.7777777779999999,0.8,0.014363865,0
10.06999969482422,0.6,0.005571031999999999,0.7777777779999999,0.2,0.014504622,0
101.9800033569336,0.6,0.005571031999999999,0.7777777779999999,0.8,0.0064089080000000005,0
191.02999877929688,0.6,0.009504911,0.8,0.6,0.011739214,1
1796.6199951171875,0.6,0.009504911,0.8,1.0,0.011179452,1
1183.47998046875,0.6,0.009504911,0.8,0.8,0.010783798999999998,1
23.53000068664551,0.6,0.009504911,0.8,0.8,0.020556892,1
146.4499969482422,0.6,0.009504911,0.8,1.0,0.007010659692419988,1
48.1500015258789,0.6,0.009504911,0.8,1.0,0.011792846000000001,1
52.349998474121094,0.6,0.009504911,0.8,0.8,0.013681195,1
10.109999656677246,0.6,0.009504911,0.8,0.4,0.011012023000000001,1
104.19000244140624,0.6,0.009504911,0.8,0.8,0.009309472,1
191.3300018310547,0.6,0.009574735,0.7777777779999999,0.6,0.009280911999999999,1
1813.030029296875,0.6,0.009574735,0.7777777779999999,1.0,0.01172366,1
1188.8199462890625,0.6,0.009574735,0.7777777779999999,0.8,0.008857710999999999,1
23.709999084472656,0.6,0.009574735,0.7777777779999999,0.8,0.019801124,1
145.89999389648438,0.6,0.009574735,0.7777777779999999,0.8,0.00627693559043545,0
48.63000106811523,0.6,0.009574735,0.7777777779999999,1.0,0.011188066000000002,1
52.22000122070313,0.6,0.009574735,0.7777777779999999,0.6,0.011734496,0
10.239999771118164,0.6,0.009574735,0.7777777779999999,0.6,0.012821833000000001,1
105.43000030517578,0.6,0.009574735,0.7777777779999999,0.8,0.008882995,1
190.91000366210938,0.6,0.008875295,0.622222222,0.4,0.006942902,0
1822.489990234375,0.6,0.008875295,0.622222222,1.0,0.009447966,1
1183.8599853515625,0.6,0.008875295,0.622222222,0.6,0.007257419,0
23.56999969482422,0.6,0.008875295,0.622222222,0.6,0.017852976,0
145.4600067138672,0.6,0.008875295,0.622222222,0.6,0.004198987623026101,0
48.459999084472656,0.6,0.008875295,0.622222222,0.8,0.00871332,0
52.0099983215332,0.6,0.008875295,0.622222222,0.4,0.010631062,0
10.15999984741211,0.6,0.008875295,0.622222222,0.6,0.007883372,0
104.91000366210938,0.6,0.008875295,0.622222222,0.6,0.00850526,0
191.4499969482422,0.8,0.009146925,0.622222222,0.6,0.0072672430000000005,1
1843.9300537109373,0.8,0.009146925,0.622222222,1.0,0.011335027,1
1198.800048828125,0.8,0.009146925,0.622222222,0.8,0.009571666999999999,1
23.59000015258789,0.8,0.009146925,0.622222222,0.6,0.013743697,1
143.49000549316406,0.8,0.009146925,0.622222222,0.4,0.00646438346320351,0
48.9000015258789,0.8,0.009146925,0.622222222,0.8,0.009416476,1
51.75,0.8,0.009146925,0.622222222,0.2,0.010473905,0
10.3100004196167,0.8,0.009146925,0.622222222,0.6,0.009847993000000001,1
105.9499969482422,0.8,0.009146925,0.622222222,0.6,0.009957699,1
190.3999938964844,0.8,0.010194669,0.577777778,0.6,0.0057689180000000005,0
1842.9200439453125,0.8,0.010194669,0.577777778,0.8,0.010075721,0
1195.8800048828125,0.8,0.010194669,0.577777778,0.6,0.009874924,0
23.53000068664551,0.8,0.010194669,0.577777778,0.6,0.007465609000000001,0
144.52000427246094,0.8,0.010194669,0.577777778,0.4,0.007582150607119842,1
48.63999938964844,0.8,0.010194669,0.577777778,0.6,0.0077133440000000004,0
51.72000122070313,0.8,0.010194669,0.577777778,0.2,0.006908864,0
10.34000015258789,0.8,0.010194669,0.577777778,0.8,0.008463372,1
105.12000274658205,0.8,0.010194669,0.577777778,0.6,0.011250278999999998,0
191.8800048828125,0.6,0.007073649,0.444444444,0.6,0.003970353,1
1812.969970703125,0.6,0.007073649,0.444444444,0.6,0.008582985999999999,0
1186.9599609375,0.6,0.007073649,0.444444444,0.4,0.006239766999999999,0
23.190000534057607,0.6,0.007073649,0.444444444,0.4,0.006279205,0
149.24000549316406,0.6,0.007073649,0.444444444,0.4,0.0120305068034533,1
48.43999862670898,0.6,0.007073649,0.444444444,0.4,0.006394648,0
51.97999954223633,0.6,0.007073649,0.444444444,0.2,0.0034220929999999997,1
10.329999923706056,0.6,0.007073649,0.444444444,0.6,0.007862361,0
104.4000015258789,0.6,0.007073649,0.444444444,0.4,0.008285963,0
191.44000244140625,0.6,0.006516721,0.37777777799999995,0.4,0.004114886,0
1813.699951171875,0.6,0.006516721,0.37777777799999995,0.6,0.006836748,1
1184.9100341796875,0.6,0.006516721,0.37777777799999995,0.2,0.005682756999999999,0
22.940000534057607,0.6,0.006516721,0.37777777799999995,0.2,0.006905359,0
146.35000610351562,0.6,0.006516721,0.37777777799999995,0.4,0.015152348377918975,0
48.52000045776367,0.6,0.006516721,0.37777777799999995,0.4,0.004731194,1
51.90999984741211,0.6,0.006516721,0.37777777799999995,0.2,0.00319478,0
10.550000190734863,0.6,0.006516721,0.37777777799999995,0.6,0.009550092,1
106.2699966430664,0.6,0.006516721,0.37777777799999995,0.4,0.009488066,1
191.6100006103516,0.6,0.005914974,0.5111111110000001,0.6,0.003853455,1
1802.0,0.6,0.005914974,0.5111111110000001,0.4,0.00708337,0
1205.5,0.6,0.005914974,0.5111111110000001,0.4,0.008323686,1
23.040000915527344,0.6,0.005914974,0.5111111110000001,0.4,0.00659627,1
145.6999969482422,0.6,0.005914974,0.5111111110000001,0.4,0.015437507069709134,0
48.66999816894531,0.6,0.005914974,0.5111111110000001,0.6,0.004650321,1
52.31000137329102,0.6,0.005914974,0.5111111110000001,0.4,0.003931614,1
10.760000228881836,0.6,0.005914974,0.5111111110000001,0.8,0.011968636000000001,1
107.97000122070312,0.6,0.005914974,0.5111111110000001,0.6,0.011701043000000001,1
193.0,0.4,0.0053084180000000005,0.46666666700000003,0.6,0.004738614,1
1829.239990234375,0.4,0.0053084180000000005,0.46666666700000003,0.4,0.007753844,1
1248.0799560546875,0.4,0.0053084180000000005,0.46666666700000003,0.4,0.01286401,1
22.989999771118164,0.4,0.0053084180000000005,0.46666666700000003,0.2,0.0068605969999999995,0
146.3800048828125,0.4,0.0053084180000000005,0.46666666700000003,0.6,0.013662292847420852,1
48.66999816894531,0.4,0.0053084180000000005,0.46666666700000003,0.4,0.00283438,0
52.18000030517578,0.4,0.0053084180000000005,0.46666666700000003,0.4,0.003428853,0
10.850000381469727,0.4,0.0053084180000000005,0.46666666700000003,0.8,0.010688733999999998,1
107.66000366210938,0.4,0.0053084180000000005,0.46666666700000003,0.4,0.010292633,0
194.82000732421875,0.2,0.005246649,0.622222222,0.8,0.005527736,1
1863.6099853515625,0.2,0.005246649,0.622222222,0.6,0.011402138999999999,1
1263.699951171875,0.2,0.005246649,0.622222222,0.6,0.014879893,1
23.290000915527344,0.2,0.005246649,0.622222222,0.4,0.008961752,1
146.6199951171875,0.2,0.005246649,0.622222222,0.6,0.012554554785161348,1
48.95000076293945,0.2,0.005246649,0.622222222,0.6,0.0029215940000000004,1
52.43000030517578,0.2,0.005246649,0.622222222,0.6,0.004271138,1
11.050000190734863,0.2,0.005246649,0.622222222,0.8,0.013793413000000001,1
110.83000183105469,0.2,0.005246649,0.622222222,0.6,0.014614773000000001,1
194.2100067138672,0.2,0.004118483,0.622222222,0.6,0.004599323,0
1808.0,0.2,0.004118483,0.622222222,0.6,0.01411984,0
1268.3299560546875,0.2,0.004118483,0.622222222,0.8,0.014120866000000001,1
23.45000076293945,0.2,0.004118483,0.622222222,0.6,0.007445802,1
146.7100067138672,0.2,0.004118483,0.622222222,0.6,0.006145367552748039,1
48.86999893188477,0.2,0.004118483,0.622222222,0.6,0.0024260939999999997,0
52.15999984741211,0.2,0.004118483,0.622222222,0.4,0.004295677,0
11.050000190734863,0.2,0.004118483,0.622222222,0.8,0.013599985,0
109.62000274658205,0.2,0.004118483,0.622222222,0.6,0.01542843,0
190.97999572753903,0.4,0.007563099,0.5555555560000001,0.6,0.007467008000000001,0
1817.27001953125,0.4,0.007563099,0.5555555560000001,0.6,0.015064756,1
1238.5,0.4,0.007563099,0.5555555560000001,0.8,0.018479275,0
23.229999542236328,0.4,0.007563099,0.5555555560000001,0.6,0.007166043,0
145.14999389648438,0.4,0.007563099,0.5555555560000001,0.6,0.004399073977550536,0
48.63000106811523,0.4,0.007563099,0.5555555560000001,0.4,0.00307797,0
47.68000030517578,0.4,0.007563099,0.5555555560000001,0.4,0.021204256,0
11.0,0.4,0.007563099,0.5555555560000001,0.6,0.010245522,0
107.68000030517578,0.4,0.007563099,0.5555555560000001,0.4,0.015385568999999998,0
189.91000366210938,0.2,0.01311566,0.46666666700000003,0.4,0.008409936,0
1779.219970703125,0.2,0.01311566,0.46666666700000003,0.6,0.017962186,0
1219.739990234375,0.2,0.01311566,0.46666666700000003,0.6,0.018033384,0
23.10000038146973,0.2,0.01311566,0.46666666700000003,0.4,0.007413435,0
145.49000549316406,0.2,0.01311566,0.46666666700000003,0.8,0.0039792768666449575,1
47.72999954223633,0.2,0.01311566,0.46666666700000003,0.2,0.006161102,0
47.68999862670898,0.2,0.01311566,0.46666666700000003,0.4,0.019705061,1
11.079999923706056,0.2,0.01311566,0.46666666700000003,0.6,0.007719022,1
105.37000274658205,0.2,0.01311566,0.46666666700000003,0.2,0.016476648,0
190.2899932861328,0.2,0.014929079,0.444444444,0.4,0.007359251999999999,1
1777.43994140625,0.2,0.014929079,0.444444444,0.4,0.015138971000000001,0
1217.260009765625,0.2,0.014929079,0.444444444,0.4,0.011375743999999998,0
23.07999992370605,0.2,0.014929079,0.444444444,0.4,0.007152561,0
144.92999267578125,0.2,0.014929079,0.444444444,0.6,0.003815671058644417,0
47.68000030517578,0.2,0.014929079,0.444444444,0.2,0.006370611,0
48.099998474121094,0.2,0.014929079,0.444444444,0.6,0.020927457,1
11.130000114440918,0.2,0.014929079,0.444444444,0.6,0.006948688000000001,1
106.08000183105469,0.2,0.014929079,0.444444444,0.4,0.017250049,1
201.5,0.2,0.01259876,0.37777777799999995,0.4,0.017255258,1
1797.1700439453125,0.2,0.01259876,0.37777777799999995,0.4,0.013601185,1
1220.010009765625,0.2,0.01259876,0.37777777799999995,0.4,0.009324534,1
23.01000022888184,0.2,0.01259876,0.37777777799999995,0.2,0.005149304,0
143.5,0.2,0.01259876,0.37777777799999995,0.4,0.005461127208263403,0
47.349998474121094,0.2,0.01259876,0.37777777799999995,0.0,0.00660423,0
48.81000137329102,0.2,0.01259876,0.37777777799999995,0.6,0.022921431000000003,1
11.300000190734865,0.2,0.01259876,0.37777777799999995,0.6,0.006316864,1
106.27999877929688,0.2,0.01259876,0.37777777799999995,0.4,0.011738211,1
207.38999938964844,0.4,0.013280328000000001,0.46666666700000003,0.6,0.022475192,1
1834.3299560546875,0.4,0.013280328000000001,0.46666666700000003,0.6,0.01176858,1
1226.1500244140625,0.4,0.013280328000000001,0.46666666700000003,0.4,0.009598315999999999,1
23.209999084472656,0.4,0.013280328000000001,0.46666666700000003,0.2,0.00551369,1
142.9600067138672,0.4,0.013280328000000001,0.46666666700000003,0.2,0.006090948933856174,0
47.9000015258789,0.4,0.013280328000000001,0.46666666700000003,0.2,0.008600497,1
49.47999954223633,0.4,0.013280328000000001,0.46666666700000003,0.8,0.024636816000000002,1
11.020000457763672,0.4,0.013280328000000001,0.46666666700000003,0.6,0.011272611,0
107.56999969482422,0.4,0.013280328000000001,0.46666666700000003,0.6,0.01198224,1
207.9900054931641,0.2,0.010402475,0.577777778,0.8,0.01972751,1
1823.2900390625,0.2,0.010402475,0.577777778,0.4,0.011946836,0
1223.7099609375,0.2,0.010402475,0.577777778,0.4,0.005292504,0
23.34000015258789,0.2,0.010402475,0.577777778,0.4,0.004757563,1
147.6999969482422,0.2,0.010402475,0.577777778,0.4,0.01059549870173914,1
48.47000122070313,0.2,0.010402475,0.577777778,0.4,0.009998265,1
49.63000106811523,0.2,0.010402475,0.577777778,1.0,0.008065215,1
10.979999542236328,0.2,0.010402475,0.577777778,0.6,0.0110936,0
108.04000091552734,0.2,0.010402475,0.577777778,0.8,0.009316588,1
209.07000732421875,0.4,0.004759948,0.644444444,1.0,0.019645495,1
1847.75,0.4,0.004759948,0.644444444,0.6,0.010442288000000001,1
1224.77001953125,0.4,0.004759948,0.644444444,0.6,0.002436284,1
23.739999771118164,0.4,0.004759948,0.644444444,0.6,0.007065917,1
146.02999877929688,0.4,0.004759948,0.644444444,0.2,0.012388339943781045,0
48.66999816894531,0.4,0.004759948,0.644444444,0.6,0.00712208,1
49.29999923706055,0.4,0.004759948,0.644444444,0.8,0.009353124,0
10.81999969482422,0.4,0.004759948,0.644444444,0.4,0.012553443000000001,0
108.12999725341795,0.4,0.004759948,0.644444444,1.0,0.0051927,1
207.1100006103516,0.6,0.005427416,0.7111111109999999,0.8,0.021120293,0
1862.47998046875,0.6,0.005427416,0.7111111109999999,0.8,0.011836566000000001,1
1242.219970703125,0.6,0.005427416,0.7111111109999999,0.8,0.00487915,1
23.989999771118164,0.6,0.005427416,0.7111111109999999,0.8,0.008998903,1
147.00999450683594,0.6,0.005427416,0.7111111109999999,0.4,0.012960694115705444,1
48.47999954223633,0.6,0.005427416,0.7111111109999999,0.6,0.0076933340000000005,0
49.70000076293945,0.6,0.005427416,0.7111111109999999,0.8,0.009256410999999999,1
11.0600004196167,0.6,0.005427416,0.7111111109999999,0.4,0.016087155,1
108.87999725341795,0.6,0.005427416,0.7111111109999999,1.0,0.005232289,1
207.25,0.6,0.0062410930000000005,0.7333333329999999,0.8,0.009473462,1
1886.52001953125,0.6,0.0062410930000000005,0.7333333329999999,0.8,0.012198016,1
1245.6099853515625,0.6,0.0062410930000000005,0.7333333329999999,0.8,0.004973115,1
24.13999938964844,0.6,0.0062410930000000005,0.7333333329999999,1.0,0.009642837,1
146.88999938964844,0.6,0.0062410930000000005,0.7333333329999999,0.4,0.011150585234123166,0
48.38999938964844,0.6,0.0062410930000000005,0.7333333329999999,0.6,0.006680386,0
49.959999084472656,0.6,0.0062410930000000005,0.7333333329999999,0.8,0.007350486999999999,1
11.119999885559082,0.6,0.0062410930000000005,0.7333333329999999,0.4,0.014117328,1
109.48999786376952,0.6,0.0062410930000000005,0.7333333329999999,1.0,0.005975721999999999,1
208.8800048828125,0.4,0.0057544630000000005,0.7333333329999999,0.8,0.005200293,1
1898.52001953125,0.4,0.0057544630000000005,0.7333333329999999,0.8,0.009334819,1
1249.0999755859375,0.4,0.0057544630000000005,0.7333333329999999,0.8,0.00452693,1
24.07999992370605,0.4,0.0057544630000000005,0.7333333329999999,0.8,0.008401569000000001,0
144.77000427246094,0.4,0.0057544630000000005,0.7333333329999999,0.4,0.013284488432495908,0
48.540000915527344,0.4,0.0057544630000000005,0.7333333329999999,0.6,0.004977217,1
50.13999938964844,0.4,0.0057544630000000005,0.7333333329999999,0.8,0.005325733000000001,1
11.210000038146973,0.4,0.0057544630000000005,0.7333333329999999,0.6,0.010780288,1
109.66999816894531,0.4,0.0057544630000000005,0.7333333329999999,1.0,0.0038769679999999997,1
207.52999877929688,0.4,0.006695989,0.6,0.6,0.0059142809999999995,0
1886.300048828125,0.4,0.006695989,0.6,0.8,0.009418435,0
1237.6099853515625,0.4,0.006695989,0.6,0.8,0.005968649,0
23.989999771118164,0.4,0.006695989,0.6,0.6,0.008028862,0
144.47999572753906,0.4,0.006695989,0.6,0.2,0.007053924172108802,0
48.31999969482422,0.4,0.006695989,0.6,0.4,0.003503734,0
48.849998474121094,0.4,0.006695989,0.6,0.6,0.009865017,0
11.149999618530273,0.4,0.006695989,0.6,0.6,0.011124799,0
109.0,0.4,0.006695989,0.6,0.8,0.00422496,0
208.8699951171875,0.2,0.005972801,0.533333333,0.6,0.006167144,1
1896.199951171875,0.2,0.005972801,0.533333333,0.8,0.0077850409999999995,1
1235.010009765625,0.2,0.005972801,0.533333333,0.6,0.006215556,0
23.79999923706055,0.2,0.005972801,0.533333333,0.4,0.006185271,0
142.7100067138672,0.2,0.005972801,0.533333333,0.2,0.007242737026945544,0
48.0099983215332,0.2,0.005972801,0.533333333,0.2,0.003961612,0
48.45000076293945,0.2,0.005972801,0.533333333,0.6,0.010172826,0
11.300000190734865,0.2,0.005972801,0.533333333,0.8,0.010901005,1
108.20999908447266,0.2,0.005972801,0.533333333,0.6,0.005507905,0
209.75,0.2,0.004122978,0.5555555560000001,0.8,0.005134802,1
1919.6500244140625,0.2,0.004122978,0.5555555560000001,0.8,0.008664047,1
1242.0999755859375,0.2,0.004122978,0.5555555560000001,0.6,0.0045142129999999996,1
24.149999618530273,0.2,0.004122978,0.5555555560000001,0.4,0.007020301,1
143.36000061035156,0.2,0.004122978,0.5555555560000001,0.2,0.006811482576069826,1
48.22999954223633,0.2,0.004122978,0.5555555560000001,0.4,0.00409733,1
48.11999893188477,0.2,0.004122978,0.5555555560000001,0.4,0.009912338,0
11.40999984741211,0.2,0.004122978,0.5555555560000001,0.8,0.008411659,1
109.55999755859376,0.2,0.004122978,0.5555555560000001,0.6,0.006615831,1
210.2400054931641,0.2,0.004281362,0.444444444,0.8,0.005466836,1
1882.6199951171875,0.2,0.004281362,0.444444444,0.6,0.009940536,0
1214.3800048828125,0.2,0.004281362,0.444444444,0.4,0.008431818,0
24.03000068664551,0.2,0.004281362,0.444444444,0.2,0.006763563,0
143.91000366210938,0.2,0.004281362,0.444444444,0.4,0.007415538373756529,1
47.84000015258789,0.2,0.004281362,0.444444444,0.4,0.00534329,0
47.459999084472656,0.2,0.004281362,0.444444444,0.2,0.011609208999999999,0
11.229999542236328,0.2,0.004281362,0.444444444,0.6,0.01048181,0
107.66000366210938,0.2,0.004281362,0.444444444,0.4,0.008963738,0
213.32000732421875,0.4,0.0052613830000000006,0.42222222200000004,0.8,0.006823839,1
1886.52001953125,0.4,0.0052613830000000006,0.42222222200000004,0.6,0.009082671,1
1206.489990234375,0.4,0.0052613830000000006,0.42222222200000004,0.2,0.009170882,0
24.13999938964844,0.4,0.0052613830000000006,0.42222222200000004,0.4,0.007181979000000001,1
145.33999633789062,0.4,0.0052613830000000006,0.42222222200000004,0.6,0.006516374269677054,1
48.099998474121094,0.4,0.0052613830000000006,0.42222222200000004,0.4,0.005810271,1
47.16999816894531,0.4,0.0052613830000000006,0.42222222200000004,0.0,0.012110717,0
11.899999618530273,0.4,0.0052613830000000006,0.42222222200000004,0.6,0.020795429,1
107.63999938964844,0.4,0.0052613830000000006,0.42222222200000004,0.2,0.008672103,0
217.5800018310547,0.6,0.0045082970000000005,0.533333333,1.0,0.009525219,1
1882.219970703125,0.6,0.0045082970000000005,0.533333333,0.6,0.008251227,0
1200.9599609375,0.6,0.0045082970000000005,0.533333333,0.2,0.008247873000000001,0
24.540000915527344,0.6,0.0045082970000000005,0.533333333,0.6,0.009748483,1
146.05999755859375,0.6,0.0045082970000000005,0.533333333,0.8,0.007106508930091242,1
48.36000061035156,0.6,0.0045082970000000005,0.533333333,0.6,0.0059848869999999995,1
47.099998474121094,0.6,0.0045082970000000005,0.533333333,0.0,0.007261918000000001,0
12.479999542236328,0.6,0.0045082970000000005,0.533333333,0.8,0.029472847000000003,1
107.58000183105469,0.6,0.0045082970000000005,0.533333333,0.2,0.007561737,0
215.4600067138672,0.8,0.00450572,0.5555555560000001,0.8,0.010182547,0
1876.7099609375,0.8,0.00450572,0.5555555560000001,0.4,0.0077870430000000004,0
1207.77001953125,0.8,0.00450572,0.5555555560000001,0.4,0.008961815,1
24.540000915527344,0.8,0.00450572,0.5555555560000001,0.6,0.008164486,0
146.50999450683594,0.8,0.00450572,0.5555555560000001,1.0,0.0052725389137012494,1
48.41999816894531,0.8,0.00450572,0.5555555560000001,0.8,0.004949897,1
46.5,0.8,0.00450572,0.5555555560000001,0.0,0.008172025999999999,0
12.859999656677244,0.8,0.00450572,0.5555555560000001,0.8,0.032871999,1
106.87000274658205,0.8,0.00450572,0.5555555560000001,0.2,0.00743214,0
215.0399932861328,0.6,0.004640857,0.42222222200000004,0.6,0.009729789,0
1883.4200439453125,0.6,0.004640857,0.42222222200000004,0.4,0.006028758,1
1201.6199951171875,0.6,0.004640857,0.42222222200000004,0.2,0.008832061,0
24.489999771118164,0.6,0.004640857,0.42222222200000004,0.4,0.005630813,0
145.97000122070312,0.6,0.004640857,0.42222222200000004,0.8,0.005098751154158877,0
48.40999984741211,0.6,0.004640857,0.42222222200000004,0.6,0.004074715,0
47.61999893188477,0.6,0.004640857,0.42222222200000004,0.2,0.011626988999999999,1
12.84000015258789,0.6,0.004640857,0.42222222200000004,0.6,0.031236137,0
105.9800033569336,0.6,0.004640857,0.42222222200000004,0.0,0.0066025680000000005,0
215.0500030517578,0.8,0.004360195,0.5111111110000001,0.6,0.00927187,1
1904.9000244140625,0.8,0.004360195,0.5111111110000001,0.6,0.004451715,1
1207.3299560546875,0.8,0.004360195,0.5111111110000001,0.4,0.005319034,1
24.489999771118164,0.8,0.004360195,0.5111111110000001,0.4,0.004637033,0
145.24000549316406,0.8,0.004360195,0.5111111110000001,0.6,0.005331647452237266,0
48.79999923706055,0.8,0.004360195,0.5111111110000001,0.8,0.004068702,1
47.04999923706055,0.8,0.004360195,0.5111111110000001,0.2,0.011277798,0
12.850000381469727,0.8,0.004360195,0.5111111110000001,0.8,0.028236771,1
107.05999755859376,0.8,0.004360195,0.5111111110000001,0.2,0.00517227,1
215.4900054931641,0.8,0.004048164,0.5111111110000001,0.6,0.0067510930000000005,1
1902.9000244140625,0.8,0.004048164,0.5111111110000001,0.4,0.004247381,0
1205.3800048828125,0.8,0.004048164,0.5111111110000001,0.4,0.004342622,0
24.6299991607666,0.8,0.004048164,0.5111111110000001,0.4,0.00486484,1
145.3699951171875,0.8,0.004048164,0.5111111110000001,0.6,0.0035233042257368603,1
48.959999084472656,0.8,0.004048164,0.5111111110000001,0.8,0.0036374890000000003,1
46.97999954223633,0.8,0.004048164,0.5111111110000001,0.2,0.010353267,0
12.899999618530273,0.8,0.004048164,0.5111111110000001,0.8,0.017082643,1
107.55999755859376,0.8,0.004048164,0.5111111110000001,0.4,0.006069163000000001,1
216.16000366210938,0.8,0.006336593000000001,0.5555555560000001,0.6,0.003378936,1
1905.3900146484373,0.8,0.006336593000000001,0.5555555560000001,0.6,0.004053214,1
1220.6500244140625,0.8,0.006336593000000001,0.5555555560000001,0.6,0.005959552,1
24.149999618530273,0.8,0.006336593000000001,0.5555555560000001,0.2,0.005448508,0
146.0399932861328,0.8,0.006336593000000001,0.5555555560000001,0.6,0.0034543055813305514,1
49.2599983215332,0.8,0.006336593000000001,0.5555555560000001,0.8,0.003781886,1
47.65999984741211,0.8,0.006336593000000001,0.5555555560000001,0.4,0.01295132,1
12.84000015258789,0.8,0.006336593000000001,0.5555555560000001,0.6,0.008264969,0
108.4000015258789,0.8,0.006336593000000001,0.5555555560000001,0.6,0.007519611,1
217.94000244140625,0.8,0.006690886,0.666666667,0.8,0.0030771590000000003,1
1927.6800537109373,0.8,0.006690886,0.666666667,0.8,0.005807417,1
1241.8199462890625,0.8,0.006690886,0.666666667,0.6,0.008294081,1
24.32999992370605,0.8,0.006690886,0.666666667,0.4,0.006939194,1
146.69000244140625,0.8,0.006690886,0.666666667,0.6,0.0037283042768774454,1
49.33000183105469,0.8,0.006690886,0.666666667,0.8,0.003817978,1
48.349998474121094,0.8,0.006690886,0.666666667,0.6,0.013299058999999998,1
13.100000381469727,0.8,0.006690886,0.666666667,0.6,0.0062250709999999996,1
109.5999984741211,0.8,0.006690886,0.666666667,0.8,0.008413681999999999,1
219.6999969482422,1.0,0.0055067530000000005,0.7333333329999999,1.0,0.004302401,1
1932.8199462890625,1.0,0.0055067530000000005,0.7333333329999999,0.8,0.005625599,1
1231.1500244140625,1.0,0.0055067530000000005,0.7333333329999999,0.6,0.008994104000000001,0
24.489999771118164,1.0,0.0055067530000000005,0.7333333329999999,0.6,0.007846934,1
146.58999633789062,1.0,0.0055067530000000005,0.7333333329999999,0.6,0.003127512631574994,0
48.63999938964844,1.0,0.0055067530000000005,0.7333333329999999,0.8,0.006574176,0
48.56999969482422,1.0,0.0055067530000000005,0.7333333329999999,0.6,0.009391896,1
13.06999969482422,1.0,0.0055067530000000005,0.7333333329999999,0.6,0.006372063000000001,0
110.26000213623048,1.0,0.0055067530000000005,0.7333333329999999,1.0,0.007952494000000001,1
222.97999572753903,0.8,0.005319229,0.8,1.0,0.0072789809999999995,1
1998.0999755859373,0.8,0.005319229,0.8,0.8,0.010099545,1
1249.300048828125,0.8,0.005319229,0.8,0.6,0.010992193,1
25.07999992370605,0.8,0.005319229,0.8,0.8,0.012665228999999998,1
147.5399932861328,0.8,0.005319229,0.8,0.8,0.003423440909897445,1
48.88999938964844,0.8,0.005319229,0.8,0.8,0.005990901,1
48.75,0.8,0.005319229,0.8,0.8,0.007739144,1
13.199999809265135,0.8,0.005319229,0.8,0.6,0.008205585999999999,1
112.0199966430664,0.8,0.005319229,0.8,1.0,0.009106829,1
225.02999877929688,0.6,0.005088039,0.7111111109999999,1.0,0.008708504,1
2002.3800048828125,0.6,0.005088039,0.7111111109999999,1.0,0.01031797,1
1239.1199951171875,0.6,0.005088039,0.7111111109999999,0.6,0.012298896,0
24.729999542236328,0.6,0.005088039,0.7111111109999999,0.6,0.014312981,0
145.92999267578125,0.6,0.005088039,0.7111111109999999,0.6,0.005426901079848408,0
48.38000106811523,0.6,0.005088039,0.7111111109999999,0.6,0.007421474,0
48.2400016784668,0.6,0.005088039,0.7111111109999999,0.8,0.009533891,0
13.029999732971193,0.6,0.005088039,0.7111111109999999,0.4,0.010003146999999999,0
111.9499969482422,0.6,0.005088039,0.7111111109999999,0.8,0.00829775,0
227.6300048828125,0.6,0.004033831,0.7111111109999999,1.0,0.010397475,1
2012.7099609375,0.6,0.004033831,0.7111111109999999,1.0,0.011088033,1
1218.18994140625,0.6,0.004033831,0.7111111109999999,0.4,0.013143463999999999,0
24.649999618530273,0.6,0.004033831,0.7111111109999999,0.6,0.011062286000000001,0
146.47999572753906,0.6,0.004033831,0.7111111109999999,0.6,0.0052589080622005594,1
48.58000183105469,0.6,0.004033831,0.7111111109999999,0.6,0.007022778,1
48.43000030517578,0.6,0.004033831,0.7111111109999999,0.8,0.007426763,1
13.079999923706055,0.6,0.004033831,0.7111111109999999,0.6,0.009840385,1
112.33000183105469,0.6,0.004033831,0.7111111109999999,0.8,0.0074147069999999995,1
228.3600006103516,0.6,0.006145794,0.6,1.0,0.009391936,1
2039.510009765625,0.6,0.006145794,0.6,1.0,0.011411431000000001,1
1197.0,0.6,0.006145794,0.6,0.2,0.013153756,0
24.809999465942386,0.6,0.006145794,0.6,0.6,0.010869773999999999,1
145.67999267578125,0.6,0.006145794,0.6,0.4,0.005461031894384496,0
48.58000183105469,0.6,0.006145794,0.6,0.4,0.006738556999999999,0
47.959999084472656,0.6,0.006145794,0.6,0.6,0.0064722090000000005,0
13.34000015258789,0.6,0.006145794,0.6,0.6,0.009766076,1
111.70999908447266,0.6,0.006145794,0.6,0.6,0.006304586,0
226.8699951171875,0.4,0.01060837,0.533333333,0.8,0.00908178,0
1994.8199462890625,0.4,0.01060837,0.533333333,0.8,0.01526059,0
1186.47998046875,0.4,0.01060837,0.533333333,0.2,0.013193054,0
24.68000030517578,0.4,0.01060837,0.533333333,0.4,0.010602483999999999,0
146.66000366210938,0.4,0.01060837,0.533333333,0.6,0.006670111387226618,1
48.040000915527344,0.4,0.01060837,0.533333333,0.4,0.006164202,0
47.72000122070313,0.4,0.01060837,0.533333333,0.4,0.006562999,0
13.4399995803833,0.4,0.01060837,0.533333333,0.8,0.010807292,1
108.48999786376952,0.4,0.01060837,0.533333333,0.4,0.010865129,0
223.1000061035156,0.4,0.013087895,0.355555556,0.6,0.009419371,0
1958.31005859375,0.4,0.013087895,0.355555556,0.6,0.01216616,0
1171.43994140625,0.4,0.013087895,0.355555556,0.0,0.012779823999999999,0
24.68000030517578,0.4,0.013087895,0.355555556,0.2,0.00578419,0
146.38999938964844,0.4,0.013087895,0.355555556,0.4,0.005742187821108661,0
47.709999084472656,0.4,0.013087895,0.355555556,0.2,0.006510104,0
47.2599983215332,0.4,0.013087895,0.355555556,0.2,0.007749724,0
13.260000228881836,0.4,0.013087895,0.355555556,0.6,0.011496563999999999,0
108.73999786376952,0.4,0.013087895,0.355555556,0.4,0.008133557,1
221.3000030517578,0.6,0.012500298,0.37777777799999995,0.4,0.009194266999999999,0
1952.0699462890625,0.6,0.012500298,0.37777777799999995,0.4,0.012375045,0
1164.8299560546875,0.6,0.012500298,0.37777777799999995,0.0,0.012278626,0
24.709999084472656,0.6,0.012500298,0.37777777799999995,0.4,0.00323622,1
145.4499969482422,0.6,0.012500298,0.37777777799999995,0.4,0.004843971967915245,0
47.81000137329102,0.6,0.012500298,0.37777777799999995,0.4,0.004843003,1
46.45000076293945,0.6,0.012500298,0.37777777799999995,0.2,0.009085259,0
13.43000030517578,0.6,0.012500298,0.37777777799999995,0.8,0.011484909,1
108.20999908447266,0.6,0.012500298,0.37777777799999995,0.4,0.00898338,0
218.3300018310547,0.6,0.011047643999999999,0.288888889,0.2,0.009567599,0
1939.010009765625,0.6,0.011047643999999999,0.288888889,0.2,0.012681338,0
1164.6400146484375,0.6,0.011047643999999999,0.288888889,0.0,0.008933026,0
24.649999618530273,0.6,0.011047643999999999,0.288888889,0.4,0.0030748620000000003,0
145.64999389648438,0.6,0.011047643999999999,0.288888889,0.4,0.004365186089267075,1
48.86000061035156,0.6,0.011047643999999999,0.288888889,0.4,0.008408595999999999,1
46.29999923706055,0.6,0.011047643999999999,0.288888889,0.0,0.008943399,0
13.239999771118164,0.6,0.011047643999999999,0.288888889,0.6,0.01354694,0
109.37999725341795,0.6,0.011047643999999999,0.288888889,0.4,0.010466955,1
223.8500061035156,0.6,0.009094308,0.37777777799999995,0.2,0.01398278,1
1987.1500244140625,0.6,0.009094308,0.37777777799999995,0.2,0.014983679,1
1177.3599853515625,0.6,0.009094308,0.37777777799999995,0.2,0.007638465,1
24.68000030517578,0.6,0.009094308,0.37777777799999995,0.4,0.002020102,1
146.49000549316406,0.6,0.009094308,0.37777777799999995,0.6,0.004426348624477054,1
48.91999816894531,0.6,0.009094308,0.37777777799999995,0.6,0.008654185,1
44.93000030517578,0.6,0.009094308,0.37777777799999995,0.0,0.01292037,0
13.279999732971193,0.6,0.009094308,0.37777777799999995,0.6,0.01017563,1
111.23999786376952,0.6,0.009094308,0.37777777799999995,0.6,0.012764048,1
221.07000732421875,0.6,0.009241510999999999,0.444444444,0.2,0.015161623,0
1990.0,0.6,0.009241510999999999,0.444444444,0.4,0.010888088,1
1162.8199462890625,0.6,0.009241510999999999,0.444444444,0.2,0.008350673000000001,0
24.60000038146973,0.6,0.009241510999999999,0.444444444,0.4,0.0016204420000000001,0
146.57000732421875,0.6,0.009241510999999999,0.444444444,0.6,0.0031901438349846824,1
49.34000015258789,0.6,0.009241510999999999,0.444444444,0.8,0.008148141999999999,1
44.93000030517578,0.6,0.009241510999999999,0.444444444,0.0,0.011919545,0
13.979999542236328,0.6,0.009241510999999999,0.444444444,0.6,0.019218555,1
111.70999908447266,0.6,0.009241510999999999,0.444444444,0.8,0.007844140999999999,1
226.41000366210938,0.8,0.006957382,0.5555555560000001,0.4,0.016669188999999997,1
1989.8699951171875,0.8,0.006957382,0.5555555560000001,0.4,0.007240684,0
1175.3299560546875,0.8,0.006957382,0.5555555560000001,0.4,0.007967104000000001,1
25.01000022888184,0.8,0.006957382,0.5555555560000001,0.6,0.004953774,1
148.9499969482422,0.8,0.006957382,0.5555555560000001,0.8,0.0060695201484755774,1
48.959999084472656,0.8,0.006957382,0.5555555560000001,0.8,0.008314616,0
45.56999969482422,0.8,0.006957382,0.5555555560000001,0.2,0.012840493,1
13.850000381469727,0.8,0.006957382,0.5555555560000001,0.6,0.018399781,0
112.91000366210938,0.8,0.006957382,0.5555555560000001,0.8,0.009531696999999999,1
223.83999633789062,0.6,0.009245723,0.5555555560000001,0.4,0.017325785,0
1970.18994140625,0.6,0.009245723,0.5555555560000001,0.4,0.008581413000000001,0
1172.530029296875,0.6,0.009245723,0.5555555560000001,0.4,0.00731503,0
25.040000915527344,0.6,0.009245723,0.5555555560000001,0.6,0.004950581,1
148.3300018310547,0.6,0.009245723,0.5555555560000001,0.8,0.005617763667104274,0
49.25,0.6,0.009245723,0.5555555560000001,0.8,0.009080051,1
45.540000915527344,0.6,0.009245723,0.5555555560000001,0.2,0.009544318000000001,0
13.5,0.6,0.009245723,0.5555555560000001,0.4,0.020889834,0
113.37000274658205,0.6,0.009245723,0.5555555560000001,1.0,0.009371704,1
217.8800048828125,0.4,0.012257947,0.5111111110000001,0.4,0.019966868999999998,0
1908.030029296875,0.4,0.012257947,0.5111111110000001,0.4,0.013553395,0
1156.050048828125,0.4,0.012257947,0.5111111110000001,0.4,0.010093429000000001,0
25.01000022888184,0.4,0.012257947,0.5111111110000001,0.6,0.004704575,0
147.94000244140625,0.4,0.012257947,0.5111111110000001,0.6,0.005868612947742607,0
49.18000030517578,0.4,0.012257947,0.5111111110000001,0.6,0.004971931,0
45.41999816894531,0.4,0.012257947,0.5111111110000001,0.2,0.009425477,0
13.65999984741211,0.4,0.012257947,0.5111111110000001,0.6,0.020430708,1
112.13999938964844,0.4,0.012257947,0.5111111110000001,0.8,0.009379137,0
218.2400054931641,0.4,0.013663893,0.5111111110000001,0.4,0.015240756999999999,1
1941.050048828125,0.4,0.013663893,0.5111111110000001,0.4,0.012049136,1
1161.219970703125,0.4,0.013663893,0.5111111110000001,0.4,0.00880348,1
25.15999984741211,0.4,0.013663893,0.5111111110000001,0.6,0.005660678000000001,1
148.55999755859375,0.4,0.013663893,0.5111111110000001,0.6,0.005553317948556414,1
49.02999877929688,0.4,0.013663893,0.5111111110000001,0.4,0.005336351,0
46.099998474121094,0.4,0.013663893,0.5111111110000001,0.4,0.006501832,1
13.84000015258789,0.4,0.013663893,0.5111111110000001,0.6,0.022461915,1
113.20999908447266,0.4,0.013663893,0.5111111110000001,0.8,0.007886477,1
218.3699951171875,0.4,0.009152114,0.533333333,0.6,0.012876078000000001,1
1926.4200439453125,0.4,0.009152114,0.533333333,0.2,0.013269728,0
1171.0899658203125,0.4,0.009152114,0.533333333,0.6,0.008033476,1
25.26000022888184,0.4,0.009152114,0.533333333,0.8,0.005807296,1
149.05999755859375,0.4,0.009152114,0.533333333,0.6,0.006117221693494396,1
49.43000030517578,0.4,0.009152114,0.533333333,0.4,0.005250914000000001,1
46.1500015258789,0.4,0.009152114,0.533333333,0.6,0.006718765,1
13.649999618530273,0.4,0.009152114,0.533333333,0.4,0.014665422,0
111.6999969482422,0.4,0.009152114,0.533333333,0.6,0.009709068000000001,0
220.02999877929688,0.2,0.008697718,0.577777778,0.6,0.009565391,1
1944.300048828125,0.2,0.008697718,0.577777778,0.4,0.015112956,1
1186.8699951171875,0.2,0.008697718,0.577777778,0.6,0.008576739,1
25.690000534057607,0.2,0.008697718,0.577777778,0.8,0.005878559,1
151.14999389648438,0.2,0.008697718,0.577777778,0.6,0.005673876044089765,1
50.43000030517578,0.2,0.008697718,0.577777778,0.6,0.007756703,1
47.20000076293945,0.2,0.008697718,0.577777778,0.6,0.008420267,1
13.4399995803833,0.2,0.008697718,0.577777778,0.4,0.015882558,0
113.56999969482422,0.2,0.008697718,0.577777778,0.6,0.010908899,1
217.66000366210938,0.4,0.007817132,0.622222222,0.6,0.009449414,0
1915.010009765625,0.4,0.007817132,0.622222222,0.4,0.016147845,0
1166.0899658203125,0.4,0.007817132,0.622222222,0.6,0.011601941000000001,0
25.82999992370605,0.4,0.007817132,0.622222222,0.8,0.006728563000000001,1
151.35000610351562,0.4,0.007817132,0.622222222,0.8,0.0051060423977363325,1
51.099998474121094,0.4,0.007817132,0.622222222,0.6,0.0092292,1
46.65999984741211,0.4,0.007817132,0.622222222,0.6,0.010576747,0
13.670000076293945,0.4,0.007817132,0.622222222,0.6,0.014251027,1
114.26000213623048,0.4,0.007817132,0.622222222,0.6,0.011309206,1
220.7899932861328,0.4,0.005725905999999999,0.7555555559999999,0.8,0.007000225,1
1934.3599853515625,0.4,0.005725905999999999,0.7555555559999999,0.6,0.011858677,1
1173.3699951171875,0.4,0.005725905999999999,0.7555555559999999,0.8,0.010039552,1
25.8700008392334,0.4,0.005725905999999999,0.7555555559999999,1.0,0.006798665,1
150.02999877929688,0.4,0.005725905999999999,0.7555555559999999,0.8,0.006324499610187153,0
51.2400016784668,0.4,0.005725905999999999,0.7555555559999999,0.8,0.009492895,1
46.90999984741211,0.4,0.005725905999999999,0.7555555559999999,0.8,0.011121306999999999,1
13.420000076293945,0.4,0.005725905999999999,0.7555555559999999,0.4,0.015538304,0
114.66999816894531,0.4,0.005725905999999999,0.7555555559999999,0.8,0.009856969,1
222.19000244140625,0.2,0.008466199,0.688888889,0.8,0.007937949,1
1974.550048828125,0.2,0.008466199,0.688888889,0.6,0.012552899999999999,1
1184.6500244140625,0.2,0.008466199,0.688888889,0.8,0.011067812,1
25.559999465942386,0.2,0.008466199,0.688888889,0.8,0.007995757,0
148.91000366210938,0.2,0.008466199,0.688888889,0.6,0.006979356814928062,0
51.72000122070313,0.2,0.008466199,0.688888889,1.0,0.01075642,1
45.90999984741211,0.2,0.008466199,0.688888889,0.6,0.012390513,0
13.489999771118164,0.2,0.008466199,0.688888889,0.4,0.013946082,1
114.4499969482422,0.2,0.008466199,0.688888889,0.6,0.008332352,0
220.4199981689453,0.2,0.012214413,0.644444444,0.6,0.009412058000000001,0
1974.8499755859373,0.2,0.012214413,0.644444444,0.8,0.011075847,1
1180.489990234375,0.2,0.012214413,0.644444444,0.6,0.010070200000000001,0
25.96999931335449,0.2,0.012214413,0.644444444,0.8,0.010408978000000001,1
151.61000061035156,0.2,0.012214413,0.644444444,0.6,0.009932575401156872,1
51.63000106811523,0.2,0.012214413,0.644444444,0.8,0.009472788000000001,0
45.70000076293945,0.2,0.012214413,0.644444444,0.4,0.013088408999999999,0
13.619999885559082,0.2,0.012214413,0.644444444,0.6,0.013127765,1
113.9800033569336,0.2,0.012214413,0.644444444,0.6,0.006486048,0
224.9499969482422,0.4,0.013181354,0.622222222,0.6,0.012002033,1
2012.97998046875,0.4,0.013181354,0.622222222,0.8,0.013081113,1
1194.6400146484375,0.4,0.013181354,0.622222222,0.6,0.009772583,1
25.6299991607666,0.4,0.013181354,0.622222222,0.6,0.009622791,0
151.5,0.4,0.013181354,0.622222222,0.4,0.007273450331677661,0
51.68999862670898,0.4,0.013181354,0.622222222,0.8,0.005659075,1
45.88000106811523,0.4,0.013181354,0.622222222,0.4,0.009325781,1
14.260000228881836,0.4,0.013181354,0.622222222,0.8,0.01944879,1
114.41000366210938,0.4,0.013181354,0.622222222,0.6,0.0038923070000000002,1
225.7400054931641,0.2,0.013126937,0.6,0.8,0.010550172,1
2003.0,0.2,0.013126937,0.6,0.8,0.011059761999999999,0
1193.469970703125,0.2,0.013126937,0.6,0.6,0.006466813,0
25.770000457763672,0.2,0.013126937,0.6,0.6,0.009625357,1
151.2100067138672,0.2,0.013126937,0.6,0.2,0.00739162581237743,0
51.56000137329102,0.2,0.013126937,0.6,0.6,0.003504922,0
47.290000915527344,0.2,0.013126937,0.6,0.6,0.01318411,1
14.550000190734865,0.2,0.013126937,0.6,0.8,0.020093483999999998,1
114.37000274658205,0.2,0.013126937,0.6,0.4,0.002747119,0
227.25999450683602,0.4,0.01476939,0.6,0.8,0.009020808,1
2004.3599853515625,0.4,0.01476939,0.6,0.8,0.009174683000000001,1
1195.31005859375,0.4,0.01476939,0.6,0.6,0.00552655,1
25.60000038146973,0.4,0.01476939,0.6,0.4,0.010634997,0
153.0,0.4,0.01476939,0.6,0.4,0.008014874213007572,1
51.79999923706055,0.4,0.01476939,0.6,0.6,0.00388791,1
46.45000076293945,0.4,0.01476939,0.6,0.4,0.015665077,0
14.579999923706055,0.4,0.01476939,0.6,1.0,0.016848207,1
115.61000061035156,0.4,0.01476939,0.6,0.4,0.004197862,1
229.27999877929688,0.4,0.012629728,0.622222222,0.8,0.00953033,1
1971.31005859375,0.4,0.012629728,0.622222222,0.6,0.008317100000000001,0
1200.1099853515625,0.4,0.012629728,0.622222222,0.6,0.004407005,1
26.07999992370605,0.4,0.012629728,0.622222222,0.6,0.011988384,1
153.75,0.4,0.012629728,0.622222222,0.6,0.007502238140449238,1
50.22999954223633,0.4,0.012629728,0.622222222,0.4,0.008076151,0
48.099998474121094,0.4,0.012629728,0.622222222,0.6,0.018505997,1
14.65999984741211,0.4,0.012629728,0.622222222,1.0,0.016902385,1
115.1500015258789,0.4,0.012629728,0.622222222,0.4,0.004609927,0
232.07000732421875,0.4,0.008987555,0.644444444,1.0,0.010370808,1
1952.760009765625,0.4,0.008987555,0.644444444,0.4,0.010168723000000001,0
1202.949951171875,0.4,0.008987555,0.644444444,0.8,0.004177966,1
26.059999465942386,0.4,0.008987555,0.644444444,0.4,0.008933625,0
153.22000122070312,0.4,0.008987555,0.644444444,0.4,0.004565320147352941,0
49.75,0.4,0.008987555,0.644444444,0.4,0.009639329,0
48.7599983215332,0.4,0.008987555,0.644444444,0.8,0.02033545,1
15.140000343322756,0.4,0.008987555,0.644444444,1.0,0.021523467999999997,1
115.16999816894531,0.4,0.008987555,0.644444444,0.6,0.00382335,1
227.9900054931641,0.4,0.007917098000000001,0.5111111110000001,0.8,0.009776656,0
1909.4200439453125,0.4,0.007917098000000001,0.5111111110000001,0.2,0.010746005,0
1168.18994140625,0.4,0.007917098000000001,0.5111111110000001,0.6,0.007559781,0
26.420000076293945,0.4,0.007917098000000001,0.5111111110000001,0.6,0.009078078,1
151.30999755859375,0.4,0.007917098000000001,0.5111111110000001,0.4,0.006913362050179497,0
49.47000122070313,0.4,0.007917098000000001,0.5111111110000001,0.2,0.010532538999999999,0
48.13000106811523,0.4,0.007917098000000001,0.5111111110000001,0.6,0.022131777000000002,0
14.800000190734865,0.4,0.007917098000000001,0.5111111110000001,0.8,0.016616934,0
112.79000091552734,0.4,0.007917098000000001,0.5111111110000001,0.4,0.007201847,0
224.2899932861328,0.4,0.007112416,0.42222222200000004,0.6,0.012320038,0
1889.6500244140625,0.4,0.007112416,0.42222222200000004,0.2,0.01182523,0
1157.3499755859375,0.4,0.007112416,0.42222222200000004,0.6,0.009219755,0
25.34000015258789,0.4,0.007112416,0.42222222200000004,0.4,0.016161222,0
149.02999877929688,0.4,0.007112416,0.42222222200000004,0.4,0.009544211588084118,0
49.349998474121094,0.4,0.007112416,0.42222222200000004,0.2,0.010514704,0
47.02999877929688,0.4,0.007112416,0.42222222200000004,0.4,0.020556271,0
12.869999885559082,0.4,0.007112416,0.42222222200000004,0.6,0.038630698,0
112.12999725341795,0.4,0.007112416,0.42222222200000004,0.4,0.008302245,0
223.7700042724609,0.2,0.00539182,0.288888889,0.4,0.011437041,0
1864.4200439453125,0.2,0.00539182,0.288888889,0.0,0.014359769,0
1148.969970703125,0.2,0.00539182,0.288888889,0.4,0.010359533,0
25.01000022888184,0.2,0.00539182,0.288888889,0.4,0.017446435,0
148.38999938964844,0.2,0.00539182,0.288888889,0.2,0.008035538951131602,0
49.36000061035156,0.2,0.00539182,0.288888889,0.2,0.009624294,1
47.02999877929688,0.2,0.00539182,0.288888889,0.4,0.017003723000000002,0
12.649999618530273,0.2,0.00539182,0.288888889,0.4,0.041637138,0
110.8499984741211,0.2,0.00539182,0.288888889,0.2,0.00841691,0
226.8699951171875,0.2,0.003768132,0.222222222,0.4,0.012430031000000001,1
1870.3199462890625,0.2,0.003768132,0.222222222,0.2,0.01169486,1
1138.8199462890625,0.2,0.003768132,0.222222222,0.2,0.01132321,0
24.96999931335449,0.2,0.003768132,0.222222222,0.2,0.014016318,0
147.24000549316406,0.2,0.003768132,0.222222222,0.0,0.00860510824883383,0
48.86999893188477,0.2,0.003768132,0.222222222,0.2,0.005547939,0
46.54999923706055,0.2,0.003768132,0.222222222,0.2,0.011940568,0
12.369999885559082,0.2,0.003768132,0.222222222,0.2,0.044966619000000006,0
112.26000213623048,0.2,0.003768132,0.222222222,0.4,0.010165118,1
216.3600006103516,0.2,0.00926899,0.111111111,0.2,0.019261531999999998,0
1755.25,0.2,0.00926899,0.111111111,0.2,0.022117698999999998,0
1081.219970703125,0.2,0.00926899,0.111111111,0.0,0.020965656000000003,0
24.26000022888184,0.2,0.00926899,0.111111111,0.2,0.019549757,0
142.69000244140625,0.2,0.00926899,0.111111111,0.0,0.014096068621877657,0
47.4000015258789,0.2,0.00926899,0.111111111,0.2,0.009652683,0
44.79999923706055,0.2,0.00926899,0.111111111,0.0,0.016715083000000002,0
12.050000190734865,0.2,0.00926899,0.111111111,0.0,0.043591984,0
106.16000366210938,0.2,0.00926899,0.111111111,0.2,0.020998012000000003,0
214.4499969482422,0.0,0.014766351,0.088888889,0.2,0.017510928999999998,0
1719.3599853515625,0.0,0.014766351,0.088888889,0.2,0.021768304,0
1079.3199462890623,0.0,0.014766351,0.088888889,0.0,0.015537987,0
23.01000022888184,0.0,0.014766351,0.088888889,0.0,0.027091926000000002,0
139.02000427246094,0.0,0.014766351,0.088888889,0.0,0.016746932599964636,0
46.77999877929688,0.0,0.014766351,0.088888889,0.2,0.011143105,0
44.22999954223633,0.0,0.014766351,0.088888889,0.0,0.01667565,0
11.899999618530273,0.0,0.014766351,0.088888889,0.0,0.041590205,0
105.91000366210938,0.0,0.014766351,0.088888889,0.2,0.017335983,0
222.1100006103516,0.2,0.01499634,0.288888889,0.4,0.021409022000000003,1
1788.6099853515625,0.2,0.01499634,0.288888889,0.4,0.027752838999999998,1
1110.0799560546877,0.2,0.01499634,0.288888889,0.2,0.019382016999999998,1
23.670000076293945,0.2,0.01499634,0.288888889,0.2,0.024652937000000003,1
140.85000610351562,0.2,0.01499634,0.288888889,0.2,0.016365970912051008,1
47.38000106811523,0.2,0.01499634,0.288888889,0.4,0.01322316,1
44.88000106811523,0.2,0.01499634,0.288888889,0.2,0.015043876000000001,1
12.039999961853027,0.2,0.01499634,0.288888889,0.2,0.017862067,1
109.56999969482422,0.2,0.01499634,0.288888889,0.4,0.023077181000000002,1
217.3600006103516,0.2,0.013641696000000002,0.311111111,0.4,0.025222506000000002,0
1760.949951171875,0.2,0.013641696000000002,0.311111111,0.4,0.028175414,0
1092.25,0.2,0.013641696000000002,0.311111111,0.2,0.021146254,0
23.559999465942386,0.2,0.013641696000000002,0.311111111,0.2,0.022977812,0
141.1300048828125,0.2,0.013641696000000002,0.311111111,0.4,0.015904668585714363,1
47.11999893188477,0.2,0.013641696000000002,0.311111111,0.2,0.014280143,0
44.52999877929688,0.2,0.013641696000000002,0.311111111,0.2,0.016603599999999996,0
12.479999542236328,0.2,0.013641696000000002,0.311111111,0.4,0.021752222,1
107.5999984741211,0.2,0.013641696000000002,0.311111111,0.4,0.024389996,0
222.1499938964844,0.4,0.017287322,0.444444444,0.4,0.026859241000000002,1
1819.9599609375,0.4,0.017287322,0.444444444,0.4,0.034244585,1
1121.280029296875,0.4,0.017287322,0.444444444,0.4,0.024695087999999997,1
23.959999084472656,0.4,0.017287322,0.444444444,0.4,0.026053515,1
145.1199951171875,0.4,0.017287322,0.444444444,0.6,0.020009054323566897,1
48.22999954223633,0.4,0.017287322,0.444444444,0.4,0.017006101000000003,1
45.93999862670898,0.4,0.017287322,0.444444444,0.4,0.020895161000000002,1
12.84000015258789,0.4,0.017287322,0.444444444,0.6,0.02309459,1
111.0,0.4,0.017287322,0.444444444,0.4,0.028165716,1
221.19000244140625,0.4,0.014587483,0.488888889,0.4,0.018458301,0
1831.72998046875,0.4,0.014587483,0.488888889,0.6,0.023233182,1
1115.68994140625,0.4,0.014587483,0.488888889,0.4,0.015576449,0
23.8700008392334,0.4,0.014587483,0.488888889,0.4,0.021117935,0
134.05000305175778,0.4,0.014587483,0.488888889,0.6,0.029084993803297432,0
47.86000061035156,0.4,0.014587483,0.488888889,0.4,0.012524461,0
45.88999938964844,0.4,0.014587483,0.488888889,0.4,0.013594036,0
12.899999618530273,0.4,0.014587483,0.488888889,0.8,0.018855358,1
110.70999908447266,0.4,0.014587483,0.488888889,0.4,0.017820615,0
216.0200042724609,0.4,0.010588783999999999,0.5111111110000001,0.4,0.021367433999999998,0
1770.719970703125,0.4,0.010588783999999999,0.5111111110000001,0.6,0.025805197000000002,0
1087.969970703125,0.4,0.010588783999999999,0.5111111110000001,0.4,0.020194106,0
23.770000457763672,0.4,0.010588783999999999,0.5111111110000001,0.4,0.011650782,0
130.55000305175778,0.4,0.010588783999999999,0.5111111110000001,0.6,0.02916290995214422,0
47.38000106811523,0.4,0.010588783999999999,0.5111111110000001,0.4,0.011914263999999999,0
44.97000122070313,0.4,0.010588783999999999,0.5111111110000001,0.4,0.015058974,0
13.199999809265135,0.4,0.010588783999999999,0.5111111110000001,1.0,0.021016887999999997,1
108.5,0.4,0.010588783999999999,0.5111111110000001,0.4,0.021342039,0
219.30999755859366,0.4,0.011560687,0.42222222200000004,0.4,0.017269582,1
1764.030029296875,0.4,0.011560687,0.42222222200000004,0.4,0.018505493,0
1096.4599609375,0.4,0.011560687,0.42222222200000004,0.4,0.016054922,1
23.84000015258789,0.4,0.011560687,0.42222222200000004,0.4,0.006503121999999999,1
129.10000610351562,0.4,0.011560687,0.42222222200000004,0.4,0.028751559076532,0
47.59000015258789,0.4,0.011560687,0.42222222200000004,0.4,0.010235501,1
44.0,0.4,0.011560687,0.42222222200000004,0.2,0.016433778,0
13.029999732971193,0.4,0.011560687,0.42222222200000004,0.8,0.0212397,0
108.66000366210938,0.4,0.011560687,0.42222222200000004,0.4,0.014725455,1
220.6499938964844,0.6,0.012254243,0.5555555560000001,0.6,0.014214433,1
1789.300048828125,0.6,0.012254243,0.5555555560000001,0.6,0.018277617,1
1101.1600341796877,0.6,0.012254243,0.5555555560000001,0.6,0.013699867,1
24.11000061035156,0.6,0.012254243,0.5555555560000001,0.6,0.007838775,1
130.02000427246094,0.6,0.012254243,0.5555555560000001,0.4,0.02977922358141882,1
47.93999862670898,0.6,0.012254243,0.5555555560000001,0.6,0.010608873999999999,1
45.0099983215332,0.6,0.012254243,0.5555555560000001,0.4,0.019464955,1
12.93000030517578,0.6,0.012254243,0.5555555560000001,0.6,0.015465646999999999,0
109.62999725341795,0.6,0.012254243,0.5555555560000001,0.6,0.012914952,1
222.72999572753903,0.6,0.009034898000000001,0.444444444,0.6,0.011692345,1
1768.699951171875,0.6,0.009034898000000001,0.444444444,0.4,0.013878139,0
1103.68994140625,0.6,0.009034898000000001,0.444444444,0.6,0.008843727,1
23.940000534057607,0.6,0.009034898000000001,0.444444444,0.4,0.005853395999999999,0
131.21000671386722,0.6,0.009034898000000001,0.444444444,0.4,0.025955367701572862,1
47.9900016784668,0.6,0.009034898000000001,0.444444444,0.6,0.006106103000000001,1
44.5,0.6,0.009034898000000001,0.444444444,0.2,0.015398301999999999,0
12.34000015258789,0.6,0.009034898000000001,0.444444444,0.4,0.018822472,0
108.0999984741211,0.6,0.009034898000000001,0.444444444,0.4,0.009386451,0
215.08999633789062,0.6,0.006253375,0.42222222200000004,0.6,0.017688396000000002,0
1664.199951171875,0.6,0.006253375,0.42222222200000004,0.2,0.02440129,0
1050.7099609375,0.6,0.006253375,0.42222222200000004,0.6,0.017447156000000002,0
23.059999465942386,0.6,0.006253375,0.42222222200000004,0.4,0.01245388,0
127.20999908447266,0.6,0.006253375,0.42222222200000004,0.4,0.016796146117609392,0
46.7599983215332,0.6,0.006253375,0.42222222200000004,0.6,0.009697874,0
42.41999816894531,0.6,0.006253375,0.42222222200000004,0.2,0.024528953,0
12.550000190734865,0.6,0.006253375,0.42222222200000004,0.4,0.021291467,1
102.31999969482422,0.6,0.006253375,0.42222222200000004,0.4,0.019557727,0
219.8000030517578,0.8,0.00974547,0.577777778,0.8,0.017393251999999998,1
1782.1700439453125,0.8,0.00974547,0.577777778,0.4,0.031917221,1
1095.5699462890623,0.8,0.00974547,0.577777778,0.8,0.021017024,1
23.790000915527344,0.8,0.00974547,0.577777778,0.6,0.017947327,1
126.4499969482422,0.8,0.00974547,0.577777778,0.4,0.012769092105572227,0
47.959999084472656,0.8,0.00974547,0.577777778,0.8,0.012824621000000001,1
44.310001373291016,0.8,0.00974547,0.577777778,0.4,0.029430279,1
12.600000381469727,0.8,0.00974547,0.577777778,0.4,0.017437117,1
108.3000030517578,0.8,0.00974547,0.577777778,0.6,0.027254142000000002,1
216.3000030517578,0.6,0.008035911,0.488888889,0.6,0.017531957,0
1642.81005859375,0.6,0.008035911,0.488888889,0.4,0.046800962,0
1071.469970703125,0.6,0.008035911,0.488888889,0.6,0.023855853,0
23.1299991607666,0.6,0.008035911,0.488888889,0.4,0.022906916,0
124.79000091552734,0.6,0.008035911,0.488888889,0.4,0.013173263192212662,0
47.31999969482422,0.6,0.008035911,0.488888889,0.6,0.014607063,0
45.68999862670898,0.6,0.008035911,0.488888889,0.6,0.031345116,1
12.550000190734865,0.6,0.008035911,0.488888889,0.4,0.015655012,0
106.95999908447266,0.6,0.008035911,0.488888889,0.4,0.029433819,0
212.2400054931641,0.6,0.008682481,0.311111111,0.4,0.020063988999999997,0
1538.8800048828125,0.6,0.008682481,0.311111111,0.2,0.056588646,0
1020.0800170898438,0.6,0.008682481,0.311111111,0.4,0.032590956000000004,0
23.020000457763672,0.6,0.008682481,0.311111111,0.2,0.021592946000000002,0
119.63999938964844,0.6,0.008682481,0.311111111,0.2,0.020001883234077908,0
47.02000045776367,0.6,0.008682481,0.311111111,0.4,0.014404132,0
45.4000015258789,0.6,0.008682481,0.311111111,0.4,0.028023627000000002,0
12.350000381469727,0.6,0.008682481,0.311111111,0.4,0.017307349,0
103.8499984741211,0.6,0.008682481,0.311111111,0.2,0.033463705,0
213.3000030517578,0.6,0.011265133,0.355555556,0.4,0.019177515,1
1530.4200439453125,0.6,0.011265133,0.355555556,0.2,0.055385555,0
1036.2099609375,0.6,0.011265133,0.355555556,0.4,0.035293943,1
23.670000076293945,0.6,0.011265133,0.355555556,0.4,0.025830002,1
115.4000015258789,0.6,0.011265133,0.355555556,0.0,0.025259318844609285,0
48.56999969482422,0.6,0.011265133,0.355555556,0.4,0.020788461,1
47.7599983215332,0.6,0.011265133,0.355555556,0.6,0.036153932,1
12.609999656677244,0.6,0.011265133,0.355555556,0.6,0.012391798,1
103.7300033569336,0.6,0.011265133,0.355555556,0.2,0.030903592999999997,0
218.8600006103516,0.8,0.012923766000000001,0.5111111110000001,0.6,0.017530504,1
1598.010009765625,0.8,0.012923766000000001,0.5111111110000001,0.4,0.052401830999999996,1
1076.77001953125,0.8,0.012923766000000001,0.5111111110000001,0.6,0.033521965,1
24.13999938964844,0.8,0.012923766000000001,0.5111111110000001,0.6,0.022449547,1
115.43000030517578,0.8,0.012923766000000001,0.5111111110000001,0.2,0.01921420222069615,1
48.84000015258789,0.8,0.012923766000000001,0.5111111110000001,0.6,0.016774178,1
46.88000106811523,0.8,0.012923766000000001,0.5111111110000001,0.6,0.03049069,0
12.6899995803833,0.8,0.012923766000000001,0.5111111110000001,0.6,0.010257065,1
106.80999755859376,0.8,0.012923766000000001,0.5111111110000001,0.4,0.026148276,1
222.22000122070312,0.8,0.008438661,0.46666666700000003,0.6,0.016221392,1
1665.530029296875,0.8,0.008438661,0.46666666700000003,0.4,0.046674949,1
1070.0,0.8,0.008438661,0.46666666700000003,0.4,0.026240447000000004,0
24.489999771118164,0.8,0.008438661,0.46666666700000003,0.6,0.019017978999999997,1
116.83000183105469,0.8,0.008438661,0.46666666700000003,0.4,0.020445039427198542,1
48.59000015258789,0.8,0.008438661,0.46666666700000003,0.4,0.012665333999999999,0
48.22000122070313,0.8,0.008438661,0.46666666700000003,0.6,0.027296507999999997,1
12.970000267028807,0.8,0.008438661,0.46666666700000003,0.6,0.013873183999999998,1
105.91999816894531,0.8,0.008438661,0.46666666700000003,0.2,0.01612596,0
207.47999572753903,0.8,0.008247264,0.533333333,0.6,0.026302816,0
1665.530029296875,0.8,0.008247264,0.533333333,0.4,0.03103559,0
1057.7900390625,0.8,0.008247264,0.533333333,0.4,0.024123151000000002,0
24.6299991607666,0.8,0.008247264,0.533333333,0.8,0.014612733999999999,1
115.66999816894531,0.8,0.008247264,0.533333333,0.4,0.019805299504266342,0
48.83000183105469,0.8,0.008247264,0.533333333,0.6,0.01098431,1
47.11000061035156,0.8,0.008247264,0.533333333,0.4,0.025671579,0
13.520000457763672,0.8,0.008247264,0.533333333,0.8,0.021560642999999997,1
106.16000366210938,0.8,0.008247264,0.533333333,0.4,0.014104527,1
201.58999633789062,0.8,0.010928141,0.666666667,0.6,0.028226427999999998,0
1627.800048828125,0.8,0.010928141,0.666666667,0.4,0.022913561000000002,0
1040.0899658203123,0.8,0.010928141,0.666666667,0.4,0.017877344,0
24.63999938964844,0.8,0.010928141,0.666666667,1.0,0.013742803,1
120.05999755859376,0.8,0.010928141,0.666666667,0.6,0.0191419890382943,1
49.02000045776367,0.8,0.010928141,0.666666667,0.8,0.010494555,1
47.97000122070313,0.8,0.010928141,0.666666667,0.6,0.028053198999999997,1
13.699999809265135,0.8,0.010928141,0.666666667,1.0,0.021036107000000002,1
107.51000213623048,0.8,0.010928141,0.666666667,0.6,0.010832596000000002,1
203.7700042724609,0.8,0.008680713,0.7111111109999999,0.6,0.029390375,1
1642.81005859375,0.8,0.008680713,0.7111111109999999,0.6,0.023658272999999997,1
1055.81005859375,0.8,0.008680713,0.7111111109999999,0.4,0.017737691,1
24.8799991607666,0.8,0.008680713,0.7111111109999999,1.0,0.010043593,1
123.12000274658205,0.8,0.008680713,0.7111111109999999,0.8,0.017151522135536428,1
49.25,0.8,0.008680713,0.7111111109999999,0.8,0.00484001,1
47.25,0.8,0.008680713,0.7111111109999999,0.4,0.020658619,0
13.9399995803833,0.8,0.008680713,0.7111111109999999,1.0,0.020329239,1
107.72000122070312,0.8,0.008680713,0.7111111109999999,0.8,0.010992162,1
209.9499969482422,0.8,0.009196835,0.7333333329999999,0.6,0.030242718,1
1755.489990234375,0.8,0.009196835,0.7333333329999999,0.6,0.028543357999999998,1
1093.3900146484377,0.8,0.009196835,0.7333333329999999,0.4,0.017027847,1
25.46999931335449,0.8,0.009196835,0.7333333329999999,1.0,0.010815093999999999,1
124.83999633789062,0.8,0.009196835,0.7333333329999999,0.8,0.01989354280369476,1
50.2599983215332,0.8,0.009196835,0.7333333329999999,0.8,0.007829727,1
48.72000122070313,0.8,0.009196835,0.7333333329999999,0.6,0.023195766,1
14.260000228881836,0.8,0.009196835,0.7333333329999999,1.0,0.02365152,1
111.95999908447266,0.8,0.009196835,0.7333333329999999,0.8,0.012925937,1
208.4900054931641,0.8,0.00980602,0.688888889,0.4,0.028563061,0
1754.9100341796875,0.8,0.00980602,0.688888889,0.4,0.020158918999999997,0
1082.4000244140623,0.8,0.00980602,0.688888889,0.4,0.017780638999999997,0
25.5,0.8,0.00980602,0.688888889,1.0,0.008150916,1
123.37999725341795,0.8,0.00980602,0.688888889,0.6,0.01980682012732806,0
50.43000030517578,0.8,0.00980602,0.688888889,1.0,0.007482466,1
48.9900016784668,0.8,0.00980602,0.688888889,0.6,0.018587418,1
14.350000381469727,0.8,0.00980602,0.688888889,1.0,0.02050086,1
111.75,0.8,0.00980602,0.688888889,0.8,0.01163456,0
